637566989 96.1601 0.233077 6797 2.58771
637632525 99.1423 0.133381 4780 2.79182
637566993 97.1844 0.209221 6251 1.79294
637632529 96.5346 0.243827 5627 2.21004
637566997 94.4099 1.28023 322 1.95636
637632533 90.4098 0.349431 7101 1.79047
637567001 82.5666 0.556254 4652 1.34326
637632537 81.3305 0.596389 4269 1.43124
637567005 95.8073 0.244381 6726 2.52606
637632541 99.1167 0.134109 4868 2.80885
637567117 95.2985 0.305297 4807 2.29907
637632653 99.1963 0.156986 3235 2.49933
637567121 94.8425 0.28034 6224 2.52639
637632657 98.2468 0.172911 5761 2.63162
637567125 87.5907 0.41399 6342 1.47678
637632661 96.4368 0.216176 7353 2.19562
637567129 95.8553 0.252143 6249 1.87926
637632665 95.9547 0.257942 5834 2.19674
637567133 95.9751 0.23649 6907 2.67945
637632669 98.4923 0.173945 4908 2.84328
637567245 95.6453 0.245477 6912 2.19955
637632781 98.7907 0.156478 4879 2.77693
637567249 92.6718 0.375478 4817 1.7923
637632785 98.0322 0.207694 4472 2.13751
637567253 97.8185 0.198625 5409 2.18425
637632789 97.7279 0.179832 6866 2.32519
637567257 94.1186 0.296633 6291 1.81584
637632793 97.083 0.225118 5588 2.17765
637567261 95.0159 0.26194 6902 2.39484
637632797 98.2665 0.182155 5134 2.80832
637567373 96.0454 0.23203 7055 2.51467
637632909 99.1313 0.131897 4950 2.81833
637567377 97.5673 0.190563 6536 2.23813
637632913 97.1102 0.220363 5779 2.37385
637567381 97.3902 0.216134 5441 1.93334
637632917 97.0571 0.202988 6932 1.97365
637567385 96.1483 0.42226 2077 2.07109
637632921 98.0304 0.203313 4671 2.18061
637567389 95.2346 0.256386 6904 2.56531
637632925 99.3839 0.110306 5032 3.02157
637567501 94.5965 0.27139 6940 2.18553
637633037 99.158 0.129379 4988 2.7768
637567505 97.3786 0.216324 5455 2.09533
637633041 95.3488 3.21147 43 2.22727
637567509 97.3491 0.200599 6413 1.93885
637633045 97.3899 0.187365 7241 2.18306
637567513 94.3972 0.288508 6354 1.66007
637633049 95.438 0.274814 5765 1.94655
637567517 95.8044 0.243684 6769 2.58505
637633053 98.2054 0.190662 4848 2.85566
637567629 96.1171 0.234292 6799 2.43673
637633165 99.1288 0.13384 4821 2.69323
637567633 96.7255 0.22438 6291 2.08733
637633169 97.8564 0.191199 5738 2.31223
637567637 97.0105 0.211946 6456 2.15373
637633173 96.4798 0.219565 7045 2.24929
637567641 96.216 0.240094 6316 1.94782
637633177 96.9522 0.227506 5709 2.3299
637567645 94.4816 0.278482 6723 1.85424
637633181 96.0098 0.279984 4887 2.03375
637567757 95.5255 0.253334 6660 2.24555
637633293 99.1277 0.135641 4700 2.64825
637567761 97.8665 0.183706 6187 2.13838
637633297 98.5192 0.159426 5740 2.42873
637567765 97.7774 0.182511 6524 1.93037
637633301 96.5183 0.218981 7008 1.98757
637567769 98.1623 0.17128 6149 2.2951
637633305 98.5098 0.161373 5637 2.70844
637567773 95.4266 0.255814 6669 2.42705
637633309 98.7292 0.161676 4800 2.87782
637567885 91.6385 0.335558 6805 1.7181
637633421 94.5269 0.331282 4714 1.84275
637567889 93.0251 0.321074 6294 2.11739
637633425 98.3336 0.169536 5701 2.38771
637567893 97.4957 0.194878 6429 2.15682
637633429 97.6517 0.179038 7154 2.43785
637567897 95.9158 0.249026 6317 2.19545
637633433 90.1337 0.395474 5686 1.6843
637567901 95.0484 0.26066 6927 2.31141
637633437 98.5777 0.171248 4781 2.77693
637568013 95.5046 0.249514 6896 2.28018
637633549 99.0285 0.142541 4735 2.77144
637568017 97.2831 0.204923 6294 2.09787
637633553 96.7599 0.235602 5648 2.22209
637568021 98.0648 0.172793 6356 2.21962
637633557 96.8692 0.207275 7059 2.12478
637568025 97.3769 0.203366 6176 2.39505
637633561 98.1289 0.178355 5772 2.58563
637568029 86.5834 0.415678 6723 1.87883
637633565 97.7282 0.215111 4798 2.59604
637568141 96.1641 0.233288 6778 2.17514
637633677 97.2475 0.238064 4723 2.50336
637568145 95.9562 0.25003 6207 2.1093
637633681 97.7026 0.198409 5702 2.27771
637568149 97.3584 0.20671 6019 2.00078
637633685 96.0254 0.23747 6768 1.96042
637568153 97.9083 0.181527 6215 2.54409
637633689 98.4753 0.164107 5575 2.65708
637568157 95.5336 0.306402 4545 2.37823
637633693 98.808 0.194794 3104 2.84394
637568269 86.346 0.412077 6943 2.38144
637633805 99.0775 0.133934 5095 2.88118
637568273 97.3217 0.203244 6310 2.36385
637633809 98.4246 0.164744 5713 2.58744
637568277 96.9941 0.214765 6321 2.22358
637633813 95.4091 0.248361 7101 2.20346
637568281 96.8581 0.217028 6461 2.20801
637633817 97.9159 0.188255 5758 2.4347
637568285 93.3097 0.303641 6771 2.2308
637633821 98.0553 0.197575 4885 2.66921
637568397 95.464 0.253358 6746 2.20901
637633933 98.5331 0.172812 4840 2.62538
637568401 96.7421 0.223264 6323 2.08942
637633937 98.2858 0.171668 5717 2.56582
637568405 96.8282 0.220148 6337 1.90697
637633941 95.8976 0.235909 7069 1.86733
637568409 84.4623 0.455218 6333 1.9701
637633945 97.7596 0.197342 5624 2.39735
637568413 88.5023 0.389801 6697 1.889
637633949 96.2536 0.27245 4858 2.12966
637569037 97.0152 0.222238 5863 2.3971
637634573 99.0643 0.117333 6733 2.62972
637569041 96.6954 0.236999 5689 1.87072
637634577 97.5061 0.206653 5694 1.9496
637569045 99.4152 0.412301 342 2.15818
637634581 97.5183 0.196214 6286 1.96337
637569049 88.1465 0.500201 4176 1.92559
637634585 97.686 0.231034 4235 1.90398
637569053 94.338 0.299568 5952 1.88096
637634589 94.3052 0.282215 6743 1.84347
637569165 96.7355 0.264819 4503 2.23875
637634701 98.1747 0.191704 4876 2.42674
637569169 97.9957 0.186645 5638 2.35431
637634705 92.9492 0.333286 5900 2.07203
637569173 96.8924 0.228638 5760 1.80177
637634709 97.2239 0.201251 6664 1.98091
637569177 72.6829 0.588135 5740 1.4078
637634713 86.9348 0.434511 6016 1.54722
637569181 96.9211 0.221071 6106 2.1475
637634717 98.3271 0.156745 6695 2.3746
637569293 97.0954 0.222145 5715 2.29747
637634829 98.6303 0.141816 6717 2.67376
637569297 96.3301 0.283874 4387 1.86824
637634833 97.4514 0.227777 4787 2.09012
637569301 98.2146 0.185479 5097 1.9047
637634837 97.7559 0.188195 6194 1.99986
637569305 96.3034 0.249734 5708 1.92717
637634841 98.0997 0.180276 5736 2.22687
637569309 96.9904 0.220313 6014 2.6781
637634845 98.8448 0.127608 7012 2.86067
637569421 96.4895 0.237959 5982 2.47335
637634957 97.2745 0.196577 6861 2.2535
637569425 0 0 5920 0
637634961 83.8604 0.483613 5787 1.3871
637569429 96.1096 0.272429 5038 1.71041
637634965 96.6468 0.228572 6203 1.82622
637569433 95.663 0.717022 807 1.59315
637634969 96.7423 0.254915 4850 1.7962
637569437 97.0019 0.221326 5937 2.36817
637634973 98.4196 0.150174 6897 2.5287
637569549 96.8697 0.225901 5942 2.23997
637635085 98.0781 0.1663 6816 2.33518
637569553 98.1906 0.174975 5803 2.24735
637635089 97.619 2.35244 42 2.36735
637569557 96.9355 0.228729 5678 1.9945
637635093 96.7378 0.220887 6468 1.94817
637569561 94.726 0.292959 5821 1.71703
637635097 72.4645 0.584174 5847 1.49852
637569565 96.7621 0.231068 5868 2.59282
637635101 98.6101 0.142359 6763 2.9326
637569677 97.3555 0.208912 5899 2.21041
637635213 96.3096 0.230442 6693 2.31682
637569681 96.0312 0.257009 5770 1.86206
637635217 97.8043 0.192687 5784 2.0891
637569685 95.9311 0.260522 5751 1.84835
637635221 96.3204 0.237093 6305 1.83757
637569689 92.6744 0.344934 5706 1.86703
637635225 97.1434 0.21919 5776 2.03236
637569693 96.2453 0.24778 5886 2.11337
637635229 98.5429 0.146866 6657 2.32466
637569805 96.7025 0.23341 5853 1.97097
637635341 98.226 0.161173 6708 2.44674
637569809 98.1518 0.181296 5519 2.19376
637635345 98.778 0.143131 5892 2.16644
637569813 97.2546 0.21404 5828 1.81795
637635349 95.4316 0.262522 6326 1.78927
637569817 97.994 0.18681 5633 2.21943
637635353 98.0021 0.184436 5756 2.20259
637569821 96.4821 0.239021 5941 2.42658
637635357 98.7137 0.138621 6608 2.47821
637569933 96.8714 0.222807 6105 2.40792
637635469 98.5815 0.14605 6556 2.63376
637569937 86.7062 0.448432 5732 1.40681
637635473 88.1442 0.426536 5744 1.50202
637569941 98.7612 0.145089 5812 2.14361
637635477 98.2971 0.162464 6342 2.24108
637569945 94.8664 0.29161 5727 1.85443
637635481 97.9634 0.185564 5794 1.93987
637569949 96.5417 0.231737 6217 2.17995
637635485 98.4726 0.150076 6678 2.44863
637570061 96.2491 0.24923 5812 2.24387
637635597 98.4221 0.153501 6591 2.52995
637570065 97.9059 0.188373 5778 2.08126
637635601 97.897 0.189952 5706 2.31415
637570069 97.6492 0.202196 5615 1.89108
637635605 92.0266 0.340711 6321 2.13616
637570073 96.6631 0.239913 5604 1.66829
637635609 98.4914 0.160512 5767 2.11948
637570077 96.314 0.246135 5860 1.94409
637635613 98.7666 0.137048 6486 2.54398
637570189 91.7358 0.354695 6026 1.76312
637635725 98.5672 0.149123 6351 2.2734
637570193 95.7762 0.268511 5611 1.73416
637635729 97.876 0.189469 5791 2.1445
637570197 97.3572 0.218832 5373 1.81315
637635733 96.4741 0.237294 6041 1.80253
637570201 91.0023 0.383858 5557 1.55087
637635737 91.7009 0.360867 5844 1.59017
637570205 97.1029 0.269751 3866 2.26959
637635741 98.5241 0.187573 4133 2.43055
637570317 94.3698 0.300626 5879 2.23764
637635853 98.621 0.140504 6889 2.41197
637570321 97.3401 0.213558 5677 2.01946
637635857 97.9303 0.18697 5798 2.16805
637570325 96.8187 0.233321 5658 1.80056
637635861 94.1769 0.293782 6354 1.91302
637570329 81.1863 0.509498 5884 1.44052
637635865 91.7155 0.361757 5806 1.67997
637570333 96.4172 0.240487 5973 1.97006
637635869 95.7593 0.246246 6697 1.89838
637570445 96.2175 0.251867 5737 1.88693
637635981 96.7146 0.220354 6544 2.05437
637570449 97.8474 0.191994 5714 2.09799
637635985 96.8582 0.229831 5761 2.21585
637570453 98.5421 0.158858 5693 1.85967
637635989 98.5425 0.150848 6312 2.20195
637570457 98.3531 0.1667 5829 2.16064
637635993 98.6384 0.152145 5802 2.28392
637570461 95.6199 0.265624 5936 2.00438
637635997 97.6999 0.183798 6652 2.00164
637567021 98.053 0.162361 7242 2.08019
637632557 96.4221 0.263333 4975 2.52536
637567025 91.2144 0.429313 4348 1.415
637599793 93.2012 0.417632 3633 1.50498
637632561 94.7719 0.406195 3003 1.56879
637567029 98.2132 0.228602 3358 1.90098
637599797 96.0703 0.312414 3868 1.69314
637632565 98.2196 0.217194 3707 1.81044
637567033 100 0 1 1
637599801 96.8359 0.3264 2876 1.63319
637632569 94.1601 0.434626 2911 1.75748
637567037 98.6567 0.134095 7370 2.17531
637632573 95.973 0.281074 4892 2.27826
637567149 98.3379 0.153037 6979 1.85801
637632685 60.803 0.688275 5031 1.87592
637567153 94.2602 0.356753 4251 1.49346
637599921 96.5624 0.305829 3549 1.73362
637632689 95.7461 0.370818 2962 1.89722
637567157 96.7047 0.322444 3065 1.62984
637599925 97.7081 0.223229 4494 1.83272
637632693 97.5823 0.246333 3888 1.78608
637567161 92.1981 0.40991 4281 1.57052
637599929 93.0003 0.417035 3743 1.5431
637632697 97.2526 0.297399 3021 1.79994
637567165 97.2731 0.194094 7041 1.78944
637632701 95.3377 0.297593 5019 2.02494
637567277 97.9483 0.16805 7116 2.2781
637632813 96.3417 0.259818 5221 2.44002
637567281 98.1902 0.241816 3039 1.6692
637600049 97.0702 0.280367 3618 1.87391
637632817 97.8017 0.317113 2138 1.72266
637567285 88.9627 0.557256 3162 1.65099
637600053 97.6888 0.240795 3894 1.79256
637632821 88.037 0.520529 3887 1.59174
637567289 97.0145 0.298576 3249 1.72805
637600057 96.8077 0.332933 2788 1.98928
637632825 95.234 0.439478 2350 1.85463
637567293 97.6641 0.177571 7235 1.93688
637632829 95.0186 0.304675 5099 2.19569
637567405 97.0219 0.201946 7085 1.88818
637632941 96.2278 0.261653 5302 2.12944
637567409 93.2672 0.385158 4233 1.46793
637600177 96.3085 0.311798 3657 1.77807
637632945 97.4141 0.298718 2823 1.98372
637567413 97.1221 0.297316 3162 1.57378
637600181 95.5944 0.331345 3836 1.51127
637632949 93.8946 0.392667 3718 1.44841
637567417 85.3226 0.635588 3100 1.59258
637600185 93.836 0.407219 3488 1.66186
637632953 95.9102 0.442308 2005 1.67635
637567421 97.3581 0.189613 7154 2.08417
637632957 96.4444 0.257417 5175 2.3417
637567533 2.23557 0.174751 7157 1.2087
637633069 96.4683 0.255719 5210 2.45354
637567537 97.5336 0.232241 4460 1.58557
637600305 97.352 0.258694 3852 1.70721
637633073 97.0356 0.307811 3036 1.76631
637567541 96.0231 0.340487 3294 1.49035
637600309 96.8175 0.276783 4022 1.64927
637633077 67.8045 0.751346 3867 1.67529
637567545 96.933 0.289222 3554 1.63778
637600313 96.6368 0.348503 2676 1.73693
637633081 93.5725 0.547421 2007 1.70073
637567549 97.7741 0.172392 7323 2.12798
637633085 95.927 0.273979 5205 2.30406
637567661 97.0398 0.20123 7094 1.74142
637633197 96.02 0.276463 5000 2.36369
637567665 84.8333 0.542115 4378 1.5122
637600433 91.2136 0.469099 3642 1.75569
637633201 97.0713 0.304161 3073 1.75842
637567669 95.064 0.378118 3282 1.56178
637600437 95.7221 0.318213 4044 1.71773
637633205 96.0584 0.311304 3907 1.69162
637567673 96.9662 0.259039 4384 1.5377
637600441 96.5714 0.293259 3850 1.7822
637633209 93.2536 0.457255 3009 1.66543
637567677 95.7433 0.254423 6296 1.6722
637633213 93.9485 0.338082 4974 1.68021
637567789 97.6643 0.178616 7150 1.90231
637633325 79.0798 0.584223 4847 1.60743
637567793 97.4032 0.248924 4082 1.82989
637600561 97.5781 0.257973 3551 1.82254
637633329 97.8958 0.258238 3089 2.0218
637567797 96.9883 0.299609 3254 1.80617
637600565 93.063 0.3971 4094 1.53425
637633333 97.1011 0.266378 3967 1.72773
637567801 98.3967 0.222696 3181 1.82358
637600569 97.5867 0.282932 2942 1.99621
637633337 98.1928 0.326958 1660 2.1199
637567805 97.6731 0.177421 7220 1.85778
637633341 95.9976 0.275913 5047 2.19772
637567917 94.196 0.27685 7133 1.6506
637633453 92.8021 0.368019 4932 1.87745
637567921 96.8721 0.263985 4348 1.70737
637600689 97.0445 0.278874 3688 1.87333
637633457 98.1101 0.247949 3016 1.96208
637567925 96.5696 0.309022 3469 1.6785
637600693 96.994 0.270254 3992 1.99344
637633461 98.2809 0.21139 3781 1.81431
637567929 97.1213 0.261168 4099 1.64834
637600697 97.1128 0.275058 3706 1.82559
637633465 96.6169 0.32926 3015 1.70463
637567933 91.6315 0.328406 7110 1.44977
637633469 62.4328 0.683328 5023 1.38477
637568045 98.0345 0.164471 7123 2.11699
637633581 96.1598 0.268295 5130 2.30169
637568049 97.3358 0.244049 4354 1.58234
637600817 95.8287 0.333406 3596 1.86636
637633585 97.832 0.268049 2952 1.96845
637568053 97.3878 0.279604 3254 1.71803
637600821 97.2035 0.260524 4005 1.86364
637633589 97.0509 0.278279 3696 1.79053
637568057 95.9105 0.307169 4157 1.61934
637600825 96.4267 0.301998 3778 1.70688
637633593 97.4679 0.288653 2962 1.73143
637568061 86.0741 0.441336 6154 1.29436
637633597 93.0216 0.390543 4256 1.78068
637568173 98.0239 0.165948 7034 2.1134
637633709 96.4951 0.260262 4993 2.11899
637568177 98.704 0.170549 4398 1.95358
637600945 97.6307 0.250986 3672 1.8896
637633713 98.3323 0.229337 3118 2.06097
637568181 96.8302 0.305855 3281 1.5888
637600949 96.6468 0.283718 4026 1.62205
637633717 91.2354 0.456037 3845 1.6326
637568185 96.3668 0.294169 4046 1.57178
637600953 96.7636 0.293076 3646 1.6616
637633721 96.9341 0.311337 3066 1.73934
637568189 94.6854 0.267054 7056 1.705
637633725 96.2737 0.265953 5072 2.07863
637568301 96.0192 0.232287 7084 1.73941
637633837 95.6998 0.281077 5209 2.18296
637568305 74.0705 0.680949 4142 1.22381
637601073 96.2983 0.311487 3674 1.82512
637633841 98.101 0.251337 2949 1.83099
637568309 92.2577 0.470331 3229 1.44062
637601077 94.0911 0.383818 3774 1.61384
637633845 98.3589 0.20505 3839 1.87945
637568313 96.4641 0.280764 4327 1.6245
637601081 97.1088 0.272899 3770 1.78839
637633849 97.6831 0.277688 2935 2.0219
637568317 98.3642 0.148098 7336 2.44095
637633853 96.9074 0.244531 5012 2.59896
637568429 93.0141 0.302522 7100 1.54701
637633965 95.9975 0.284503 4747 2.38306
637568433 97.2606 0.247658 4344 1.66546
637601201 97.5525 0.252024 3759 1.95043
637633969 96.5695 0.337118 2915 1.86523
637568437 97.88 0.248921 3349 1.73382
637601205 97.3125 0.252778 4093 1.88658
637633973 98.5082 0.196109 3821 1.90235
637568441 97.4796 0.236195 4404 1.6261
637601209 97.367 0.261117 3760 1.80188
637633977 97.5374 0.28272 3005 2.13333
637568445 98.3156 0.152468 7124 2.25245
637633981 94.0188 0.335397 4999 2.10031
637569069 98.494 0.222808 2988 1.86526
637601837 97.8641 0.217934 4401 1.88717
637634605 95.9161 0.331014 3575 2.09029
637569073 92.9763 0.323606 6236 1.65583
637634609 97.0622 0.233232 5242 1.80439
637569077 61.5533 0.676173 5176 1.13171
637634613 95.9331 0.264971 5557 1.99513
637569081 50 35.3553 2 1.24648
637634617 97.2984 0.229356 4997 1.77889
637569085 84.1066 0.647334 3190 1.31452
637601853 59.0442 0.734859 4478 1.34977
637634621 89.7103 0.504624 3625 1.5854
637569197 97.0324 0.315217 2898 1.67796
637601965 93.6803 0.370882 4304 1.9044
637634733 95.2329 0.351664 3671 1.79298
637569201 96.7425 0.227125 6109 1.54124
637634737 92.6006 0.366719 5095 1.75863
637569205 97.2567 0.223904 5322 1.69612
637634741 96.9393 0.222765 5979 1.86223
637569209 95.7299 0.256646 6206 1.88335
637634745 88.9144 0.434416 5223 1.55186
637569213 97.2531 0.295566 3058 1.77456
637601981 94.6588 0.339715 4381 1.64785
637634749 95.8949 0.328227 3654 1.77679
637569325 97.8269 0.272975 2853 1.78068
637602093 97.1799 0.249656 4397 2.18168
637634861 95.0928 0.351818 3770 2.10002
637569329 95.9158 0.28426 4848 1.66542
637634865 94.7368 0.338523 4351 1.77758
637569333 95.7543 0.282035 5111 1.62817
637634869 77.5442 0.552279 5709 1.35588
637569337 93.1958 0.373074 4556 1.57467
637634873 95.3838 0.335104 3921 2.12938
637569341 79.5522 0.731858 3037 1.88331
637602109 97.3985 0.238379 4459 2.11023
637634877 92.8804 0.423902 3680 2.15288
637569453 90.8706 0.540757 2837 1.75809
637602221 88.1676 0.490057 4344 1.55946
637634989 96.123 0.315665 3740 1.92671
637569457 83.4305 0.479801 6005 1.25306
637634993 84.4202 0.510591 5045 1.44735
637569461 95.5439 0.293663 4937 1.97114
637634997 98.461 0.16564 5523 1.99729
637569465 95.1166 0.303039 5058 1.51693
637635001 95.0211 0.342333 4037 1.54781
637569469 98.0706 0.262451 2747 1.81285
637602237 97.5034 0.235051 4406 1.78923
637635005 95.3332 0.346436 3707 1.89091
637569581 98.119 0.251235 2924 1.90727
637602349 97.8266 0.217151 4509 2.22874
637635117 96.3261 0.308063 3729 2.26033
637569585 97.6652 0.189662 6339 1.75237
637635121 97.0936 0.230033 5333 1.92547
637569589 73.6317 0.616039 5116 1.2241
637635125 64.1105 0.630389 5790 1.30906
637569593 97.065 0.23377 5213 1.63918
637635129 96.3665 0.303632 3798 1.72819
637569597 97.6938 0.274408 2992 1.79186
637602365 97.7585 0.220519 4506 2.0318
637635133 95.8684 0.328118 3679 2.19033
637569709 97.533 0.285162 2959 1.73788
637602477 96.9294 0.261153 4364 1.88392
637635245 96.2604 0.315779 3610 1.89596
637569713 96.9876 0.215796 6274 1.61446
637635249 95.6629 0.280321 5280 1.71213
637569717 98.0418 0.191046 5260 1.80464
637635253 93.5796 0.325092 5685 1.45459
637569721 96.1909 0.242667 6222 1.58447
637635257 96.3636 0.256285 5335 1.76673
637569725 96.5125 0.346097 2810 1.68627
637602493 94.0215 0.378966 3914 1.59393
637635261 91.1286 0.468323 3686 1.60744
637569837 97.6985 0.273865 2998 1.68587
637602605 96.4382 0.278267 4436 1.70122
637635373 95.791 0.337483 3540 1.69324
637569841 0 0 5933 6
637635377 97.9666 0.195481 5213 2.1066
637569845 95.2044 0.295346 5234 1.70669
637635381 90.6449 0.381875 5815 1.62861
637569849 97.9079 0.212383 4541 1.7432
637635385 97.8204 0.24892 3441 1.94562
637569853 97.6926 0.270665 3077 1.6547
637602621 97.9643 0.21239 4421 1.95588
637635389 95.9675 0.323624 3695 1.95483
637569965 97.9585 0.258705 2988 1.76077
637602733 97.1357 0.25149 4399 1.93894
637635501 95.9824 0.325752 3634 2.00523
637569969 93.119 0.321709 6191 1.772
637635505 97.0339 0.235444 5192 2.06641
637569973 97.345 0.221393 5273 1.79798
637635509 97.5287 0.206267 5665 2.25008
637569977 98.1206 0.1775 5853 1.97057
637635513 96.6495 0.248284 5253 1.9804
637569981 47.8969 0.920072 2948 1.58204
637602749 88.9948 0.471422 4407 1.38303
637635517 88.9883 0.523328 3578 1.33963
637570093 98.2238 0.248952 2815 1.64545
637602861 96.7355 0.264819 4503 1.66939
637635629 93.2086 0.411408 3740 1.68103
637570097 96.957 0.217951 6211 1.72987
637635633 95.4447 0.292177 5093 1.73168
637570101 98.1052 0.189584 5172 1.65812
637635637 97.0103 0.22924 5519 1.9151
637570105 81.5372 0.498826 6050 1.4759
637635641 95.7624 0.280219 5168 1.747
637570109 96.7264 0.351282 2566 1.6035
637602877 97.036 0.277125 3745 1.7669
637635645 95.5224 0.372529 3082 1.85121
637570221 93.3037 0.462014 2927 1.47836
637602989 92.5522 0.395624 4404 1.6117
637635757 94.4351 0.38432 3558 1.53676
637570225 90.4266 0.372588 6236 1.54183
637635761 94.3147 0.32038 5224 1.72582
637570229 95.817 0.280558 5092 1.57203
637635765 90.0978 0.394727 5726 1.8305
637570233 98.2296 0.172888 5818 1.81952
637635769 97.6708 0.210134 5152 1.93879
637570237 97.3175 0.297731 2945 1.59862
637603005 96.3364 0.28517 4340 1.56137
637635773 89.7535 0.50466 3611 1.7221
637570349 98.1004 0.258446 2790 1.78896
637603117 97.718 0.224459 4426 2.04328
637635885 95.879 0.325161 3737 1.8971
637570353 97.5151 0.201703 5956 1.7097
637635889 96.6814 0.248089 5213 1.8713
637570357 91.3959 0.397136 4986 1.37101
637635893 87.9782 0.437924 5515 1.52413
637570361 98.0601 0.175358 6186 1.80972
637635897 88.6525 0.445179 5076 1.62852
637570365 98.504 0.221338 3008 1.86751
637603133 97.0237 0.255171 4435 1.86667
637635901 96.0682 0.322266 3637 2.0138
637570477 98.1481 0.249661 2916 1.73452
637603245 97.6277 0.229844 4384 1.89247
637636013 95.7714 0.340158 3500 1.8676
637570481 67.1935 0.593223 6264 1.34145
637636017 82.9268 0.527718 5084 1.44579
637570485 93.769 0.333158 5264 1.56943
637636021 93.8999 0.315512 5754 1.54607
637570489 98.0644 0.17571 6148 1.85075
637636025 96.8158 0.241726 5276 1.90605
637570493 97.3061 0.291687 3081 1.68862
637603261 96.484 0.278301 4380 1.59944
637636029 82.8966 0.625397 3625 1.39756
637567053 98.6237 0.241625 2325 2.26667
637632589 98.5387 0.238474 2532 2.43179
637567057 99.4048 0.296731 672 2.47143
637632593 98.4213 0.264736 2217 2.1875
637567061 98.0194 0.292317 2272 1.99343
637632597 98.583 0.237814 2470 2.00476
637567065 93.8852 0.488678 2404 1.49477
637632601 97.2805 0.355271 2096 1.78077
637567069 98.6922 0.237197 2294 1.92994
637632605 98.7077 0.220188 2631 1.96308
637567181 97.6842 0.690105 475 1.68852
637632717 96.0934 0.388827 2483 1.72765
637567185 95.486 0.396116 2747 1.39761
637632721 93.5604 0.530229 2143 1.55943
637567189 98.1603 0.271718 2446 1.68328
637632725 74.4327 0.878115 2468 1.43583
637567193 95.3667 0.401505 2741 1.37886
637632729 95.0044 0.458056 2262 1.43638
637567197 96.146 0.389778 2439 1.50207
637632733 92.3353 0.531529 2505 1.35829
637567309 98.7075 0.234455 2321 1.97092
637632845 98.5714 0.233172 2590 2.01591
637567313 98.609 0.265836 1941 1.62681
637632849 97.6004 0.361511 1792 1.7878
637567317 96.8616 0.361516 2326 1.63766
637632853 56.4062 0.987619 2521 1.22718
637567321 97.8108 0.281877 2695 1.49983
637632857 96.8624 0.369086 2231 1.61827
637567325 97.5431 0.321401 2320 1.531
637632861 97.2233 0.322663 2593 1.53585
637567437 98.8904 0.22523 2163 2.02385
637632973 95.196 0.419235 2602 2.05208
637567441 96.6743 0.350572 2616 1.41528
637632977 98.1108 0.278948 2382 1.75935
637567445 98.0715 0.298263 2126 1.56175
637632981 93.2203 0.511142 2419 1.5317
637567449 96.0401 0.436613 1995 1.36157
637632985 96.7331 0.418308 1806 1.49645
637567453 87.8214 0.69457 2217 1.31738
637632989 98.0363 0.269636 2648 1.81257
637567565 98.1857 0.277394 2315 1.82729
637633101 98.464 0.244066 2539 2.01009
637567569 95.6967 0.381132 2835 1.43219
637633105 96.4131 0.386584 2314 1.54379
637567573 97.0123 0.356858 2276 1.46078
637633109 96.6962 0.358765 2482 1.53448
637567577 96.4167 0.357251 2707 1.35619
637633113 97.7925 0.308723 2265 1.5626
637567581 96.7987 0.361294 2374 1.70452
637633117 97.5692 0.297818 2674 1.74888
637567693 96.4164 0.383935 2344 1.74126
637633229 98.6712 0.223107 2634 1.76306
637567697 91.8296 0.511831 2864 1.31264
637633233 97.616 0.31761 2307 1.65482
637567701 97.1453 0.341212 2382 1.55447
637633237 97.3285 0.321981 2508 1.61486
637567705 94.6817 0.434276 2670 1.41556
637633241 93.5539 0.509073 2327 1.60979
637567709 96.4152 0.37957 2399 1.45304
637633245 97.3943 0.353227 2034 1.58602
637567821 94.0224 0.483014 2409 1.55623
637633357 96.9972 0.33923 2531 1.62085
637567825 98.6239 0.227774 2616 1.8982
637633361 97.7243 0.311973 2285 1.76368
637567829 95.5377 0.558449 1367 1.50835
637633365 100 0 2 2
637567833 98.153 0.261404 2653 1.84709
637633369 97.906 0.308869 2149 1.72896
637567837 97.0439 0.348058 2368 1.48611
637633373 94.7954 0.442737 2517 1.58905
637567949 98.1116 0.285254 2277 2.06656
637633485 97.9469 0.284531 2484 1.98824
637567953 95.179 0.409378 2738 1.43122
637633489 96.398 0.395394 2221 1.63633
637567957 97.864 0.301868 2294 1.70733
637633493 98.047 0.276258 2509 1.68035
637567961 98.3652 0.253213 2508 1.90314
637633497 88.0963 0.67745 2285 1.62986
637567965 96.7919 0.362044 2369 1.60144
637633501 90.1293 0.590313 2553 1.5211
637568077 98.6937 0.240985 2220 2.14783
637633613 98.9852 0.198013 2562 2.20795
637568081 95.615 0.394721 2691 1.46602
637633617 94.7173 0.481522 2158 1.52599
637568085 96.6917 0.375642 2267 1.70699
637633621 96.971 0.349113 2410 1.73578
637568089 97.3972 0.309235 2651 1.52184
637633625 69.4704 0.971536 2247 1.56832
637568093 98.3356 0.271342 2223 1.9232
637633629 98.3244 0.250474 2626 2.17959
637568205 97.6978 0.306837 2389 1.72982
637633741 98.7337 0.219036 2606 1.89574
637568209 96.1538 0.388997 2444 1.69633
637633745 0 0 0 0
637568213 77.4878 0.878365 2261 1.23879
637633749 62.4221 0.955736 2568 1.37955
637568217 96.2792 0.37069 2607 1.71992
637633753 97.3108 0.345358 2194 1.74167
637568221 96.2443 0.386238 2423 1.64471
637633757 98.0202 0.274471 2576 1.78673
637568333 97.9733 0.292619 2319 1.80268
637633869 96.6314 0.357073 2553 1.85133
637568337 98.5736 0.229741 2664 1.64977
637633873 97.0018 0.358098 2268 1.75132
637568341 94.2779 0.494963 2202 1.34029
637633877 54.6754 1.00593 2449 1.35616
637568345 86.8123 0.668345 2563 1.34354
637633881 92.5532 0.552728 2256 1.49915
637568349 98.8423 0.251156 1814 2.28523
637633885 98.6647 0.255259 2022 2.25845
637568461 98.8501 0.220025 2348 2.42444
637633997 98.3468 0.25002 2601 2.37028
637568465 98.2217 0.257072 2643 1.60154
637634001 97.9964 0.299019 2196 1.8027
637568469 95.0798 0.449335 2317 1.4495
637634005 97.2406 0.322934 2573 1.79491
637568473 95.5588 0.393058 2747 1.39363
637634009 98.0211 0.292062 2274 1.72876
637568477 0 0 2487 0
637634013 0 0 2500 0
637571149 98.2425 0.275427 2276 1.95282
637636685 98.9446 0.214294 2274 2.11111
637571153 98.4823 0.502049 593 1.76788
637636689 97.1743 0.362636 2088 1.96746
637571157 96.988 0.367929 2158 2.14413
637636693 98.9499 0.204853 2476 2.21711
637571161 97.5346 0.322499 2312 1.59527
637636697 97.5524 0.345345 2002 2.01588
637571165 88.0219 0.666842 2371 1.61024
637636701 94.723 0.468843 2274 1.8275
637571277 94.0133 1.11712 451 1.73778
637636813 98.3709 0.277109 2087 1.65396
637571281 98.8525 0.215617 2440 1.6981
637636817 98.0733 0.297986 2128 1.73753
637571285 93.0008 0.511702 2486 1.62181
637636821 97.2171 0.314743 2731 1.70973
637571289 90.4158 0.585826 2525 1.34367
637636825 61.5603 1.05776 2115 1.33663
637571293 96.0711 0.395095 2418 1.407
637636829 98.0823 0.296606 2138 1.50165
637571405 98.5778 0.249621 2250 1.92181
637636941 98.5799 0.253233 2183 2.04681
637571409 97.2142 0.396461 1723 1.66767
637636945 98.2185 0.322341 1684 1.72543
637571413 98.6817 0.247482 2124 2.0025
637636949 99.1312 0.188772 2417 2.10567
637571417 97.4684 0.317423 2449 1.57978
637636953 96.3134 0.404509 2170 1.60123
637571421 80.5737 0.824772 2301 1.26713
637636957 89.2683 0.651793 2255 1.34719
637571533 98.4549 0.255514 2330 1.69618
637637069 98.2238 0.278337 2252 1.92491
637571537 92.8087 0.501283 2656 1.61764
637637073 93.5499 0.529154 2155 1.56198
637571541 77.2787 0.879301 2271 1.23691
637637077 77.7113 0.831037 2508 1.45532
637571545 96.339 0.420569 1994 1.29951
637637081 96.3329 0.453455 1718 1.53056
637571549 98.0401 0.286133 2347 1.59728
637637085 98.2197 0.275548 2303 1.70981
637571661 96.2733 0.398969 2254 1.82243
637637197 98.2697 0.274656 2254 1.9435
637571665 96.9136 0.339705 2592 1.75337
637637201 94.7706 0.476796 2180 1.73314
637571669 93.4199 0.729532 1155 1.49884
637637205 95.3739 0.583244 1297 1.47682
637571673 96.8588 0.347812 2515 1.52358
637637209 98.4984 0.263455 2131 1.75878
637571677 97.0488 0.350006 2338 1.65366
637637213 98.3256 0.276724 2150 1.76414
637571789 97.331 0.339942 2248 1.49405
637637325 98.4814 0.262346 2173 1.88185
637571793 98.8534 0.215442 2442 1.70196
637637329 97.2264 0.365468 2019 1.75566
637571797 97.8062 0.313153 2188 1.7598
637637333 97.5021 0.318427 2402 1.61541
637571801 94.6429 0.443647 2576 1.36122
637637337 96.6934 0.388621 2117 1.56297
637571805 98.5379 0.252655 2257 1.70168
637637341 98.427 0.263792 2225 1.78438
637571917 79.4741 0.831748 2358 1.3985
637637453 90.3036 0.629879 2207 1.53942
637571921 98.1964 0.26643 2495 1.53361
637637457 98.3498 0.276618 2121 1.87127
637571925 97.5806 0.41603 1364 1.64532
637637461 100 0 7 1.42857
637571929 98.0173 0.28332 2421 1.65444
637637465 93.6345 0.553146 1948 1.60874
637571933 96.4518 0.384824 2311 1.49981
637637469 95.935 0.419693 2214 1.91232
637572045 98.7602 0.228802 2339 1.72663
637637581 98.5249 0.251097 2305 1.89108
637572049 79.9372 0.793516 2547 1.2689
637637585 96.3951 0.414251 2025 1.55156
637572053 98.1258 0.286467 2241 1.77269
637637589 97.7419 0.29832 2480 1.91765
637572057 96.5306 0.369723 2450 1.50363
637637593 96.5804 0.390664 2164 1.66207
637572061 97.4315 0.327305 2336 1.7512
637637597 98.2348 0.276632 2266 1.71473
637572173 77.0294 0.888375 2242 1.23169
637637709 87.4825 0.715173 2141 1.39823
637572177 97.1595 0.327696 2570 1.61833
637637713 98.1589 0.295901 2064 1.71325
637572181 97.6212 0.322846 2228 1.72401
637637717 83.7628 0.745834 2445 1.80197
637572185 82.3749 0.823868 2139 1.51268
637637721 96.9378 0.376869 2090 1.62631
637572189 98.6406 0.238669 2354 1.74519
637637725 98.317 0.278134 2139 1.96853
637572301 98.1671 0.276942 2346 1.75182
637637837 98.1555 0.28198 2277 1.78258
637572305 97.2736 0.359328 2054 1.70987
637637841 0 0 0 0
637572309 96.1611 0.418273 2110 1.52435
637637845 94.2918 0.480626 2330 1.86591
637572313 97.1655 0.338829 2399 1.57624
637637849 96.7365 0.392142 2053 1.79016
637572317 98.0274 0.287955 2332 1.86262
637637853 98.8604 0.231291 2106 2.02349
637572429 96.5272 0.386333 2246 1.66794
637637965 97.4359 0.338221 2184 1.79944
637572433 0 0 2500 0
637637969 0 0 2099 0
637572437 96.6312 0.379863 2256 1.39145
637637973 93.9431 0.484196 2427 1.45496
637572441 97.9109 0.283944 2537 1.69262
637637977 97.3597 0.348131 2121 1.83727
637572445 96.5977 0.388723 2175 1.50327
637637981 97.9157 0.310931 2111 1.76388
637572557 98.6979 0.236174 2304 2.0466
637638093 97.9762 0.295352 2273 2.03655
637572561 98.6971 0.244622 2149 1.73016
637638097 98.6985 0.263937 1844 2.01502
637572565 96.9283 0.356397 2344 1.72079
637638101 98.7591 0.228997 2337 1.88621
637572569 94.5087 0.4629 2422 1.41721
637638105 92.483 0.580642 2062 1.53628
637572573 98.8834 0.222064 2239 1.91896
637638109 98.3901 0.269929 2174 1.95885
637567085 87.234 4.86767 47 1.35556
637632621 92.5926 5.0401 27 1.71429
637567089 95.3092 0.976351 469 1.3596
637632625 88.6963 0.869216 1327 1.37238
637567093 97.6874 0.424444 1254 1.69949
637632629 96.7494 0.518682 1169 1.61827
637567097 91.8519 1.05298 675 1.38003
637632633 52.0351 1.41135 1253 1.29669
637567101 86.0759 3.89502 79 1.47297
637632637 66.6667 9.6225 24 1.30435
637567213 87.8049 5.11047 41 1.40541
637632749 92.8571 6.88303 14 1.26316
637567217 71.4607 2.1408 445 1.11026
637632753 62.6452 1.44611 1119 1.21718
637567221 96.3926 0.540107 1192 1.43045
637632757 95.0281 0.665743 1066 1.57845
637567225 75.9053 1.59601 718 1.14087
637632761 79.7404 1.07924 1387 1.34603
637567229 83.6538 3.62605 104 1.29126
637632765 85.7143 6.613 28 1.80645
637567341 95.9459 1.32368 222 1.60791
637632877 81.8182 1.56807 605 1.61796
637567345 95.9327 0.739763 713 1.31475
637632881 97.193 0.489201 1140 1.43106
637567349 96.6805 0.516074 1205 1.39277
637632885 92.0217 0.754115 1291 1.45135
637567353 93.75 0.864505 784 1.31144
637632889 94.6221 0.608126 1376 1.39315
637567357 61.2732 2.50883 377 1.47508
637632893 61.5155 1.53633 1003 1.25247
637567469 94.5205 1.88346 146 1.7716
637633005 98.4277 0.493289 636 1.98027
637567473 91.8919 3.17309 74 1.96386
637633009 95.7617 0.68184 873 1.8098
637567477 96.875 0.655759 704 1.53719
637633013 97.1812 0.60638 745 1.70243
637567481 96.034 1.03873 353 1.40609
637633017 97.433 0.528335 896 1.46195
637567485 95.3488 1.85415 129 1.63889
637633021 98.366 0.512474 612 1.5836
637567597 96.697 0.60313 878 1.53965
637633133 97.0954 0.441627 1446 1.66519
637567601 96.9787 0.41663 1688 1.43113
637633137 96.248 0.443138 1839 1.63554
637567605 88.1531 0.796538 1646 1.29918
637633141 94.2022 0.529368 1949 1.369
637567609 94.8363 0.555321 1588 1.41352
637633145 96.2254 0.439426 1881 1.49455
637567613 92.7083 0.884537 864 1.39956
637633149 95.6461 0.540779 1424 1.66842
637567725 94.5783 0.878778 664 1.42222
637633261 89.9306 1.77321 288 1.72642
637567729 78.6171 0.988329 1721 1.38059
637633265 88.1303 0.741225 1904 1.62401
637567733 96.5848 0.419541 1874 1.39218
637633269 96.6988 0.402644 1969 1.48336
637567737 92.3362 0.66133 1618 1.47574
637633273 94.8556 0.506116 1905 1.42608
637567741 93.1587 0.963172 687 1.38277
637633277 95.4198 1.29154 262 1.93354
637567853 87.5 3.89756 72 1.50769
637633389 100 0 19 2.04348
637567857 0 0 1562 0
637633393 0 0 1754 0
637567861 98.8182 0.325835 1100 1.71162
637633397 100 0 1 1
637567865 95.8967 0.546818 1316 1.52398
637633401 97.5797 0.373386 1694 1.75262
637567869 84.0909 3.89902 88 1.23684
637633405 86.3636 7.3165 22 1.72
637567981 97.4359 0.632754 624 1.45815
637633517 96.2963 1.21149 243 1.76
637567985 95.9625 0.476139 1709 1.39924
637633521 96.8634 0.401899 1881 1.59447
637567989 93.3983 0.577627 1848 1.34827
637633525 87.0789 0.752122 1989 1.51586
637567993 95.2711 0.532977 1586 1.38696
637633529 93.7735 0.55983 1863 1.56133
637567997 94.9386 0.858482 652 1.58916
637633533 98.6111 0.796288 216 1.90102
637568109 96.875 0.591935 864 1.4382
637633645 96.2911 0.499918 1429 1.73028
637568113 93.0973 0.754115 1130 1.30373
637633649 82.0595 1.08829 1243 1.40774
637568117 90.5098 0.682505 1844 1.39073
637633653 95.3807 0.472917 1970 1.51518
637568121 94.7368 0.690756 1045 1.65792
637633657 96.3259 0.531675 1252 1.5697
637568125 95.6938 0.70208 836 1.51474
637633661 96.1931 0.498946 1471 1.65128
637568237 94.2613 0.812703 819 1.42163
637633773 96.409 0.459036 1643 1.60419
637568241 87.9739 0.831561 1530 1.42308
637633777 94.6797 0.739549 921 1.4855
637568245 95.9083 0.462697 1833 1.38128
637633781 95.1961 0.47347 2040 1.49616
637568249 93.3429 0.666938 1397 1.36544
637633785 71.7726 0.987873 2076 1.33526
637568253 93.5329 0.851124 835 1.59251
637633789 96.943 0.417403 1701 1.67048
637568365 97.338 0.547635 864 1.41508
637633901 96.2468 0.479365 1572 1.66157
637568369 93.7918 0.595313 1643 1.49479
637633905 93.5631 0.552493 1973 1.48975
637568373 92.4614 0.63093 1751 1.29483
637633909 90.8635 0.645566 1992 1.39721
637568377 95.128 0.538035 1601 1.41369
637633913 96.4957 0.414412 1969 1.56905
637568381 96.1938 0.795897 578 1.6
637633917 92.2854 0.828577 1037 1.52317
637568493 96.496 0.954668 371 1.39302
637634029 97.9381 0.545344 679 1.58089
637568497 97.7212 0.546362 746 1.52304
637634033 97.4624 0.482124 1064 1.58918
637568501 81.1197 1.29661 911 1.20903
637634037 74.9495 1.37713 990 1.41032
637568505 96.1538 0.71274 728 1.56475
637634041 97.179 0.516407 1028 1.52339
637568509 95.2141 1.07136 397 1.3911
637634045 95.5494 0.76906 719 1.4799
637571181 84.7826 3.74481 92 1.44444
637636717 100 0 8 1.8
637571185 96.7078 1.14464 243 1.4382
637636721 96.9441 0.438888 1538 1.63037
637571189 95.9956 0.459199 1823 1.56146
637636725 95.5765 0.458398 2012 1.62438
637571193 82.003 1.05418 1328 1.24412
637636729 72.5 1.07664 1720 1.3241
637571197 85.3933 3.74364 89 1.6
637636733 72.7273 13.4282 11 1.57143
637571309 0 0 1 0
637636845 98.5507 1.43873 69 1.51471
637571313 0 0 1723 0
637636849 0 0 1786 0
637571317 93.9684 0.565235 1774 1.39353
637636853 95.9354 0.465956 1796 1.49272
637571321 92.9585 0.609672 1761 1.34199
637636857 94.6966 0.52401 1829 1.45412
637571325 86.0811 1.27245 740 1.23972
637636861 82.8571 2.25231 280 1.46284
637571437 97.4209 0.542736 853 1.56553
637636973 98.6242 0.313454 1381 1.72668
637571441 97.4515 0.549006 824 1.45154
637636977 96.0358 0.493373 1564 1.51646
637571445 95.4723 0.491554 1789 1.3803
637636981 94.3872 0.522301 1942 1.44162
637571449 95.4678 0.562391 1368 1.40985
637636985 96.0933 0.467864 1715 1.45302
637571453 97.1014 0.560153 897 1.49848
637636989 97.1491 0.449952 1368 1.75756
637571565 98.3871 0.533281 558 1.65831
637637101 97.4441 0.515013 939 1.65564
637571569 97.0905 0.551724 928 1.51877
637637105 98.778 0.286262 1473 1.60518
637571573 95.6408 0.602897 1147 1.41914
637637109 97.0046 0.472408 1302 1.54877
637571577 0 0 702 0
637637113 0 0 1138 0
637571581 95.5707 0.849202 587 1.47799
637637117 96.7603 0.581833 926 1.72745
637571693 97.4576 0.72453 472 1.59847
637637229 97.7731 0.480516 943 1.66535
637571697 97.306 0.531486 928 1.50096
637637233 96.9262 0.451113 1464 1.60111
637571701 95.2087 0.839682 647 1.36544
637637237 92.0107 0.989361 751 1.32418
637571705 94.1886 0.774716 912 1.45272
637637241 95.1149 0.57775 1392 1.64143
637571709 96.4435 0.847097 478 1.44402
637637245 97.8637 0.461177 983 1.64755
637571821 91.0959 2.35705 146 1.39597
637637357 86.3636 7.3165 22 1.82609
637571825 94.1943 0.804948 844 1.3658
637637361 91.3834 0.788963 1265 1.48701
637571829 95.0199 0.686529 1004 1.41635
637637365 93.0453 0.825758 949 1.41054
637571833 89.9662 1.00881 887 1.39758
637637369 90.8602 0.798637 1302 1.3538
637571837 0 0 125 0
637637373 0 0 29 0
637571949 84.6154 4.08527 78 1.67647
637637485 100 0 23 2.17857
637571953 98.1735 0.452432 876 1.85817
637637489 98.5191 0.337217 1283 1.94619
637571957 98.8636 0.376629 792 2.29975
637637493 99.1379 0.606941 232 2.44635
637571961 97.896 0.504889 808 1.56608
637637497 98.1846 0.367194 1322 1.92899
637571965 89.7436 3.4352 78 1.42466
637637501 88 6.49923 25 2.04
637572077 96.5812 0.839963 468 1.67311
637637613 98.5318 0.48579 613 1.71159
637572081 93.718 0.86879 780 1.53731
637637617 90.586 0.905092 1041 1.74242
637572085 96.8009 0.60573 844 1.43109
637637621 94.8692 0.69978 994 1.55683
637572089 95.8387 0.720144 769 1.48949
637637625 95.0629 0.674047 1033 1.43028
637572093 0 0 465 0
637637629 0 0 654 0
637572333 95.0602 0.752165 830 1.33189
637637869 96.1047 0.477337 1643 1.55331
637572337 87.8104 0.89744 1329 1.2979
637637873 79.25 2.02758 400 1.67373
637572341 95.1772 0.516446 1721 1.45867
637637877 87.0863 0.781156 1843 1.64167
637572345 96.8411 0.549535 1013 1.53268
637637881 96.6027 0.492328 1354 1.7164
637572349 95.4704 0.708702 861 1.48683
637637885 95.5612 0.51863 1577 1.64495
637572589 96.6667 0.732828 600 1.49536
637638125 98.6667 0.764651 225 2.05648
637572593 95.47 0.699846 883 1.42573
637638129 97.6268 0.499938 927 1.62188
637572597 95.8617 0.455859 1909 1.46795
637638133 95.8105 0.447437 2005 1.86266
637572601 92.4138 0.634755 1740 1.30562
637638137 95.5394 0.470147 1928 1.6262
637572605 96.789 0.689358 654 1.52347
637638141 89.6104 2.00758 231 1.56322
637575661 98.0712 0.529764 674 1.48632
637641197 98.8095 0.328208 1092 1.75369
637575665 97.6994 0.415173 1304 1.59972
637641201 98.8889 0.276231 1440 1.56306
637575669 97.6412 0.405748 1399 1.47512
637641205 94.3409 0.596197 1502 1.66827
637575673 97.8571 0.547323 700 1.40926
637641209 83.4225 1.11021 1122 1.25632
637575677 96.8944 0.683563 644 1.67291
637641213 97.8785 0.447482 1037 1.57955
637579757 96.0317 1.73909 126 1.74854
637645293 82.3661 1.80057 448 1.64317
637579761 96.7638 1.00669 309 1.64532
637645297 97.3472 0.545766 867 1.5435
637579765 97.0703 0.745279 512 1.49261
637645301 96.5074 0.787151 544 1.65325
637579769 0 0 129 0
637645305 0 0 492 0
637579773 97.1429 1.62584 105 1.54037
637645309 98.2143 0.589899 504 1.82038
