637566989 92.6147 0.336544 6039 1.60385
637632525 96.5822 0.273345 4418 1.88035
637566993 71.6047 0.598459 5677 1.27607
637632529 75.0048 0.597633 5249 1.61918
637566997 66.9811 2.28389 424 1.56262
637632533 56.0354 0.624295 6321 1.40488
637567001 42.2038 0.770286 4111 1.19683
637632537 34.5838 0.78707 3652 1.29074
637567005 87.5403 0.430292 5891 1.54945
637632541 94.9818 0.339924 4125 1.80965
637567117 81.0886 0.597252 4299 1.41704
637632653 91.4901 0.524327 2832 1.48984
637567121 90.1034 0.405765 5416 1.61599
637632657 92.766 0.368758 4935 1.73938
637567125 41.4678 0.657532 5614 1.23867
637632661 78.543 0.507865 6534 1.52506
637567129 70.8244 0.607229 5604 1.36802
637632665 76.4142 0.593943 5109 1.59823
637567133 90.7196 0.376226 5948 1.63626
637632669 95.5069 0.317719 4251 1.869
637567245 82.57 0.486929 6070 1.39492
637632781 91.1772 0.435628 4239 1.826
637567249 70.8333 0.697381 4248 1.42149
637632785 87.7114 0.517804 4020 1.40957
637567253 83.6135 0.539981 4699 1.49054
637632789 85.1852 0.456798 6048 1.58229
637567257 66.139 0.638345 5496 1.27802
637632793 79.765 0.571776 4937 1.42309
637567261 89.0603 0.41329 5704 1.46863
637632797 95.886 0.301103 4351 1.87234
637567373 89.521 0.402759 5783 1.48544
637632909 95.3991 0.320989 4260 1.83482
637567377 78.7238 0.532452 5908 1.47652
637632913 84.4138 0.513073 4998 1.63772
637567381 74.6931 0.621862 4888 1.36339
637632917 74.7903 0.551456 6200 1.40555
637567385 69.887 1.09041 1770 1.74902
637632921 83.5422 0.575593 4150 1.50883
637567389 91.6116 0.360871 5901 1.59755
637632925 98.2369 0.197865 4424 2.02099
637567501 80.1376 0.516743 5961 1.44452
637633037 95.9991 0.301546 4224 1.74169
637567505 80.8894 0.565438 4835 1.27926
637633041 76.6667 5.46029 60 1.73469
637567509 77.7568 0.544623 5831 1.33596
637633045 80.5308 0.494761 6405 1.51935
637567513 60.5244 0.655058 5568 1.27282
637633049 64.1572 0.667121 5167 1.49277
637567517 91.7266 0.364723 5705 1.56423
637633053 94.9007 0.330437 4432 1.85842
637567629 84.131 0.473491 5955 1.466
637633165 95.0311 0.342517 4025 1.72765
637567633 79.9926 0.544004 5408 1.39399
637633169 81.849 0.544062 5019 1.60569
637567637 82.3216 0.500269 5815 1.38426
637633173 77.3712 0.53008 6231 1.65252
637567641 74.2676 0.580767 5666 1.35935
637633177 84.1822 0.50589 5203 1.54696
637567645 72.7083 0.588068 5738 1.25765
637633181 74.8987 0.669452 4195 1.43861
637567757 81.3475 0.510029 5833 1.41201
637633293 87.6773 0.513967 4090 1.70818
637567761 90.0864 0.405289 5437 1.45645
637633297 89.36 0.434036 5047 1.56409
637567765 71.5019 0.590388 5846 1.31501
637633301 70.1538 0.582306 6175 1.42159
637567769 92.3104 0.356281 5592 1.50026
637633305 95.5766 0.285769 5177 1.74629
637567773 85.4389 0.46274 5810 1.50455
637633309 95.2647 0.330976 4118 1.83587
637567885 66.5415 0.616488 5858 1.32356
637633421 68 0.744577 3925 1.37914
637567889 79.9787 0.533594 5624 1.39587
637633425 88.2353 0.451156 5100 1.55246
637567893 85.53 0.464504 5736 1.39922
637633429 90.7016 0.361826 6442 1.56061
637567897 79.2403 0.539108 5660 1.50788
637633433 60.9964 0.687188 5038 1.41224
637567901 85.3692 0.459368 5919 1.4776
637633437 92.4936 0.403567 4263 1.97095
637568013 83.831 0.486497 5727 1.3833
637633549 92.7875 0.403816 4104 1.74221
637568017 81.9356 0.511737 5652 1.37316
637633553 79.0707 0.575711 4993 1.59045
637568021 85.2283 0.474784 5585 1.44944
637633557 76.171 0.545217 6106 1.51569
637568025 90.2624 0.398853 5525 1.51924
637633561 92.1475 0.371817 5234 1.75598
637568029 60.1483 0.635674 5932 1.40451
637633565 87.2071 0.516498 4182 1.86323
637568141 83.2595 0.48745 5866 1.39494
637633677 88.0112 0.517696 3937 1.67529
637568145 74.7947 0.580109 5602 1.40145
637633681 79.707 0.565891 5051 1.63429
637568149 78.159 0.561159 5421 1.3712
637633685 69.9983 0.59849 5863 1.45733
637568153 90.5205 0.391762 5591 1.44515
637633689 90.9384 0.407806 4955 1.53765
637568157 86.2771 0.555778 3833 1.60226
637633693 93.6741 0.460202 2798 1.97934
637568269 78.0433 0.542799 5816 1.58058
637633805 95.2336 0.328087 4217 1.87962
637568273 89.6398 0.40694 5608 1.54896
637633809 89.4873 0.4332 5013 1.71578
637568277 82.8319 0.501691 5650 1.47837
637633813 80.0285 0.503124 6314 1.57639
637568281 82.7049 0.503201 5649 1.50103
637633817 86.9405 0.469037 5161 1.71499
637568285 76.7529 0.55105 5876 1.52224
637633821 91.6687 0.427598 4177 1.89623
637568397 83.3623 0.49079 5758 1.46335
637633933 91.6924 0.425216 4213 1.76596
637568401 80.7578 0.522089 5701 1.33404
637633937 88.812 0.449578 4916 1.68034
637568405 73.3018 0.585334 5712 1.34177
637633941 73.4831 0.551306 6411 1.44151
637568409 69.5009 0.614692 5610 1.31953
637633945 87.1373 0.476857 4929 1.6353
637568413 70.7179 0.59496 5850 1.39787
637633949 79.0005 0.623897 4262 1.50298
637569037 93.2057 0.344756 5328 1.53407
637634573 96.3597 0.242582 5961 1.68927
637569041 66.4329 0.659118 5133 1.34317
637634577 73.733 0.605188 5288 1.41078
637569045 88.7097 1.51913 434 1.69489
637634581 79.9965 0.53247 5644 1.40452
637569049 66.5377 0.784364 3619 1.2786
637634585 72.7103 0.7279 3745 1.40192
637569053 77.7586 0.575599 5220 1.29398
637634589 67.2689 0.624478 5646 1.48188
637569165 82.1411 0.607873 3970 1.4701
637634701 87.0483 0.514323 4262 1.58511
637569169 88.6827 0.452393 4904 1.56638
637634705 71.9723 0.632333 5045 1.62078
637569173 67.8215 0.65358 5109 1.34595
637634709 77.4538 0.544088 5899 1.50964
637569177 34.0288 0.652549 5272 1.27308
637634713 48.6378 0.689875 5249 1.27288
637569181 84.1208 0.497496 5397 1.44931
637634717 88.4649 0.422634 5713 1.58981
637569293 86.3172 0.477083 5189 1.42641
637634829 92.7844 0.339956 5793 1.72668
637569297 81.9494 0.611956 3950 1.33933
637634833 85.7378 0.536458 4249 1.49514
637569301 79.4576 0.607346 4425 1.35361
637634837 80.1398 0.540999 5438 1.44221
637569305 73.4645 0.62248 5031 1.36733
637634841 83.6996 0.522054 5006 1.5929
637569309 94.1176 0.330581 5066 1.64041
637634845 96.4187 0.243829 5808 1.81066
637569421 90.9287 0.402004 5104 1.50698
637634957 83.5381 0.491271 5698 1.56148
637569425 0 0 5358 0
637634961 37.6205 0.679341 5085 1.19935
637569429 68.6702 0.688239 4542 1.29394
637634965 71.8626 0.602945 5562 1.40765
637569433 64.4776 1.84892 670 1.27089
637634969 67.0686 0.71569 4312 1.43052
637569437 92.6986 0.363017 5136 1.54375
637634973 93.1191 0.328324 5944 1.64335
637569549 87.3316 0.464712 5123 1.43424
637635085 88.1628 0.428754 5677 1.52195
637569553 84.3608 0.511384 5045 1.48939
637635089 94.4444 3.11713 54 1.5
637569557 82.8032 0.52395 5187 1.39189
637635093 75.438 0.569751 5708 1.41087
637569561 61.7368 0.676675 5159 1.2591
637635097 35.9601 0.671051 5114 1.30429
637569565 91.5142 0.395168 4973 1.69856
637635101 97.1424 0.216654 5914 1.94825
637569677 85.4086 0.490116 5188 1.39082
637635213 80.379 0.528474 5647 1.5451
637569681 69.0887 0.658371 4927 1.26683
637635217 75.5695 0.602137 5092 1.54784
637569685 71.2904 0.629254 5169 1.26538
637635221 72.2521 0.599087 5586 1.41221
637569689 61.4875 0.679019 5136 1.42273
637635225 75.1897 0.59485 5272 1.49824
637569693 84.0669 0.516496 5021 1.39481
637635229 86.5722 0.453795 5645 1.50473
637569805 83.817 0.510585 5203 1.29569
637635341 89.6691 0.40275 5711 1.55695
637569809 86.0266 0.495555 4895 1.42332
637635345 91.9844 0.379667 5115 1.51157
637569813 70.7049 0.631618 5192 1.32234
637635349 57.9391 0.660858 5580 1.50189
637569817 86.2552 0.483521 5071 1.49148
637635353 91.0305 0.391836 5318 1.51357
637569821 89.396 0.429074 5149 1.54525
637635357 88.7165 0.420103 5672 1.61213
637569933 90.725 0.402813 5186 1.48332
637635469 94.5515 0.307423 5451 1.69136
637569937 48.0031 0.697329 5133 1.20458
637635473 49.514 0.697106 5144 1.29946
637569941 85.8395 0.481312 5247 1.40525
637635477 83.9979 0.484842 5718 1.58482
637569945 73.9563 0.612985 5126 1.34055
637635481 79.6781 0.560342 5157 1.44984
637569949 80.7499 0.538474 5361 1.44094
637635485 90.2273 0.392626 5720 1.63763
637570061 86.2144 0.483457 5085 1.39723
637635597 91.1927 0.378406 5609 1.60051
637570065 80.7428 0.552755 5089 1.38589
637635601 86.1499 0.487628 5018 1.59845
637570069 78.0707 0.584746 5007 1.33497
637635605 77.8022 0.562412 5460 1.52718
637570073 78.0149 0.587633 4967 1.23093
637635609 92.7225 0.356683 5304 1.39902
637570077 77.341 0.581087 5190 1.37005
637635613 92.875 0.343754 5600 1.7037
637570189 67.4908 0.651008 5177 1.26677
637635725 85.9283 0.47285 5408 1.51333
637570193 65.8063 0.670978 4998 1.25559
637635729 80.5374 0.55652 5061 1.48137
637570197 76.6413 0.606991 4859 1.29697
637635733 69.2497 0.635183 5278 1.36467
637570201 57.1259 0.695796 5059 1.29038
637635737 55.2875 0.690684 5182 1.34349
637570205 87.1818 0.57852 3339 1.45229
637635741 89.9616 0.497683 3646 1.55231
637570317 83.4888 0.528785 4930 1.42026
637635853 91.1417 0.374845 5746 1.58815
637570321 85.4845 0.493355 5098 1.36915
637635857 83.6371 0.520679 5048 1.5008
637570325 73.5782 0.619596 5064 1.28401
637635861 74.1617 0.586167 5577 1.4548
637570329 46.6008 0.701276 5060 1.17741
637635865 63.7438 0.663737 5246 1.39382
637570333 80.1232 0.553575 5197 1.38218
637635869 78.1963 0.549088 5655 1.47665
637570445 81.5865 0.553481 4904 1.27323
637635981 79.1608 0.537028 5720 1.39919
637570449 78.6427 0.579006 5010 1.40871
637635985 84.5224 0.509172 5046 1.47753
637570453 77.6244 0.58108 5144 1.25306
637635989 82.972 0.496992 5720 1.51039
637570457 87.2072 0.46858 5081 1.40221
637635993 88.171 0.451206 5123 1.54013
637570461 72.8135 0.618901 5168 1.3554
637635997 77.7335 0.547652 5771 1.43011
637567021 89.8416 0.37651 6438 1.3322
637632557 91.8802 0.411351 4409 1.61172
637567025 43.3028 0.802216 3815 1.13066
637599793 59.4545 0.854686 3300 1.25631
637632561 59.3403 0.945662 2698 1.30978
637567029 84.8283 0.655088 2999 1.35011
637599797 72.8814 0.735056 3658 1.29061
637632565 84.9482 0.624169 3282 1.34512
637567033 0 0 0 0
637599801 71.7682 0.867557 2692 1.26966
637632569 65.3226 0.932684 2604 1.50099
637567037 92.356 0.332881 6371 1.43278
637632573 91.7342 0.424999 4198 1.48203
637567149 85.5888 0.443922 6259 1.24084
637632685 52.2314 0.767557 4235 1.3515
637567153 60.0739 0.795836 3787 1.23492
637599921 73.3477 0.775209 3253 1.31663
637632689 72.3396 0.868949 2650 1.59636
637567157 75 0.821255 2780 1.19966
637599925 82.3131 0.604354 3986 1.3641
637632693 75.2334 0.737256 3428 1.38698
637567161 62.1851 0.765873 4009 1.1986
637599929 58.9953 0.871507 3185 1.29331
637632697 81.375 0.742516 2749 1.31616
637567165 77.3412 0.530116 6236 1.25527
637632701 78.9337 0.626316 4239 1.4692
637567277 89.5875 0.37822 6521 1.41849
637632813 91.2316 0.425182 4425 1.58722
637567281 83.4372 0.711616 2729 1.23447
637600049 83.6994 0.649622 3233 1.37866
637632817 84.0175 0.85731 1827 1.42581
637567285 69.387 0.885661 2708 1.30416
637600053 76.7468 0.710521 3535 1.40693
637632821 62.5327 0.824919 3443 1.27621
637567289 78.1185 0.771747 2870 1.29082
637600057 83.1137 0.76029 2428 1.51312
637632825 79.0873 0.910744 1994 1.47322
637567293 84.8632 0.448184 6395 1.28793
637632829 87.3483 0.507899 4284 1.52467
637567405 79.7392 0.513165 6135 1.29772
637632941 85.6977 0.533024 4314 1.44998
637567409 66.0283 0.767091 3812 1.23381
637600177 77.1088 0.743976 3189 1.39794
637632945 80.7215 0.776944 2578 1.60368
637567413 74.0007 0.817766 2877 1.2083
637600181 65.2973 0.806821 3481 1.24039
637632949 58.4733 0.845961 3393 1.23231
637567417 64.9425 0.904316 2784 1.21967
637600185 65.7287 0.843904 3163 1.34979
637632953 70.6145 1.07668 1790 1.32676
637567421 84.7378 0.449247 6408 1.375
637632957 90.5374 0.443582 4354 1.54109
637567533 1.10435 0.132212 6248 1.18812
637633069 90.6132 0.433939 4517 1.6921
637567537 74.9138 0.705944 3771 1.2185
637600305 77.6855 0.717214 3370 1.31859
637633073 79.1651 0.777144 2731 1.36701
637567541 67.2758 0.863148 2955 1.20702
637600309 72.1038 0.741329 3660 1.34721
637633077 49.9568 0.848433 3473 1.42512
637567545 78.8217 0.729128 3140 1.26365
637600313 81.4535 0.774565 2518 1.34
637633081 70.0447 1.02095 2013 1.35263
637567549 90.0189 0.376394 6342 1.35258
637633085 91.5881 0.420796 4351 1.61292
637567661 72.6866 0.573272 6041 1.24709
637633197 89.7979 0.472297 4107 1.54221
637567665 53.0198 0.815877 3742 1.24581
637600433 63.6702 0.846774 3226 1.54293
637633201 75.7959 0.838874 2607 1.45082
637567669 68.6694 0.854574 2946 1.2809
637600437 71.2924 0.757475 3567 1.46306
637633205 71.4794 0.777431 3373 1.38006
637567673 72.5716 0.729831 3737 1.2163
637600441 79.3103 0.701445 3335 1.38162
637633209 64.3205 0.926931 2671 1.41042
637567677 69.9846 0.635338 5204 1.24346
637633213 65.64 0.754586 3961 1.36945
637567789 83.4945 0.463675 6410 1.27232
637633325 47.5344 0.768932 4218 1.27891
637567793 84.8772 0.598449 3584 1.31428
637600561 91.1429 0.506236 3150 1.31345
637633329 89.4615 0.602171 2600 1.49742
637567797 72.9375 0.825439 2897 1.43107
637600565 56 0.839047 3500 1.22532
637633333 77.4829 0.70563 3504 1.28042
637567801 90.5765 0.542801 2897 1.30562
637600569 86.6717 0.661366 2641 1.48571
637633337 90.8685 0.727919 1566 1.57135
637567805 81.5744 0.485489 6377 1.30049
637633341 84.852 0.543144 4357 1.49138
637567917 71.4609 0.573765 6195 1.2485
637633453 68.4068 0.729508 4061 1.47552
637567921 78.5586 0.658458 3885 1.33586
637600689 83.0611 0.652364 3306 1.38186
637633457 82.9869 0.737185 2598 1.50742
637567925 75.2306 0.783437 3036 1.24835
637600693 81.2746 0.653652 3562 1.60845
637633461 86.6922 0.583454 3389 1.35763
637567929 74.0102 0.719755 3713 1.26096
637600697 75.9867 0.741465 3319 1.32276
637633465 76.241 0.828493 2639 1.29272
637567933 61.219 0.614659 6284 1.1989
637633469 36.6104 0.75336 4089 1.24241
637568045 90.2331 0.372599 6348 1.35928
637633581 86.1947 0.529013 4252 1.51807
637568049 79.1138 0.654363 3859 1.18765
637600817 78.0784 0.729531 3216 1.39787
637633585 85.6159 0.686382 2614 1.45767
637568053 80.622 0.730708 2926 1.28513
637600821 78.7963 0.682294 3589 1.43263
637633589 79.4755 0.705314 3279 1.37006
637568057 68.7328 0.769437 3630 1.27118
637600825 74.9777 0.747129 3361 1.27903
637633593 75.2159 0.836673 2663 1.28129
637568061 37.2974 0.64189 5676 1.15997
637633597 64.9063 0.775551 3787 1.46331
637568173 88.2192 0.409259 6205 1.29875
637633709 86.2297 0.529135 4241 1.35321
637568177 90.0487 0.479404 3899 1.41125
637600945 83.4231 0.643267 3342 1.31495
637633713 91.7565 0.539785 2596 1.35331
637568181 70.5295 0.831958 3003 1.25126
637600949 73.6629 0.748916 3459 1.25753
637633717 66.1826 0.81446 3374 1.262
637568185 68.2934 0.777068 3586 1.2381
637600953 76.418 0.745329 3244 1.26024
637633721 80.2646 0.762993 2721 1.31028
637568189 68.0536 0.588707 6273 1.32227
637633725 79.5018 0.621796 4215 1.4326
637568301 75.8017 0.547823 6112 1.22059
637633837 82.9913 0.577059 4239 1.54958
637568305 29.7534 0.744479 3771 1.1495
637601073 77.6007 0.736897 3201 1.41516
637633841 83.9054 0.71766 2622 1.34878
637568309 64.6849 0.901791 2809 1.20245
637601077 68.1576 0.801787 3376 1.26788
637633845 85.7873 0.605283 3328 1.41571
637568313 74.8882 0.703205 3803 1.21749
637601081 86.6564 0.595563 3260 1.28357
637633849 85.4315 0.681856 2677 1.36813
637568317 94.7556 0.277269 6464 1.53041
637633853 93.2735 0.384807 4237 1.74591
637568429 65.7822 0.605327 6143 1.22657
637633965 88.1287 0.499392 4195 1.56719
637568433 76.128 0.690462 3812 1.24018
637601201 82.4625 0.659008 3330 1.49208
637633969 79.0934 0.803853 2559 1.43405
637568437 81.5713 0.69715 3093 1.33779
637601205 84.8162 0.601204 3563 1.43632
637633973 88.0875 0.556939 3383 1.45397
637568441 80.9473 0.638838 3779 1.22423
637601209 84.2439 0.63297 3313 1.38624
637633977 85.981 0.677635 2625 1.60256
637568445 91.8859 0.342736 6347 1.42888
637633981 88.5879 0.492323 4171 1.39495
637569069 87.8623 0.621605 2760 1.32006
637601837 88.5443 0.503698 3998 1.31557
637634605 87.9559 0.569786 3263 1.43992
637569073 62.1292 0.654359 5495 1.22833
637634609 70.4946 0.668809 4650 1.36148
637569077 13.0628 0.489941 4731 1.19501
637634613 81.2487 0.553941 4965 1.44794
637569081 0 0 0 1.14085
637634617 76.1853 0.626735 4619 1.33859
637569085 42.5431 0.94642 2729 1.10712
637601853 30.2307 0.739489 3857 1.22387
637634621 68.5489 0.824686 3170 1.29165
637569197 75.9224 0.833866 2629 1.30897
637601965 71.4399 0.732851 3799 1.59844
637634733 78.7986 0.732575 3113 1.34559
637569201 63.3482 0.657916 5364 1.16007
637634737 71.4596 0.665568 4604 1.31067
637569205 77.1374 0.61016 4737 1.27226
637634741 75.2758 0.594948 5258 1.37602
637569209 76.2822 0.570596 5557 1.30013
637634745 43.2589 0.725917 4658 1.43074
637569213 70.5949 0.884065 2656 1.40457
637601981 63.7461 0.77058 3892 1.39137
637634749 78.7268 0.731953 3126 1.33825
637569325 80.8527 0.774624 2580 1.30958
637602093 84.6662 0.563471 4089 1.54207
637634861 88.4135 0.56562 3202 1.49986
637569329 80.5085 0.599517 4366 1.21149
637634865 79.8806 0.64593 3852 1.34073
637569333 69.819 0.690466 4420 1.23037
637634869 36.4641 0.67612 5068 1.28455
637569337 63.9655 0.753475 4060 1.2749
637634873 88.3466 0.551821 3381 1.47436
637569341 68.4248 0.880463 2787 1.33735
637602109 82.9155 0.60509 3869 1.55015
637634877 85.6959 0.627712 3111 1.57573
637569453 77.384 0.859329 2370 1.28869
637602221 59.2167 0.794079 3830 1.29027
637634989 87.048 0.608791 3042 1.37211
637569457 43.0455 0.674738 5385 1.11028
637634993 48.7231 0.748111 4464 1.22711
637569461 81.5163 0.573755 4577 1.32734
637634997 85.7455 0.492944 5030 1.31512
637569465 67.5199 0.695632 4532 1.16623
637635001 66.2345 0.785461 3625 1.21891
637569469 81.1214 0.785985 2479 1.34893
637602237 82.2166 0.606864 3970 1.31266
637635005 85.8946 0.618322 3169 1.36973
637569581 87.7078 0.645559 2587 1.4013
637602349 89.5373 0.490738 3890 1.59845
637635117 90.1588 0.525663 3211 1.54962
637569585 78.8426 0.554462 5426 1.22422
637635121 81.439 0.561465 4795 1.34464
637569589 26.7439 0.648467 4659 1.16287
637635125 18.5525 0.542938 5126 1.4504
637569593 71.9592 0.66202 4604 1.16879
637635129 71.5659 0.747691 3640 1.31694
637569597 84.3504 0.703004 2671 1.27548
637602365 85.4086 0.566812 3879 1.49988
637635133 87.7307 0.590306 3089 1.54142
637569709 81.0191 0.773395 2571 1.27741
637602477 80.1802 0.648907 3774 1.4615
637635245 86.216 0.627511 3018 1.40345
637569713 67.2636 0.640889 5361 1.20668
637635249 73.0972 0.65771 4546 1.33317
637569717 82.4478 0.557924 4649 1.2896
637635253 54.2075 0.704387 5003 1.27048
637569721 68.4688 0.632236 5401 1.2192
637635257 77.5701 0.607915 4708 1.36389
637569725 62.3823 0.980088 2443 1.48295
637602493 66.9632 0.838301 3148 1.29789
637635261 67.5414 0.870063 2896 1.27844
637569837 81.6744 0.759897 2592 1.27666
637602605 83.1889 0.588429 4039 1.2774
637635373 76.4649 0.759107 3123 1.31916
637569841 0 0 5118 0
637635377 93.2707 0.370311 4577 1.44106
637569845 74.3145 0.647062 4559 1.25435
637635381 60.2661 0.689564 5036 1.36992
637569849 77.2432 0.650273 4157 1.28766
637635385 89.0225 0.556019 3161 1.31627
637569853 82.5725 0.722073 2760 1.21407
637602621 86.3422 0.555464 3822 1.42171
637635389 85.768 0.618586 3190 1.35662
637569965 83.021 0.734199 2615 1.3135
637602733 87.0259 0.543451 3823 1.40567
637635501 86.89 0.608743 3074 1.44081
637569969 77.2457 0.562505 5555 1.30804
637635505 81.5617 0.573523 4572 1.56861
637569973 79.3671 0.591721 4677 1.29637
637635509 87.505 0.468659 4978 1.53051
637569977 83.141 0.514993 5285 1.36716
637635513 82.5871 0.557738 4623 1.4238
637569981 32.8275 0.903383 2702 1.31311
637602749 57.4935 0.79466 3870 1.17055
637635517 54.2518 0.904454 3034 1.14598
637570093 82.9913 0.74636 2534 1.23175
637602861 76.6215 0.664643 4055 1.23251
637635629 72.3446 0.804923 3088 1.25575
637570097 75.6859 0.576344 5540 1.2026
637635633 76.6756 0.632104 4476 1.28792
637570101 79.0347 0.59357 4703 1.18952
637635637 75.087 0.618818 4885 1.34483
637570105 52.6811 0.692178 5203 1.20288
637635641 71.0386 0.662395 4689 1.40173
637570109 75.2995 0.8765 2421 1.1908
637602877 82.7348 0.640586 3481 1.281
637635645 81.6494 0.731383 2801 1.32601
637570221 52.4694 0.992644 2531 1.3012
637602989 62.1888 0.780904 3856 1.2462
637635757 61.8925 0.871272 3107 1.23581
637570225 52.218 0.672132 5523 1.25375
637635761 64.295 0.703539 4638 1.36592
637570229 67.3832 0.694323 4559 1.28661
637635765 64.2339 0.680577 4960 1.45639
637570233 78.1195 0.576837 5137 1.30236
637635769 80.7419 0.579079 4637 1.43505
637570237 70.1133 0.874988 2737 1.21587
637603005 70.7765 0.736604 3812 1.2172
637635773 73.019 0.803179 3054 1.3012
637570349 88.7889 0.638195 2444 1.25527
637603117 87.1703 0.535158 3905 1.47771
637635885 85.3803 0.6411 3037 1.42265
637570353 77.7385 0.567792 5368 1.25523
637635889 75.669 0.640775 4484 1.40265
637570357 46.7062 0.753255 4387 1.14439
637635893 50.5268 0.718585 4841 1.35288
637570361 80.3936 0.538431 5437 1.2436
637635897 49.6687 0.730944 4679 1.44577
637570365 89.8299 0.58126 2704 1.29601
637603133 85.0671 0.567022 3951 1.3457
637635901 83.1413 0.679358 3037 1.45819
637570477 80.6643 0.785319 2529 1.30279
637603245 83.8598 0.599423 3767 1.37161
637636013 82.8692 0.678027 3088 1.37278
637570481 27.4421 0.60016 5528 1.29325
637636017 44.3007 0.735449 4562 1.28848
637570485 67.394 0.679019 4766 1.22352
637636021 63.8954 0.668638 5160 1.26236
637570489 82.7343 0.51442 5398 1.28371
637636025 81.0172 0.572092 4699 1.41589
637570493 76.5556 0.815317 2700 1.31496
637603261 77.2417 0.666351 3959 1.19535
637636029 42.5146 0.889918 3086 1.24837
637567053 91.7585 0.601956 2087 1.35313
637632589 93.7527 0.498917 2353 1.49681
637567057 96.5129 0.615278 889 1.90728
637632593 96.9637 0.382816 2009 1.88525
637567061 91.6505 0.609487 2060 1.23521
637632597 90.3042 0.645094 2104 1.31978
637567065 63.9904 1.05253 2080 1.15364
637632601 77.8642 0.945259 1929 1.29971
637567069 88.4951 0.703018 2060 1.24605
637632605 93.8442 0.49868 2323 1.36899
637567181 84.5387 1.80542 401 1.23504
637632717 66.0745 0.985512 2308 1.26168
637567185 70.0082 0.930699 2424 1.14625
637632721 68.4867 1.0594 1923 1.27048
637567189 86.021 0.757434 2096 1.22785
637632725 40.8348 1.0196 2324 1.2419
637567193 65.5087 0.966665 2418 1.15005
637632729 61.8796 1.116 1894 1.23977
637567197 72.4905 0.971706 2112 1.21304
637632733 60.1521 1.03536 2236 1.15979
637567309 92.5926 0.570679 2106 1.29874
637632845 90.6342 0.597089 2381 1.31538
637567313 87.0644 0.815615 1693 1.20886
637632849 87.6756 0.830666 1566 1.28526
637567317 74.8823 0.992086 1911 1.23544
637632853 24.7121 0.907728 2258 1.14612
637567321 76.6074 0.870664 2364 1.18088
637632857 64.9628 1.06282 2015 1.24839
637567325 77.6777 0.906518 2110 1.18001
637632861 77.2908 0.881468 2259 1.22803
637567437 90.6673 0.65159 1993 1.27109
637632973 87.1127 0.710005 2227 1.31598
637567441 75.3978 0.893212 2325 1.16303
637632977 81.1139 0.880714 1975 1.30727
637567445 84.2234 0.806866 2041 1.16094
637632981 68.5558 0.992588 2188 1.23516
637567449 63.4857 1.15093 1750 1.12758
637632985 65.1163 1.21135 1548 1.19387
637567453 48.607 1.11482 2010 1.1046
637632989 86.1214 0.702636 2421 1.32053
637567565 87.8411 0.715035 2089 1.26243
637633101 85.3357 0.743461 2264 1.4041
637567569 68.3277 0.955977 2368 1.14793
637633105 64.7376 1.0581 2039 1.24167
637567573 69.6148 1.00291 2103 1.16017
637633109 71.529 0.945924 2276 1.21011
637567577 63.3832 0.982154 2406 1.14335
637633113 75.3616 0.979329 1936 1.22899
637567581 71.8437 0.981693 2099 1.30987
637633117 84.3943 0.763047 2262 1.3202
637567693 82.9268 0.831051 2050 1.21936
637633229 88.1988 0.679545 2254 1.29458
637567697 54.7877 1.01551 2402 1.11846
637633233 82.6894 0.847476 1993 1.19313
637567701 80.156 0.880642 2051 1.16204
637633237 78.6848 0.872139 2205 1.22429
637567705 62.8226 0.986077 2402 1.19989
637633241 60.9687 1.06299 2106 1.32405
637567709 66.5583 1.01677 2153 1.12492
637633245 75.9385 1.06039 1625 1.21586
637567821 66.348 1.03309 2092 1.1864
637633357 81.6645 0.805637 2307 1.24103
637567825 87.2688 0.691278 2325 1.26724
637633361 87.8205 0.755892 1872 1.31531
637567829 65.7471 1.31366 1305 1.14022
637633365 28.5714 17.0747 7 1.5
637567833 87.1806 0.689914 2348 1.247
637633369 84.9198 0.80099 1996 1.25092
637567837 71.2506 0.972253 2167 1.16539
637633373 61.7356 1.03062 2224 1.34059
637567949 85.8859 0.778915 1998 1.33803
637633485 83.6396 0.783164 2231 1.33537
637567953 62.3093 0.984097 2425 1.1662
637633489 77.8743 0.938318 1957 1.23068
637567957 84.9142 0.803937 1982 1.25836
637633493 83.8012 0.790381 2173 1.23581
637567961 82.8339 0.780195 2336 1.29581
637633497 55.7527 1.11818 1973 1.45803
637567965 77.8685 0.909582 2083 1.20301
637633501 62.6777 1.03565 2181 1.29261
637568077 89.4554 0.683348 2020 1.32093
637633613 87.8814 0.676514 2327 1.4078
637568081 71.0012 0.924878 2407 1.13641
637633617 70.0521 1.04531 1920 1.23656
637568085 73.6632 0.984653 2001 1.35745
637633621 77.656 0.909205 2099 1.34626
637568089 75.1625 0.930962 2154 1.21324
637633625 45.9661 1.11217 2008 1.33782
637568093 86.4651 0.737783 2150 1.34986
637633629 87.6428 0.676996 2363 1.4038
637568205 82.6479 0.848065 1994 1.18836
637633741 81.6819 0.789253 2402 1.40604
637568209 79.9908 0.858035 2174 1.1715
637633745 0 0 0 0
637568213 36.8369 1.06902 2036 1.10714
637633749 28.8879 0.963689 2212 1.27744
637568217 73.1047 0.941946 2216 1.3527
637633753 75.3652 0.967118 1985 1.28867
637568221 79.2789 0.865893 2191 1.22233
637633757 88.3386 0.681046 2221 1.26129
637568333 86.4711 0.743898 2114 1.19055
637633869 78.975 0.852824 2283 1.3594
637568337 85.5986 0.724734 2347 1.21751
637633873 79.212 0.923922 1929 1.3857
637568341 52.3647 1.10281 2051 1.13376
637633877 23.1788 0.917769 2114 1.32995
637568345 48.8412 1.03556 2330 1.11544
637633881 62.0935 1.09362 1968 1.22301
637568349 93.2466 0.624635 1614 1.33797
637633885 88.1808 0.753432 1836 1.3673
637568461 96.4303 0.407496 2073 1.67014
637633997 97.6471 0.322433 2210 1.80365
637568465 82.6644 0.782232 2342 1.21122
637634001 88.9 0.704005 1991 1.35465
637568469 71.4085 0.977442 2137 1.18684
637634005 78.3318 0.877157 2206 1.42857
637568473 67.4923 0.985077 2261 1.16694
637634009 77.8218 0.924354 2020 1.38856
637568477 0 0 2138 0
637634013 0 0 2286 0
637571149 87.931 0.70322 2146 1.34222
637636685 91.1315 0.641815 1962 1.39083
637571153 89.3513 1.07917 817 1.23191
637636689 82.6291 0.8653 1917 1.36155
637571157 90.1567 0.659237 2042 1.34106
637636693 95.0864 0.461045 2198 1.41708
637571161 73.5056 0.993262 1974 1.189
637636697 79.2609 0.952194 1813 1.37003
637571165 69.8623 1.01742 2034 1.22988
637636701 80.0859 0.925235 1863 1.33531
637571277 87.218 1.67153 399 1.28884
637636813 87.9716 0.760622 1829 1.25682
637571281 89.644 0.655131 2163 1.223
637636817 86.7822 0.788277 1846 1.26324
637571285 75.9815 0.918117 2165 1.24043
637636821 79.1209 0.819972 2457 1.33319
637571289 51.9629 1.04932 2267 1.20488
637636825 24.3965 0.973311 1947 1.34777
637571293 67.7572 1.01778 2109 1.13636
637636829 76.2721 0.969359 1926 1.18593
637571405 93.3666 0.555786 2005 1.27037
637636941 92.8751 0.576217 1993 1.42436
637571409 86.3841 0.869153 1557 1.253
637636945 85.8855 0.898375 1502 1.30826
637571413 91.3134 0.644259 1911 1.32545
637636949 89.6073 0.667838 2088 1.44566
637571417 76.2767 0.91656 2154 1.19787
637636953 68.7568 1.07758 1850 1.27373
637571421 48.9554 1.0893 2106 1.12148
637636957 51.6836 1.15528 1871 1.20548
637571533 88.4728 0.704297 2056 1.22212
637637069 89.6483 0.677966 2019 1.3721
637571537 69.9544 0.933296 2413 1.26186
637637073 67.0119 1.06995 1931 1.26641
637571541 34.2472 1.04074 2079 1.09765
637637077 37.4233 1.01302 2282 1.40448
637571545 57.1429 1.17131 1785 1.10752
637637081 62.6016 1.25944 1476 1.18346
637571549 83.5312 0.824831 2022 1.24241
637637085 85.8923 0.777212 2006 1.22539
637571661 86.8563 0.748257 2039 1.25736
637637197 87.7374 0.764049 1843 1.3859
637571665 72.8406 0.955911 2165 1.31776
637637201 70.5553 1.02875 1963 1.46435
637571669 59.0566 1.51033 1060 1.19367
637637205 57.7944 1.42218 1206 1.19465
637571673 72.1079 0.958976 2187 1.21962
637637209 86.0095 0.798552 1887 1.29302
637571677 75.4429 0.954851 2032 1.24822
637637213 79.7569 0.923767 1892 1.32149
637571789 80.4084 0.875122 2057 1.16358
637637325 87.3042 0.773829 1851 1.32816
637571793 80.82 0.840361 2195 1.20523
637637329 76.044 1.00047 1820 1.34347
637571797 84.1741 0.811677 2022 1.20113
637637333 75.3418 0.952431 2048 1.23494
637571801 62.8165 1.01865 2251 1.17307
637637337 67.6328 1.08399 1863 1.21483
637571805 82.666 0.852215 1973 1.22837
637637341 84.6154 0.825349 1911 1.28161
637571917 47.6931 1.10073 2059 1.22828
637637453 57.7614 1.13497 1894 1.28551
637571921 79.8047 0.845783 2253 1.18198
637637457 85.334 0.8082 1916 1.28549
637571925 66.3914 1.3574 1211 1.18644
637637461 100 0 6 1.5
637571929 79.4967 0.871508 2146 1.25696
637637465 72.7669 1.03891 1836 1.27175
637571933 61.7162 1.05545 2121 1.17204
637637469 71.6308 1.03228 1907 1.30995
637572045 89.2586 0.675046 2104 1.19766
637637581 87.7123 0.733726 2002 1.34614
637572049 41.6779 1.04427 2229 1.12479
637637585 77.2532 0.970947 1864 1.20046
637572053 86.0231 0.759929 2082 1.23441
637637589 82.2955 0.822827 2152 1.39773
637572057 79.1798 0.861928 2219 1.15962
637637593 73.2804 1.01784 1890 1.30881
637572061 80.4078 0.885085 2011 1.31821
637637597 85.6328 0.798827 1928 1.30468
637572173 32.4964 1.02918 2071 1.12401
637637709 45.1308 1.17389 1797 1.25174
637572177 74.0462 0.951431 2123 1.22884
637637713 76.3528 0.988442 1848 1.33746
637572181 76.0211 0.935934 2081 1.31226
637637717 63.1803 1.04926 2113 1.37656
637572185 64.7119 1.08382 1944 1.20714
637637721 72.9212 1.03933 1828 1.27306
637572189 87.1555 0.742239 2032 1.23152
637637725 91.4209 0.648491 1865 1.32014
637572301 86.2536 0.757561 2066 1.23805
637637837 87.2428 0.756649 1944 1.26956
637572305 78.7234 0.981416 1739 1.21598
637637841 0 0 0 0
637572309 74.9868 0.993835 1899 1.18841
637637845 74.6349 0.96004 2054 1.41041
637572313 69.3406 1.02285 2032 1.20911
637637849 75.3483 0.997709 1866 1.35099
637572317 83.6786 0.830735 1979 1.31526
637637853 91.1372 0.656696 1873 1.28832
637572429 77.7505 0.921771 2036 1.24987
637637965 82 0.893218 1850 1.33129
637572433 0 0 2299 0
637637969 0 0 1830 0
637572437 67.3362 1.07819 1892 1.13432
637637973 54.7126 1.06734 2175 1.27174
637572441 77.4238 0.891965 2197 1.26854
637637977 74 1.0198 1850 1.48477
637572445 71.2744 1.02572 1946 1.16635
637637981 82.6429 0.867293 1907 1.30375
637572557 92.4353 0.584175 2049 1.28513
637638093 89.0289 0.71605 1905 1.39403
637572561 85.2016 0.787329 2034 1.20388
637638097 89.6896 0.715964 1804 1.34906
637572565 76.9192 0.94382 1993 1.24176
637638101 84.296 0.7729 2216 1.33894
637572569 67.1016 1.01424 2146 1.17475
637638105 64.5708 1.11839 1829 1.22106
637572573 89.0291 0.688578 2060 1.28686
637638109 90.0053 0.691551 1881 1.33843
637567085 72.2222 7.46505 36 1.34483
637632621 84.6154 7.07589 26 1.39286
637567089 65.4378 2.28281 434 1.16358
637632625 44.1548 1.44009 1189 1.22037
637567093 84.2315 1.15133 1002 1.19855
637632629 72.2321 1.33822 1120 1.25862
637567097 56.2112 1.95501 644 1.22222
637632633 16.7736 1.13118 1091 1.37457
637567101 66.6667 5.93914 63 1.08163
637632637 31.25 8.19382 32 1.16667
637567213 64.5161 8.59348 31 1.57143
637632749 42.8571 13.226 14 1.2
637567217 20.7792 1.88761 462 1.08029
637632753 19.1829 1.17338 1126 1.19031
637567221 73.7 1.39223 1000 1.17189
637632757 73.2394 1.35658 1065 1.33009
637567225 26.6983 1.75832 633 1.12719
637632761 32.2917 1.37765 1152 1.26166
637567229 67.3684 4.81045 95 1.30864
637632765 62.5 9.88212 24 1.22222
637567341 80 2.98142 180 1.24742
637632877 51.3889 2.08253 576 1.48919
637567345 75.5337 1.74199 609 1.16549
637632881 72.4417 1.4222 987 1.14899
637567349 71.7757 1.37597 1070 1.13264
637632885 64.2857 1.44079 1106 1.25728
637567353 63.7741 1.78387 726 1.09634
637632889 62.2274 1.353 1284 1.19889
637567357 32.9545 2.50537 352 1.20833
637632893 25.7919 1.47143 884 1.21569
637567469 90.4762 2.61509 126 1.1791
637633005 88.986 1.30899 572 1.2965
637567473 87.013 3.8309 77 1.28571
637633009 88.9744 1.12147 780 1.29477
637567477 80.0654 1.61492 612 1.19734
637633013 83.0508 1.47273 649 1.2089
637567481 81.4815 2.15804 324 1.12
637633017 76.8421 1.53018 760 1.21692
637567485 86.2903 3.08876 124 1.31159
637633021 83.5871 1.52359 591 1.21124
637567597 79.1045 1.43383 804 1.15637
637633133 74.9219 1.21157 1280 1.27339
637567601 75.7009 1.14996 1391 1.14805
637633137 77.5151 1.02777 1650 1.33401
637567605 61.3184 1.21452 1608 1.11286
637633141 57.9279 1.18112 1747 1.20653
637567609 65.2595 1.25258 1445 1.1742
637633145 72.3469 1.10147 1649 1.23088
637567613 70.3106 1.61032 805 1.10836
637633149 78.2375 1.14224 1305 1.34421
637567725 67.2535 1.96909 568 1.16386
637633261 63.3621 3.16327 232 1.38947
637567729 62.2407 1.27487 1446 1.138
637633265 66.1118 1.15412 1682 1.30425
637567733 71.6249 1.10185 1674 1.14404
637633269 70.3215 1.09456 1742 1.2493
637567737 54.1467 1.3045 1459 1.33614
637633273 62.6067 1.15431 1757 1.27287
637567741 63.871 1.92923 620 1.24632
637633277 74.2358 2.89 229 1.52232
637567853 82.8947 4.31938 76 1.10448
637633389 84.6154 10.0068 13 1.14286
637567857 0 0 1424 0
637633393 0 0 1522 0
637567861 87.6471 1.03028 1020 1.20594
637633397 50 20.4124 6 1
637567865 79.3624 1.17219 1192 1.20054
637633401 78.0745 1.03114 1610 1.51204
637567869 44.8718 5.63153 78 1.13158
637633405 84.6154 10.0068 13 1.26667
637567981 79.8305 1.65198 590 1.13222
637633517 77.2512 2.88596 211 1.35965
637567985 71.4194 1.14242 1564 1.18275
637633521 73.0679 1.07338 1708 1.27648
637567989 59.3481 1.2181 1626 1.13468
637633525 56.0563 1.17804 1775 1.32261
637567993 65.4545 1.23396 1485 1.19447
637633529 67.8984 1.12181 1732 1.26103
637567997 76.6129 1.69998 620 1.26405
637633533 75.2475 3.03655 202 1.49533
637568109 75.8772 1.63584 684 1.20402
637633645 73.9437 1.22784 1278 1.28311
637568113 58.707 1.58991 959 1.12668
637633649 48.2671 1.45284 1183 1.31233
637568117 61.4302 1.17849 1706 1.14466
637633653 63.2558 1.16247 1720 1.32118
637568121 69.8837 1.56437 860 1.43113
637633657 74.5487 1.30859 1108 1.28165
637568125 75.0643 1.55109 778 1.26629
637633661 68.2114 1.25305 1381 1.31498
637568237 57.9972 1.84068 719 1.1928
637633773 77.0833 1.08957 1488 1.25826
637568241 53.2895 1.34892 1368 1.25694
637633777 64.2327 1.68623 808 1.2619
637568245 68.9946 1.13486 1661 1.14887
637633781 74.0471 1.03789 1784 1.251
637568249 61.9492 1.41338 1180 1.17365
637633785 34.8302 1.11494 1826 1.22422
637568253 67.451 1.69407 765 1.28346
637633789 72.2581 1.13722 1550 1.38311
637568365 78.7149 1.49764 747 1.12953
637633901 71.8585 1.23353 1329 1.30965
637568369 62.201 1.2677 1463 1.26145
637633905 64.9052 1.14383 1741 1.30815
637568373 57.4613 1.23025 1615 1.18494
637633909 56.4773 1.18179 1760 1.28263
637568377 66.6194 1.25541 1411 1.20412
637633913 70.7865 1.10585 1691 1.35623
637568381 75.1361 1.84134 551 1.23887
637633917 59.8501 1.60399 934 1.29901
637568493 68.932 2.63262 309 1.11888
637634029 82.669 1.57578 577 1.21793
637568497 89.426 1.19515 662 1.1854
637634033 78.011 1.37675 905 1.18139
637568501 40.8291 1.74214 796 1.08424
637634037 35.0365 1.66402 822 1.34509
637568505 78.4666 1.66023 613 1.19031
637634041 71.5607 1.53387 865 1.21483
637568509 72.7848 2.5037 316 1.16
637634045 70.1674 1.78497 657 1.27568
637571181 54.7945 5.82509 73 1.25
637636717 50 15.8114 10 1.77778
637571185 71.6792 2.2556 399 1.15556
637636721 72.4042 1.17999 1435 1.27903
637571189 79.7059 0.975452 1700 1.16087
637636725 73.6932 1.04952 1760 1.21291
637571193 44.0767 1.46531 1148 1.12903
637636729 35.6291 1.23242 1510 1.3196
637571197 57.971 5.94231 69 1.35556
637636733 78.5714 10.9664 14 1
637571309 0 0 0 0
637636845 80.7692 5.46537 52 1.09524
637571313 0 0 1466 0
637636849 0 0 1598 0
637571317 71.7577 1.15506 1519 1.1299
637636853 69.1213 1.14925 1616 1.28359
637571321 59.4106 1.27089 1493 1.16587
637636857 62.5309 1.20261 1620 1.27055
637571325 48.3607 2.02335 610 1.13196
637636861 48.4 3.16066 250 1.34615
637571437 78.5326 1.51348 736 1.3
637636973 80.9375 1.09789 1280 1.37405
637571441 83.5461 1.39638 705 1.17261
637636977 74.7376 1.18968 1334 1.21263
637571445 69.8371 1.17145 1535 1.14442
637636981 65.8635 1.13575 1743 1.25516
637571449 74.18 1.2692 1189 1.18421
637636985 73.6946 1.13193 1513 1.17418
637571453 69.9749 1.62464 796 1.20253
637636989 79.1258 1.11565 1327 1.44649
637571565 91.2313 1.22168 536 1.23741
637637101 85.0126 1.26676 794 1.22076
637571569 86.9249 1.17302 826 1.17019
637637105 90.3524 0.85515 1192 1.22855
637571573 73.6549 1.34166 1078 1.19932
637637109 81.9714 1.1158 1187 1.16083
637571577 0 0 602 0
637637113 0 0 971 0
637571581 81.2144 1.70147 527 1.25725
637637117 80.2978 1.34618 873 1.26142
637571693 87.5 1.60611 424 1.22391
637637229 84.8414 1.22933 851 1.38611
637571697 81.8758 1.37141 789 1.16894
637637233 73.4277 1.23851 1272 1.28957
637571701 60.8974 1.95348 624 1.17067
637637237 48.3077 1.96004 650 1.18611
637571705 70.3956 1.68616 733 1.1393
637637241 74.5036 1.22833 1259 1.30876
637571709 73.1051 2.19254 409 1.18611
637637245 75.1142 1.46078 876 1.31771
637571821 64.8649 4.53121 111 1.27273
637637357 78.5714 7.75443 28 1.25
637571825 60.5398 1.75231 778 1.16697
637637361 52.9004 1.46875 1155 1.31367
637571829 70.6127 1.46794 963 1.1761
637637365 63.2353 1.68791 816 1.28
637571833 48.3029 1.80553 766 1.27331
637637369 52.3609 1.45025 1186 1.18856
637571837 0 0 129 0
637637373 0 0 23 0
637571949 77.027 4.89006 74 1.21311
637637485 89.4737 7.04059 19 1.4
637571953 90.2532 1.05524 790 1.25587
637637489 90.6876 0.857325 1149 1.33165
637571957 97.9971 0.529899 699 1.46443
637637493 93.913 1.57652 230 1.57269
637571961 84.874 1.34091 714 1.20394
637637497 81.8852 1.10265 1220 1.40388
637571965 55.7143 5.93699 70 1.04444
637637501 70.8333 9.27805 24 1.42105
637572077 85.446 1.70857 426 1.25229
637637613 82.0144 1.62881 556 1.29049
637572081 77.8434 1.59613 677 1.19132
637637617 68.0921 1.54348 912 1.33475
637572085 68.3781 1.58841 857 1.17372
637637621 67.7541 1.65568 797 1.31489
637572089 66.2539 1.86038 646 1.22476
637637625 57.2973 1.62639 925 1.29692
637572093 0 0 423 0
637637629 0 0 524 0
637572333 55.9947 1.80179 759 1.14528
637637869 70.7248 1.20709 1421 1.27716
637572337 53.1088 1.46647 1158 1.18605
637637873 54.2424 2.74248 330 1.5529
637572341 74.6598 1.1073 1543 1.20391
637637877 61.9448 1.18952 1666 1.30179
637572345 80.9133 1.34476 854 1.16322
637637881 73.4295 1.28695 1178 1.34283
637572349 67.5879 1.65894 796 1.27402
637637885 64.8302 1.31179 1325 1.33764
637572589 74.6296 1.8725 540 1.19868
637638125 84.2391 2.6862 184 1.74783
637572593 67.0494 1.59265 871 1.2091
637638129 76.3243 1.39769 925 1.39464
637572597 74.9563 1.04561 1717 1.21715
637638133 68.651 1.08415 1831 1.43514
637572601 61.0774 1.26525 1485 1.1537
637638137 64.6349 1.17452 1657 1.37631
637572605 78.0612 1.70661 588 1.20669
637638141 61.9835 3.12044 242 1.43836
637575661 82.5641 1.5687 585 1.16949
637641197 85.5087 1.1285 973 1.25049
637575665 90.6225 0.828853 1237 1.17118
637641201 82.2308 1.06018 1300 1.19952
637575669 80.9135 1.12235 1226 1.16723
637641205 66.0364 1.27717 1375 1.34969
637575673 79.2063 1.61687 630 1.15397
637641209 40.1831 1.56371 983 1.17268
637575677 80.2491 1.67937 562 1.25174
637641213 78.8501 1.30851 974 1.24655
637579757 86.4078 3.37678 103 1.27007
637645293 69.5332 2.28146 407 1.22316
637579761 87.7323 2.00025 269 1.19375
637645297 81.965 1.41052 743 1.2036
637579765 80.3493 1.85672 458 1.17568
637645301 80.5808 1.68522 551 1.28897
637579769 0 0 89 0
637645305 0 0 449 0
637579773 83.9506 4.07848 81 1.22124
637645309 87.6214 1.62253 412 1.35664
