637566980 72.1567 0.973718 2119 1.20145
637599748 52.7537 0.834739 3577 1.24481
637632516 60.7075 0.675344 5230 1.2382
637566982 87.3448 0.726549 2094 1.28866
637599750 66.2607 0.786615 3613 1.22648
637632518 59.6355 0.659051 5542 1.20295
637566984 56.5217 5.96787 69 1.02222
637599752 46.6135 2.22648 502 1.13548
637632520 70.3099 1.84537 613 1.15426
637566986 65.2174 5.73374 69 1.26866
637599754 64.3275 2.11498 513 1.09926
637632522 76.1111 1.83495 540 1.14835
637567108 88.5262 0.708759 2022 1.25199
637599876 77.8889 0.711607 3401 1.26909
637632644 76.1802 0.597431 5084 1.3562
637567110 81.7146 0.860482 2018 1.21172
637599878 79.6826 0.677314 3529 1.22728
637632646 82.5919 0.491282 5957 1.25518
637567112 47.541 6.3941 61 1.11364
637599880 66.5975 2.1483 482 1.22047
637632648 74.7885 1.78617 591 1.2669
637567114 81.1765 4.23991 85 1.31776
637599882 66.8593 2.06623 519 1.1619
637632650 73.4266 1.84694 572 1.23346
637567236 85.4774 0.789808 1990 1.21702
637600004 84.4138 0.608956 3548 1.28394
637632772 83.4537 0.519071 5125 1.31568
637567238 47.0264 1.17123 1816 1.19932
637600006 39.9289 0.880616 3093 1.19415
637632774 40.693 0.681585 5195 1.17105
637567240 48.7179 5.65952 78 1.04545
637600008 54.898 2.24791 490 1.11635
637632776 45.8753 2.23516 497 1.09677
637567242 75.3425 5.04468 73 1.19565
637600010 73.1707 1.99752 492 1.14351
637632778 77.7154 1.80088 534 1.15613
637567364 82.394 0.850591 2005 1.24024
637600132 80.0348 0.680955 3446 1.24615
637632900 82.6195 0.523988 5230 1.30155
637567366 81.6754 0.88521 1910 1.37092
637600134 78.4181 0.720295 3262 1.34565
637632902 66.4801 0.634223 5540 1.27933
637567368 42.5 5.52692 80 1.27027
637600136 27.7132 1.97037 516 1.15789
637632904 29.5539 1.96718 538 1.11523
637567370 60.6557 6.25478 61 1.0566
637600138 37.9232 2.30524 443 1.09174
637632906 45.2471 2.17023 526 1.16517
637567492 56.9594 1.12212 1947 1.14984
637600260 73.7045 0.757569 3377 1.17403
637633028 70.0243 0.652243 4934 1.18909
637567494 23.745 0.953401 1992 1.17236
637600262 65.0256 0.804482 3514 1.381
637633030 76.3822 0.554839 5860 1.51302
637567496 43.9394 6.10919 66 1.15625
637600264 20 1.89618 445 1.17757
637633032 30.2231 2.06825 493 1.10784
637567498 0 0 81 0
637600266 0 0 480 0
637633034 0 0 497 0
637567620 60.6346 1.08784 2017 1.17617
637600388 52.4315 0.857361 3393 1.17874
637633156 55.8945 0.696556 5081 1.18642
637567622 64.9533 1.08717 1926 1.20138
637600390 59.8271 0.877122 3124 1.17504
637633158 55.465 0.684045 5279 1.19624
637567624 5.71429 2.77431 70 2
637600392 25.4 1.94671 500 1.10227
637633160 28.3972 1.88212 574 1.15638
637567626 42.1053 6.53959 57 1.09677
637600394 31.2629 2.10929 483 1.15591
637633162 38.0497 2.12298 523 1.11197
637571076 50.9744 1.13206 1950 1.20697
637603844 62.8123 0.970111 2482 1.26138
637636612 61.0451 0.792217 3789 1.30738
637571078 82.9891 0.875921 1840 1.2789
637603846 73.6947 0.879001 2509 1.18502
637636614 72.7438 0.67052 4410 1.25565
637571080 62.9032 6.13492 62 1.20968
637603848 45.5604 1.90008 687 1.15135
637636616 54.0373 1.96384 644 1.16036
637571082 72 5.18459 75 1.17568
637603850 57.6294 1.82392 734 1.10838
637636618 63.3914 1.91775 631 1.13786
637571204 89.1204 0.749072 1728 1.53525
637603972 88.9925 0.659388 2253 1.82961
637636740 90.0367 0.523607 3272 1.85349
637571206 83.4544 0.878537 1789 1.19865
637603974 76.3124 0.878358 2343 1.26594
637636742 78.7594 0.61879 4369 1.26939
637571208 85.7143 3.98779 77 1.18182
637603976 75.1506 1.67703 664 1.17399
637636744 82.2294 1.53645 619 1.12366
637571210 91.5493 3.30099 71 1.27957
637603978 84.3373 1.41045 664 1.17199
637636746 90.5213 1.16425 633 1.2042
637571332 65.7462 1.1503 1702 1.19838
637604100 72.6749 0.937802 2258 1.24634
637636868 68.3632 0.824307 3183 1.34192
637571334 83.6344 0.852802 1882 1.30511
637604102 92.486 0.527023 2502 1.74496
637636870 91.8125 0.40298 4629 2.02074
637571336 35 6.15765 60 1.07143
637604104 75.3799 1.67942 658 1.13285
637636872 75.0413 1.75948 605 1.1791
637571338 53.2468 5.686 77 1.04348
637604106 47.6621 1.93972 663 1.11905
637636874 36.3636 1.90448 638 1.08025
637571460 66.7241 1.12962 1740 1.17597
637604228 58.0806 1.04985 2209 1.21209
637636996 69.3706 0.75924 3686 1.27075
637571462 69.539 1.07823 1822 1.15697
637604230 58.937 1.0185 2333 1.17696
637636998 57.1049 0.736321 4518 1.17845
637571464 58.9286 6.57414 56 1.40541
637604232 50.8885 2.00935 619 1.12531
637637000 51.2 1.99942 625 1.13784
637571466 62.5 6.05154 64 1.23611
637604234 37.7778 1.86612 675 1.13826
637637002 40.4025 1.93064 646 1.16208
637571588 12.3653 0.783996 1763 1.31108
637604356 13.1133 0.712877 2242 1.33364
637637124 16.3598 0.642667 3313 1.50468
637571590 48.552 1.19099 1761 1.13549
637604358 63.2427 1.03478 2171 1.1629
637637126 69.9468 0.747714 3760 1.25976
637571592 47.0588 6.05289 68 1.125
637604360 18.7107 1.54644 636 1.08743
637637128 28.6416 1.82894 611 1.12109
637571594 7.8125 3.3546 64 1
637604362 29.12 1.81726 625 1.08571
637637130 27.0903 1.81739 598 1.15254
637571716 66.7964 1.11064 1798 1.15483
637604484 67.1973 1.03117 2073 1.20426
637637252 69.2514 0.796911 3353 1.21674
637571718 65.1943 1.15601 1698 1.1626
637604486 75.3224 0.909115 2249 1.24549
637637254 75.5044 0.662574 4213 1.26679
637571720 19.0476 4.94726 63 1.07692
637604488 9.33333 1.11967 675 1.10227
637637256 26.5579 1.70114 674 1.10042
637571722 46.9697 6.14326 66 1.26531
637604490 39.5415 1.85066 698 1.0903
637637258 44.1125 2.08153 569 1.12188
637575172 72.359 1.01276 1950 1.18966
637607940 50.4711 0.886062 3184 1.28713
637640708 32.3232 0.671524 4851 1.34741
637575174 83.3912 0.82866 2017 1.23872
637607942 75.1825 0.738086 3425 1.20243
637640710 82.9024 0.508026 5492 1.28626
637575176 68.75 5.7939 64 1.13793
637607944 55.5328 2.24949 488 1.09309
637640712 60.2381 2.38806 420 1.17452
637575178 79.4521 4.72907 73 1.2
637607946 41.4313 2.13771 531 1.10584
637640714 50.3759 2.16771 532 1.19231
637575300 82.4032 0.85383 1989 1.30034
637608068 82.3165 0.654991 3393 1.28305
637640836 77.1589 0.594234 4991 1.30144
637575302 76.5461 0.924171 2102 1.21376
637608070 64.2079 0.790894 3674 1.20149
637640838 65.1315 0.624724 5819 1.24059
637575304 73.494 4.84461 83 1.14474
637608072 78.6087 1.71009 575 1.22117
637640840 83.9851 1.58262 537 1.23715
637575306 74.0741 4.8692 81 1.13636
637608074 89.0203 1.28493 592 1.20458
637640842 88.6827 1.36457 539 1.37037
637575428 75.501 0.962654 1996 1.47652
637608196 86.9809 0.577541 3395 1.37616
637640964 86.8818 0.463815 5298 1.50514
637575430 77.8534 0.950114 1910 1.22847
637608198 71.9343 0.806093 3107 1.53029
637640966 60.907 0.653288 5579 1.52342
637575432 47.4576 6.50102 59 1.03125
637608200 49.6718 2.33885 457 1.07117
637640968 64.3541 2.34264 418 1.10256
637575434 58.0645 6.26687 62 1.16364
637608202 60.0379 2.13167 528 1.10899
637640970 54.2574 2.21689 505 1.15325
637575556 46.3861 1.10958 2020 1.22505
637608324 40.0938 0.839015 3412 1.36826
637641092 39.8184 0.695428 4955 1.29811
637575558 19.7031 1.03322 1482 1.21419
637608326 18.5624 0.772677 2532 1.21116
637641094 17.8005 0.611734 3910 1.43794
637575560 45.9459 5.79324 74 1
637608328 40.1141 2.13707 526 1.09057
637641096 53.945 2.13509 545 1.09434
637575562 62.7119 6.29556 59 1.23881
637608330 51.7172 2.24601 495 1.16181
637641098 58.0524 2.13547 534 1.14388
637575684 73.0727 1.03354 1842 1.17216
637608452 66.9645 0.811777 3357 1.22907
637641220 70.841 0.650141 4887 1.24181
637575686 69.5696 1.03533 1975 1.31077
637608454 57.2976 0.83515 3508 1.27735
637641222 57.5713 0.672443 5402 1.30285
637575688 33.6957 4.92792 92 1.22222
637608456 36.1829 2.14258 503 1.08531
637641224 49.0982 2.23794 499 1.11935
637575690 12.1951 3.61364 82 1.5
637608458 25.1473 1.92305 509 1.17722
637641226 28.8538 2.0142 506 1.17619
637575812 39.6629 1.15951 1780 1.17943
637608580 62.594 0.856457 3192 1.18385
637641348 56.4087 0.715288 4806 1.2275
637575814 46.7441 1.121 1981 1.20225
637608582 56.2699 0.84417 3453 1.16776
637641350 60.1317 0.662142 5468 1.22709
637575816 57.5342 5.78524 73 1.125
637608584 34.7985 2.03851 546 1.17021
637641352 49.7487 2.04634 597 1.15288
637575818 41.1765 5.96823 68 1.20408
637608586 12.5448 1.40219 558 1.14103
637641354 11.7988 1.41877 517 1.24675
637579268 65.1837 1.08354 1933 1.20734
637612036 50.933 1.02949 2358 1.30721
637644804 52.5784 0.803812 3859 1.46854
637579270 91.1406 0.668649 1806 1.59077
637612038 28.3468 0.90499 2480 1.50029
637644806 85.3768 0.529974 4445 1.62819
637579272 76.7123 4.94691 73 1.21687
637612040 59.6154 1.88718 676 1.12877
637644808 65.0915 1.86113 656 1.16266
637579274 80.303 4.89546 66 1.10843
637612042 60.7194 1.85251 695 1.10851
637644810 42.8076 2.05988 577 1.14803
637579396 80.3252 0.925514 1845 1.28646
637612164 79.6055 0.825402 2383 1.3721
637644932 65.2519 0.787946 3652 1.37339
637579398 72.776 1.03042 1866 1.3173
637612166 81.1479 0.780852 2509 1.48112
637644934 87.8536 0.489472 4454 1.60298
637579400 0 0 65 0
637612168 80.4408 1.47213 726 1.14456
637644936 77.0132 1.60995 683 1.20274
637579402 85.1351 4.13541 74 1.14286
637612170 69.0828 1.77751 676 1.14599
637644938 74.7604 1.73616 626 1.20376
637579524 63.5196 1.13778 1790 1.2
637612292 61.9881 1.00262 2344 1.34512
637645060 63.1966 0.811141 3535 1.45022
637579526 80.6537 0.906938 1897 1.35711
637612294 58.2795 0.990963 2476 1.28929
637645062 68.3226 0.670717 4811 1.35233
637579528 61.6667 6.27679 60 1.36364
637612296 59.6413 1.89683 669 1.16525
637645064 70.5172 1.89329 580 1.14591
637579530 73.5849 6.05595 53 1.07692
637612298 43.7403 1.95024 647 1.07283
637645066 59.6273 1.93341 644 1.09534
637579652 48.0112 1.18252 1785 1.14405
637612420 55.6024 1.01973 2374 1.27588
637645188 66.2103 0.78269 3652 1.24918
637579654 53.6782 1.19541 1740 1.27602
637612422 61.4262 0.994028 2398 1.27506
637645190 56.0885 0.757259 4295 1.34976
637579656 29.4118 5.52551 68 1.42857
637612424 15.5477 1.52311 566 1.07216
637645192 28.3394 1.91461 554 1.14444
637579658 35 5.33268 80 1.25806
637612426 35.7459 1.84191 677 1.09831
637645194 57.7352 1.97277 627 1.09009
637579780 24.5647 1.07349 1608 1.18149
637612548 27.1255 1.00019 1976 1.17589
637645316 46.3097 0.867226 3306 1.14475
637579782 64.5499 1.18777 1622 1.1749
637612550 56.8627 1.11051 1989 1.14056
637645318 50.3892 0.792231 3983 1.16154
637579784 12.1622 3.79953 74 1.22222
637612552 15 1.43403 620 1.10714
637645320 25.7824 1.68871 671 1.06452
637579786 23.3333 5.46029 60 1.05
637612554 36.2295 1.94615 610 1.07377
637645322 37.3473 2.02079 573 1.14983
637579908 51.1653 1.16373 1845 1.32742
637612676 52.6675 1.03149 2343 1.4015
637645444 40.5134 0.843283 3389 1.43525
637579910 62.9951 1.12466 1843 1.22875
637612678 69.6774 0.953274 2325 1.35954
637645446 57.4659 0.739717 4467 1.31721
637579912 27.9412 5.44141 68 1.45833
637612680 22.9607 1.63463 662 1.13776
637645448 17.3633 1.51883 622 1.16058
637579914 32.3529 5.67318 68 1.11111
637612682 41.2921 1.84519 712 1.12349
637645450 32.485 1.81198 668 1.10563
637583364 89.7303 0.691345 1928 1.2447
637616132 86.6843 0.582485 3402 1.28657
637648900 87.862 0.45991 5042 1.44411
637583366 84.5258 0.851728 1803 1.33483
637616134 81.7856 0.730839 2789 1.25569
637648902 75.1188 0.650205 4421 1.32614
637583368 65.8537 7.40577 41 1
637616136 51.6055 2.39333 436 1.14134
637648904 52.7559 2.21502 508 1.17914
637583370 83.9286 4.90781 56 1.24658
637616138 65.5955 2.06546 529 1.1494
637648906 68.5885 2.0696 503 1.21508
637583492 88.2324 0.718007 2014 1.30543
637616260 87.3433 0.567796 3429 1.29232
637649028 80.3476 0.549154 5236 1.29969
637583494 60.8716 1.06804 2088 1.29224
637616262 12.6515 0.558014 3549 1.22317
637649030 7.41462 0.34854 5651 1.65191
637583496 40 6.60578 55 1.07407
637616264 50.1057 2.299 473 1.12111
637649032 46.0751 2.05911 586 1.14706
637583498 96.7213 2.28006 61 1.35165
637616266 85.9524 1.69553 420 1.16865
637649034 89.7025 1.45388 437 1.25294
637583620 83.5519 0.866583 1830 1.2343
637616388 82.8012 0.699193 2913 1.26314
637649156 73.45 0.698229 4000 1.25224
637583622 47.0866 1.14363 1905 1.35574
637616390 79.2377 0.689252 3463 1.6657
637649158 35.9326 0.632306 5758 1.69567
637583624 55.5556 5.85607 72 1.29167
637616392 35.7724 2.16099 492 1.14625
637649160 47.1326 2.11319 558 1.1733
637583626 67.4419 5.05295 86 1.08235
637616394 65.3101 2.0954 516 1.1525
637649162 63.5231 2.03052 562 1.14614
637583748 46.8717 1.13945 1918 1.11551
637616516 72.4855 0.780847 3271 1.1906
637649284 70.4719 0.638326 5107 1.23151
637583750 22.9062 0.943918 1982 1.23538
637616518 32.6846 0.793537 3494 1.30357
637649286 32.5085 0.611891 5860 1.27844
637583752 53.7037 6.78545 54 1.64516
637616520 14.5594 1.54372 522 1.05714
637649288 21.0131 1.76465 533 1.16149
637583754 31.1111 6.90122 45 1.17143
637616522 34.4689 2.12759 499 1.08205
637649290 45.1439 2.11045 556 1.14607
637583876 31.7006 1.0916 1817 1.14002
637616644 27.7714 0.760964 3464 1.12715
637649412 20.9703 0.572864 5050 1.1654
637583878 31.3655 1.05124 1948 1.21315
637616646 0 0 3052 0
637649414 57.9289 0.714045 4780 1.34809
637583880 50.6667 5.77299 75 1.30189
637616648 21.0634 1.84395 489 1.12195
637649416 36.5352 1.99429 583 1.16724
637583882 27.2727 5.07537 77 1
637616650 31.0502 2.21086 438 1.03268
637649418 34.763 2.26258 443 1.10732
637584004 65.9874 1.04355 2061 1.1548
637616772 73.2143 0.751553 3472 1.24174
637649540 69.7337 0.652583 4956 1.24284
637584006 0 0 1998 0
637616774 0 0 3485 0
637649542 0 0 5372 0
637584008 20.9677 5.1699 62 1.13333
637616776 52.9915 2.30711 468 1.18689
637649544 57.9392 2.02892 592 1.18018
637584010 47.6923 6.19513 65 1.15217
637616778 35.3814 2.20087 472 1.14894
637649546 36.3796 2.01684 569 1.1032
637587460 76.7598 0.998299 1790 1.27609
637620228 73.0323 0.903256 2414 1.37665
637652996 83.4661 0.626674 3514 1.42013
637587462 73.5639 1.04146 1793 1.33251
637620230 64.6789 0.976054 2398 1.40619
637652998 80.0569 0.61531 4217 1.50508
637587464 74.6835 4.89216 79 1.08571
637620232 65.3086 1.67245 810 1.11396
637653000 74.5192 1.74441 624 1.11675
637587466 84.2857 4.34986 70 1.2439
637620234 71.867 1.60794 782 1.18357
637653002 79.9373 1.58547 638 1.19011
637587588 87.9868 0.761455 1823 1.27766
637620356 77.0004 0.879981 2287 1.42308
637653124 85.996 0.586669 3499 1.40938
637587590 90.7821 0.683737 1790 1.35918
637620358 84.8497 0.717795 2495 1.51716
637653126 90.2634 0.454635 4252 1.52943
637587592 58.9041 5.75852 73 1.12
637620360 60.6965 1.72254 804 1.10307
637653128 43.3735 2.05605 581 1.13953
637587594 75.3086 4.79129 81 1.16901
637620362 67.872 1.7415 719 1.14057
637653130 57.8947 1.94255 646 1.09623
637587716 72.8652 1.05393 1780 1.20304
637620484 72.3022 0.894654 2502 1.18477
637653252 67.8876 0.786751 3522 1.22699
637587718 83.4926 0.855309 1884 1.22482
637620486 61.0183 0.984316 2455 1.2444
637653254 66.622 0.704609 4479 1.29439
637587720 73.4177 4.9703 79 1.12121
637620488 60.3851 1.81396 727 1.15582
637653256 70.7741 1.80767 633 1.19292
637587722 86.4198 3.80643 81 1.16
637620490 59.434 1.80259 742 1.18058
637653258 64.5441 1.81984 691 1.16451
637587844 24.9416 1.04571 1712 1.19167
637620612 27.8341 0.984362 2073 1.16263
637653380 31.913 0.804646 3356 1.20661
637587846 40.0358 1.19683 1676 1.14135
637620614 52.7089 1.0698 2178 1.17346
637653382 51.2255 0.782545 4080 1.14713
637587848 35.8974 5.43153 78 1.05556
637620616 23.8606 1.56054 746 1.11872
637653384 33.9192 1.98474 569 1.17121
637587850 38.1579 5.57221 76 1.16327
637620618 29.9225 1.80305 645 1.09722
637653386 36.8705 2.04606 556 1.11647
637587972 27.2727 1.09277 1661 1.24079
637620740 49.4585 1.06209 2216 1.34585
637653508 50.5109 0.89338 3132 1.45311
637587974 63.8825 1.15286 1736 1.16711
637620742 60.7442 1.05314 2150 1.22356
637653510 62.3837 0.76815 3977 1.21928
637587976 24.1935 5.43885 62 1.0625
637620744 15.097 1.33241 722 1.17105
637653512 24.4698 1.73638 613 1.07306
637587978 25 5.1031 72 1
637620746 25.0329 1.57243 759 1.06977
637653514 29.1667 1.85561 600 1.07755
637588100 61.7891 1.1418 1811 1.20698
637620868 55.8642 1.04266 2268 1.33671
637653636 47.3593 0.848227 3465 1.37628
637588102 71.7094 1.0526 1831 1.33333
637620870 59.07 1.00642 2387 1.21474
637653638 60.2911 0.743664 4329 1.24436
637588104 47.0588 6.05289 68 1.1
637620872 33.5674 1.76974 712 1.06897
637653640 39.2405 1.9423 632 1.0815
637588106 57.6923 5.59399 78 1.12162
637620874 49.4325 1.77544 793 1.10798
637653642 50.9061 2.0291 607 1.15144
637567012 68.5452 0.9283 2502 1.39205
637599780 65.4968 0.747355 4046 1.37308
637632548 84.542 0.614485 3461 1.62943
637567014 51.0298 1.0249 2379 1.22946
637599782 25.0999 0.68522 4004 1.15182
637632550 37.8597 0.839774 3336 1.17516
637567016 46.7742 6.33678 62 1.19565
637599784 58.6885 1.40972 1220 1.14025
637632552 59.5058 1.28602 1457 1.17738
637567018 40 5.65685 75 1.24
637599786 60.1844 1.41726 1193 1.11517
637632554 66.5295 1.23583 1458 1.1826
637567140 67.2599 0.954706 2416 1.4
637599908 49.5368 0.802047 3886 1.28291
637632676 78.8021 0.700314 3406 1.50745
637567142 47.2956 1.00683 2459 1.24425
637599910 65.6415 0.736131 4162 1.28571
637632678 66.6667 0.795683 3510 1.28073
637567144 45.6522 7.34417 46 1.22222
637599912 53.1984 1.41986 1235 1.1494
637632680 71.1355 1.22648 1365 1.28402
637567146 34.6154 6.59737 52 1.21875
637599914 66.7714 1.32019 1273 1.17793
637632682 74.0793 1.16615 1412 1.20767
637567268 58.1197 1.0199 2340 1.29886
637600036 51.993 0.788562 4014 1.23523
637632804 55.615 0.833521 3553 1.25088
637567270 68.1515 0.950595 2402 1.34144
637600038 74.9491 0.691368 3928 1.31363
637632806 79.3343 0.688861 3455 1.32922
637567272 36.3636 7.25204 44 1.25926
637600040 16.7496 1.07528 1206 1.09714
637632808 20.9173 1.07217 1439 1.16601
637567274 28.5714 5.69156 63 1.12121
637600042 77.1136 1.22765 1171 1.15608
637632810 77.3315 1.09239 1469 1.26782
637567396 56.5326 1.00956 2411 1.32703
637600164 57.6076 0.800401 3812 1.36102
637632932 71.8553 0.744459 3649 1.62785
637567398 51.358 1.1107 2025 1.19477
637600166 67.5081 0.802379 3407 1.29667
637632934 76.3272 0.746779 3240 1.38774
637567400 48.9362 7.2916 47 1.16667
637600168 32.7441 1.36152 1188 1.14573
637632936 50.6102 1.33956 1393 1.21454
637567402 37.5 6.98771 48 1.2381
637600170 38.5757 1.53092 1011 1.07645
637632938 65.431 1.39639 1160 1.2551
637567524 46.266 1.04813 2263 1.33447
637600292 50.0547 0.826926 3656 1.2131
637633060 56.5483 0.845642 3436 1.43416
637567526 57.3921 1.03269 2293 1.24715
637600294 62.4043 0.773827 3918 1.23664
637633062 60.2647 0.804269 3702 1.25922
637567528 12.5 4.77352 48 1.08333
637600296 30.6679 1.4143 1063 1.06311
637633064 38.2716 1.30983 1377 1.11111
637567530 33.3333 5.80259 66 1.12121
637600298 44.6508 1.47822 1131 1.13683
637633066 62.7423 1.29543 1393 1.14713
637567652 47.8763 1.01443 2425 1.30171
637600420 56.4765 0.809402 3752 1.35213
637633188 58.507 0.826946 3550 1.48213
637567654 36.5427 1.00739 2285 1.2161
637600422 53.0864 0.845599 3483 1.20325
637633190 62.3397 0.867455 3120 1.25793
637567656 45.8333 5.87206 72 1.15625
637600424 44.688 1.44365 1186 1.11576
637633192 56.7683 1.31884 1411 1.18506
637567658 29.8507 5.59051 67 1.06897
637600426 43.0626 1.44026 1182 1.14173
637633194 47.546 1.38295 1304 1.17506
637571108 56.8284 1.04983 2226 1.28494
637603876 49.8144 0.918547 2963 1.24501
637636644 67.5226 1.23363 1441 1.39593
637571110 54.6661 1.04694 2261 1.2447
637603878 66.1111 0.882002 2880 1.35643
637636646 59.9006 1.30566 1409 1.33869
637571112 41.9913 3.24728 231 1.22124
637603880 42.6418 1.47252 1128 1.14941
637636648 41.7981 1.38512 1268 1.16819
637571114 72.8346 2.791 254 1.11896
637603882 36.7133 1.42513 1144 1.14421
637636650 57.1975 1.36915 1306 1.16548
637571236 53.9848 1.08555 2108 1.22649
637604004 28.7966 0.887873 2601 1.27543
637636772 33.5804 1.28583 1349 1.19165
637571238 61.0757 1.04094 2194 1.33391
637604006 39.918 0.945467 2683 1.1876
637636774 75.8539 1.20615 1259 1.3617
637571240 55.7214 3.50356 201 1.08743
637604008 34.6457 1.40747 1143 1.11024
637636776 45.8623 1.38573 1293 1.11203
637571242 76.0331 2.7441 242 1.22634
637604010 51.7241 1.46718 1160 1.15209
637636778 79.0483 1.12741 1303 1.2067
637571364 49.7532 1.11082 2026 1.33942
637604132 51.2781 0.983671 2582 1.29882
637636900 63.7115 1.31797 1331 1.4618
637571366 57.1991 1.03509 2285 1.2122
637604134 58.6433 0.913869 2904 1.27294
637636902 63.8122 1.26284 1448 1.34107
637571368 38.8298 3.55446 188 1.11966
637604136 27.0557 1.32097 1131 1.12471
637636904 39.5118 1.3502 1311 1.12709
637571370 61.9835 3.12044 242 1.21531
637604138 58.1769 1.47458 1119 1.20408
637636906 73.5507 1.1873 1380 1.24187
637571492 30.1034 1.07024 1837 1.29739
637604260 33.507 0.944975 2495 1.28553
637637028 37.4233 1.3401 1304 1.2381
637571494 24.425 0.921461 2174 1.28265
637604262 39.0296 0.921393 2803 1.33786
637637030 44.6229 1.31363 1432 1.28585
637571496 48.6188 3.71505 181 1.11446
637604264 31.574 1.42698 1061 1.14552
637637032 43.3673 1.44514 1176 1.29769
637571498 31.9066 2.90754 257 1.20879
637604266 53.8938 1.48289 1130 1.15094
637637034 58.3455 1.33386 1366 1.12794
637571620 46.5 1.11529 2000 1.33961
637604388 44.1921 0.958224 2686 1.32394
637637156 77.708 1.16606 1274 1.43563
637571622 26.2892 0.989785 1978 1.20693
637604390 30.5444 0.921559 2498 1.26129
637637158 29.9497 1.32667 1192 1.2993
637571624 43.0052 3.56369 193 1.14368
637604392 36.2129 1.41973 1146 1.1398
637637160 40.655 1.38818 1252 1.30357
637571626 55.9471 3.29506 227 1.11409
637604394 23.3484 1.27265 1105 1.09375
637637162 38.1029 1.3769 1244 1.1241
637571748 42.7152 1.07587 2114 1.29552
637604516 22.3058 0.850826 2394 1.28293
637637284 76.0488 1.17871 1311 1.44009
637571750 31.6079 0.995116 2183 1.15514
637604518 58.7832 0.988013 2482 1.18598
637637286 65.0463 1.32451 1296 1.2549
637571752 30.3738 3.14361 214 1.11679
637604520 12.2103 0.977438 1122 1.18143
637637288 39.0777 1.38785 1236 1.20749
637571754 23.1441 2.78703 229 1.09756
637604522 28.4499 1.38708 1058 1.16377
637637290 46.8199 1.38129 1305 1.13088
637575204 61.7318 1.14881 1790 1.40521
637607972 52.1754 0.928238 2896 1.46476
637640740 73.1499 0.87234 2581 1.49243
637575206 15.1124 0.730807 2402 1.14679
637607974 65.0442 0.747607 4068 1.2719
637640742 75.2917 0.74598 3343 1.36921
637575208 52.7778 8.32046 36 1.14706
637607976 41.8224 1.68595 856 1.15412
637640744 58.5987 1.60482 942 1.2117
637575210 42.623 6.33178 61 1.16667
637607978 48.1164 1.46198 1168 1.16692
637640746 62.9475 1.39356 1201 1.15992
637575332 59.604 1.00709 2374 1.37297
637608100 60.946 0.784343 3869 1.38083
637640868 63.9578 0.810745 3507 1.42414
637575334 60.818 0.987234 2445 1.21404
637608102 74.3494 0.668695 4265 1.3921
637640870 76.459 0.712355 3547 1.43381
637575336 58.7302 6.20264 63 1.46774
637608104 54.4953 1.39845 1268 1.13208
637640872 60.8357 1.29899 1412 1.13313
637575338 37.8788 5.97099 66 1.14286
637608106 65.4123 1.34589 1249 1.13665
637640874 69.6581 1.22694 1404 1.22071
637575460 33.2905 0.975447 2334 1.28259
637608228 32.7839 0.759314 3822 1.35739
637640996 28.2154 0.736696 3732 1.35455
637575462 23.1074 0.937636 2021 1.18605
637608230 71.6662 0.783597 3307 1.23616
637640998 80.3351 0.706722 3163 1.29966
637575464 13.9535 5.28413 43 1.14286
637608232 32.3782 1.44609 1047 1.13963
637641000 38.4557 1.34515 1308 1.10267
637575466 30.4348 6.78426 46 1.08696
637608234 71.6472 1.3522 1111 1.15527
637641002 71.1628 1.38165 1075 1.18134
637575588 49.1988 1.0404 2309 1.33583
637608356 54.1449 0.804513 3836 1.27664
637641124 74.3635 0.746942 3417 1.33771
637575590 66.9054 1.06423 1955 1.22793
637608358 66.1484 0.851689 3087 1.24689
637641126 72.5341 0.869351 2636 1.26667
637575592 19.5652 5.84905 46 1.0625
637608360 41.3081 1.44445 1162 1.11765
637641128 44.9735 1.47726 1134 1.10803
637575594 11.3208 4.35222 53 1.26667
637608362 56.0645 1.44542 1179 1.14165
637641130 72.003 1.22516 1343 1.1898
637575716 44.6679 1.07518 2138 1.36306
637608484 44.6043 0.811404 3753 1.2995
637641252 86.1584 0.591378 3410 1.67303
637575718 22.0098 0.873641 2249 1.13054
637608486 24.6399 0.691078 3888 1.19404
637641254 22.6774 0.711272 3466 1.1998
637575720 36.9565 7.11683 46 1.13793
637608488 34.1035 1.44118 1082 1.08502
637641256 50.2651 1.6282 943 1.08181
637575722 15.9091 5.51405 44 1.07692
637608490 32.8767 1.41963 1095 1.12838
637641258 46.6472 1.55519 1029 1.15088
637575844 51.8486 1.05454 2245 1.25936
637608612 48.9702 0.822933 3690 1.23723
637641380 51.4627 0.863499 3350 1.25307
637575846 52.6152 1.05125 2256 1.25512
637608614 69.8522 0.732577 3924 1.28066
637641382 74.2463 0.740935 3483 1.30362
637575848 33.7838 5.4982 74 1.2
637608616 35.1396 1.36793 1218 1.11935
637641384 30.2804 1.40464 1070 1.14202
637575850 2.98507 2.07902 67 1.5
637608618 7.07885 0.767727 1116 1.11644
637641386 8.23529 0.826982 1105 1.13793
637579300 39.1815 1.01854 2297 1.17035
637612068 41.2605 0.94239 2729 1.20345
637644836 56.9907 1.27746 1502 1.21413
637579302 71.2912 0.968053 2184 1.22942
637612070 72.5009 0.848228 2771 1.31647
637644838 74.8998 1.22785 1247 1.40396
637579304 43.7229 3.26373 231 1.10769
637612072 26.7979 1.29596 1168 1.15466
637644840 30.4506 1.24061 1376 1.16366
637579306 88.7931 2.07104 232 1.10492
637612074 68.4995 1.41809 1073 1.14301
637644842 86.581 0.910651 1401 1.25
637579428 58.341 1.05831 2170 1.2845
637612196 58.3127 0.928286 2821 1.34032
637644964 75.4539 1.11603 1487 1.45325
637579430 69.1659 0.972713 2254 1.34517
637612198 63.9017 0.906199 2809 1.44393
637644966 65.4428 1.276 1389 1.47679
637579432 76.7635 2.72053 241 1.27389
637612200 51.251 1.42003 1239 1.213
637644968 61.5274 1.30592 1388 1.25435
637579434 68.2028 3.1613 217 1.09589
637612202 61.8477 1.42074 1169 1.11416
637644970 65.6913 1.28402 1367 1.21626
637579556 47.4973 1.15233 1878 1.21905
637612324 32.5834 0.923082 2578 1.30954
637645092 64.6204 1.35894 1238 1.36616
637579558 50.2131 1.03229 2346 1.23979
637612326 48.2137 0.913049 2995 1.29447
637645094 63.3578 1.24366 1501 1.35179
637579560 53.4314 3.49245 204 1.04142
637612328 33.9658 1.45876 1054 1.06838
637645096 43.7145 1.41263 1233 1.11619
637579562 86.6667 2.34577 210 1.21691
637612330 61.6249 1.42967 1157 1.15148
637645098 74.3628 1.19546 1334 1.2081
637579684 48.0556 1.07501 2160 1.2457
637612452 61.4454 0.918347 2809 1.23553
637645220 74.5179 1.14357 1452 1.3252
637579686 37.2595 1.04737 2131 1.23463
637612454 28.9993 0.867178 2738 1.23822
637645222 57.4184 1.34676 1348 1.34185
637579688 14.3646 2.60696 181 1.15306
637612456 22.6667 1.29206 1050 1.16958
637645224 33.0317 1.2916 1326 1.18608
637579690 69.1964 3.08474 224 1.19024
637612458 35.9855 1.4432 1106 1.13571
637645226 61.3601 1.35361 1294 1.26977
637579812 47.1958 1.1483 1890 1.28411
637612580 42.5942 1.0231 2336 1.34708
637645348 55.8422 1.36781 1318 1.41358
637579814 54.3328 1.14852 1881 1.31221
637612582 41.8372 1.05194 2199 1.19602
637645350 56.1713 1.43774 1191 1.28092
637579816 46.0317 3.62549 189 1.16529
637612584 20.5909 1.20989 1117 1.06908
637645352 31.1396 1.31184 1246 1.10056
637579818 65.3465 3.34818 202 1.13333
637612586 32.7399 1.47585 1011 1.15332
637645354 53.0341 1.43892 1203 1.14732
637579940 49.1894 1.07594 2159 1.1865
637612708 53.7781 0.957198 2713 1.26809
637645476 78.5332 1.13485 1309 1.37541
637579942 60 1.05287 2165 1.22731
637612710 58.3634 0.935955 2774 1.22822
637645478 67.4982 1.26868 1363 1.3083
637579944 57.1429 3.20778 238 1.17031
637612712 36.0942 1.4181 1147 1.19565
637645480 51.7395 1.3595 1351 1.22031
637579946 69.7368 3.04243 228 1.11765
637612714 52.9022 1.43735 1206 1.1313
637645482 60.6856 1.31917 1371 1.16763
637583396 48.4321 1.04297 2296 1.40929
637616164 43.686 0.803663 3809 1.24777
637648932 48.4921 0.863604 3349 1.31849
637583398 69.861 1.02247 2014 1.34863
637616166 73.2753 0.809824 2986 1.34749
637648934 64.33 0.942715 2582 1.327
637583400 67.6471 8.02309 34 1.23077
637616168 38.9273 1.43407 1156 1.21319
637648936 57.4815 1.34551 1350 1.31231
637583402 55.2632 8.06601 38 1.19444
637616170 38.884 1.45083 1129 1.118
637648938 52.9743 1.41511 1244 1.19114
637583524 59.3631 1.0121 2355 1.3509
637616292 48.1644 0.803404 3868 1.31376
637649060 59.2236 0.804094 3735 1.30583
637583526 69.8265 0.921902 2479 1.35811
637616294 32.3634 0.744234 3952 1.29036
637649062 41.3841 0.824425 3569 1.26988
637583528 61.7021 7.09069 47 1.47059
637616296 51.8605 1.39115 1290 1.10601
637649064 60.7337 1.27283 1472 1.12451
637583530 24.4898 6.14324 49 1.12
637616298 58.4471 1.43952 1172 1.22167
637649066 56.3852 1.31002 1433 1.25331
637583652 32.07 0.952542 2401 1.32864
637616420 38.971 0.77833 3926 1.23017
637649188 41.8454 0.828646 3544 1.19862
637583654 70.7424 0.950696 2290 1.2412
637616422 71.9004 0.716454 3936 1.29769
637649190 75 0.734025 3480 1.32817
637583656 51.0204 7.14137 49 1.18367
637616424 57.8176 1.40928 1228 1.15684
637649192 54.1091 1.34384 1375 1.16736
637583658 31.8182 7.02175 44 1.22857
637616426 29.0984 1.30042 1220 1.19438
637649194 58.5565 1.34374 1344 1.1829
637583780 59.9825 1.02515 2284 1.3679
637616548 46.6739 0.820396 3698 1.38518
637649316 46.5321 0.840959 3518 1.34231
637583782 6.88765 0.525429 2323 1.23404
637616550 61.7184 0.762663 4062 1.27527
637649318 67.7711 0.773356 3652 1.30354
637583784 56.25 6.20098 64 1.22414
637616552 24.8976 1.23751 1221 1.12695
637649320 39.0225 1.35868 1289 1.18097
637583786 50 6.56532 58 1.19149
637616554 20.4415 1.15315 1223 1.09816
637649322 27.6423 1.21585 1353 1.08824
637583908 60.9287 1.05669 2132 1.32938
637616676 60.8684 0.7823 3892 1.33969
637649444 74.33 0.733646 3545 1.54827
637583910 41.9892 1.04701 2222 1.16772
637616678 45.6388 0.853597 3405 1.23184
637649446 55.8077 0.907297 2996 1.25874
637583912 49.1525 6.50851 59 1.11364
637616680 21.6399 1.19724 1183 1.17949
637649448 32.3151 1.32598 1244 1.20379
637583914 4.34783 3.0068 46 2
637616682 15.9832 1.1883 951 1.14851
637649450 60.9207 1.52701 1021 1.15072
637584036 43.3065 0.994987 2480 1.43174
637616804 46.67 0.789406 3994 1.29436
637649572 59.4587 0.842134 3399 1.33537
637584038 50.7712 1.03483 2334 1.24858
637616806 52.2282 0.797091 3927 1.33526
637649574 67.4544 0.81037 3343 1.32785
637584040 33.3333 7.54851 39 1.36364
637616808 22.0285 1.16662 1262 1.11893
637649576 29.4562 1.25278 1324 1.13662
637584042 23.4043 6.17591 47 1.05263
637616810 59.7256 1.39335 1239 1.13468
637649578 52.7341 1.3664 1335 1.17406
637587492 60.0091 1.0449 2198 1.19095
637620260 57.8947 0.92177 2869 1.21892
637653028 73.7422 1.15519 1451 1.20702
637587494 64.9679 1.02224 2178 1.18209
637620262 61.3527 0.938684 2691 1.23857
637653030 53.4181 1.40641 1258 1.23955
637587496 76.1364 2.62339 264 1.24679
637620264 44.6524 1.48414 1122 1.12363
637653032 48.1937 1.38531 1301 1.22333
637587498 53.7594 3.05702 266 1.18593
637620266 44.2594 1.47043 1141 1.12804
637653034 46.7142 1.40388 1263 1.13071
637587620 66.5319 1.00016 2226 1.30696
637620388 67.3346 0.911907 2645 1.4112
637653156 88.0484 0.892191 1322 1.55262
637587622 66.7576 1.00458 2199 1.23028
637620390 65.2989 0.940999 2559 1.32911
637653158 80.5656 1.06556 1379 1.40346
637587624 61.6071 3.2495 224 1.08808
637620392 33.9154 1.43527 1088 1.10902
637653160 51.7381 1.42077 1237 1.1116
637587626 92.9515 1.69888 227 1.25723
637620394 79.4619 1.20982 1115 1.19469
637653162 88.2682 0.909096 1253 1.2651
637587748 51.8568 1.05689 2235 1.2911
637620516 53.3356 0.922756 2923 1.19219
637653284 79.2887 1.07013 1434 1.3658
637587750 29.3135 0.980343 2156 1.26107
637620518 21.6025 0.773179 2833 1.32935
637653286 28.9013 1.19915 1429 1.37197
637587752 49.7959 3.19436 245 1.06215
637620520 21.5794 1.24658 1089 1.06805
637653288 42.8697 1.46832 1136 1.11772
637587754 53.9823 3.31538 226 1.09211
637620522 39.2361 1.4386 1152 1.13604
637653290 65.9426 1.31996 1289 1.17002
637587876 49.5896 1.09867 2071 1.22228
637620644 55.1488 0.997481 2486 1.3013
637653412 72.5726 1.18772 1411 1.46938
637587878 36.9101 1.07555 2013 1.19848
637620646 52.2062 1.01436 2425 1.26322
637653414 57.9571 1.34299 1351 1.25209
637587880 33.0317 3.16376 221 1.08397
637620648 21.078 1.26534 1039 1.12929
637653416 38.0906 1.50799 1037 1.19335
637587882 69.1542 3.25769 201 1.18222
637620650 51.1742 1.5636 1022 1.1392
637653418 63.7555 1.42062 1145 1.16973
637588004 51.5077 1.11115 2023 1.46656
637620772 51.0604 1.00951 2452 1.42083
637653540 86.5777 0.955062 1274 1.51834
637588006 54.3614 1.09346 2075 1.19367
637620774 52.7092 0.99654 2510 1.24171
637653542 65.3659 1.35667 1230 1.34509
637588008 57.1429 3.35941 217 1.09953
637620776 33.3657 1.46849 1031 1.1754
637653544 53.4846 2.00803 617 1.29346
637588010 44.958 3.2245 238 1.13333
637620778 44.6691 1.50721 1088 1.14832
637653546 67.0711 1.38342 1154 1.18147
637588132 64.8956 1.03957 2108 1.21288
637620900 56.2024 0.967809 2628 1.22805
637653668 68.7683 1.25483 1364 1.2801
637588134 28.0598 0.956589 2206 1.27977
637620902 8.74552 0.534833 2790 1.35895
637653670 10.925 0.841886 1373 1.41497
637588136 52.4017 3.30028 229 1.17308
637620904 30.3142 1.39727 1082 1.18085
637653672 44.6337 1.45084 1174 1.22197
637588138 69.4245 2.76325 278 1.16912
637620906 56.4977 1.50507 1085 1.15395
637653674 57.5082 1.41993 1212 1.13501
637567044 55.9461 0.738101 4524 1.19162
637599812 41.9912 0.98887 2491 1.11806
637632580 41.8605 7.52322 43 1.08
637567046 24.7525 0.633163 4646 1.21855
637599814 19.7428 0.713782 3110 1.15684
637632582 18.5185 5.2861 54 1
637567048 17.8733 1.2886 884 1.08824
637599816 24.1329 0.945741 2047 1.08824
637632584 32.7273 0.953821 2420 1.111
637567050 37.7934 1.66114 852 1.15457
637599818 46.5812 1.08698 2106 1.12527
637632586 62.069 0.977296 2465 1.17112
637567172 53.9142 0.750868 4407 1.136
637599940 35.3544 0.967625 2441 1.17538
637632708 19.0476 8.56891 21 1.125
637567174 31.746 0.664035 4914 1.27322
637599942 10.4783 0.543291 3178 1.16616
637632710 4.16667 4.07894 24 1
637567176 11.6494 1.08955 867 1.08589
637599944 18.5326 0.848114 2099 1.12687
637632712 19.2168 0.791659 2477 1.08815
637567178 53.4747 1.71185 849 1.24434
637599946 42.022 1.08046 2087 1.12819
637632714 48.4799 1.013 2434 1.26136
637567300 32.7724 0.672403 4873 1.20326
637600068 23.6175 0.832326 2604 1.16607
637632836 7.40741 5.0401 27 1
637567302 52.3748 0.730525 4674 1.2588
637600070 25.5776 0.787047 3073 1.20343
637632838 18.75 6.89981 32 1.4
637567304 18.9286 1.35162 840 1.10152
637600072 23.694 0.918304 2144 1.10994
637632840 18.8107 0.786009 2472 1.1127
637567306 76.6007 1.44451 859 1.23939
637600074 38.4175 1.06192 2098 1.17093
637632842 61.889 0.98847 2414 1.18742
637567428 20.3924 0.598239 4536 1.18284
637600196 19.4245 0.769825 2641 1.15094
637632964 7.69231 4.26692 39 1.06667
637567430 22.7506 0.672155 3890 1.1773
637600198 24.9002 0.823872 2755 1.17765
637632966 0 0 32 1
637567432 36.3858 1.68113 819 1.08011
637600200 37.7506 1.07197 2045 1.08529
637632968 22.7254 0.854154 2407 1.08201
637567434 24.1379 1.69415 638 1.2246
637600202 13.1187 0.824407 1677 1.18587
637632970 11.7324 0.719041 2003 1.25086
637567556 23.1167 0.632187 4447 1.14719
637600324 23.5885 0.868239 2391 1.15481
637633092 15.7895 8.36547 19 1
637567558 18.4104 0.565749 4693 1.18369
637600326 7.12214 0.461711 3103 1.20723
637633094 9.52381 6.40564 21 1
637567560 22.3844 1.45382 822 1.14159
637600328 10.6862 0.70708 1909 1.11796
637633096 13.6583 0.71966 2277 1.10305
637567562 43.7644 1.6858 866 1.13966
637600330 21.1975 0.898095 2071 1.17852
637633098 22.2129 0.852593 2377 1.14055
637567684 29.2974 0.676511 4526 1.13378
637600452 31.0472 0.937644 2435 1.14662
637633220 4.7619 4.64714 21 1
637567686 45.0309 0.798316 3884 1.24849
637600454 22.5685 0.810074 2663 1.23996
637633222 9.09091 6.12909 22 1
637567688 39.1617 1.68918 835 1.10941
637600456 34.0863 1.06202 1992 1.07837
637633224 48.1187 1.0216 2392 1.11885
637567690 31.3194 1.6286 811 1.20312
637600458 11.0993 0.723895 1883 1.21197
637633226 17.8082 0.804234 2263 1.42631
637571140 37.2077 0.883372 2994 1.10136
637603908 29.2813 1.25823 1308 1.13249
637636676 44.8276 9.23495 29 1.04348
637571142 52.138 0.967481 2666 1.21659
637603910 38.995 1.09335 1990 1.24823
637636678 42.3077 9.68907 26 1.3
637571144 38.0079 1.75729 763 1.09895
637603912 29.0219 1.04927 1871 1.09202
637636680 58.4216 1.08118 2078 1.14131
637571146 60.0251 1.73404 798 1.19592
637603914 38.0429 1.13832 1819 1.23691
637636682 61.4279 1.08384 2017 1.2495
637571268 28.3835 0.874175 2660 1.20279
637604036 24.9724 1.43885 905 1.16945
637636804 52.9412 12.1058 17 1.46667
637571270 50.3987 0.998372 2508 1.23831
637604038 33.9126 1.02601 2129 1.19769
637636806 39.2857 9.22962 28 1.38889
637571272 27.9206 1.53331 856 1.0894
637604040 20.5298 0.948889 1812 1.10797
637636808 36.8286 1.09089 1955 1.09603
637571274 62.4845 1.70645 805 1.33542
637604042 58.2025 1.14766 1847 1.17416
637636810 67.6802 1.03575 2039 1.26816
637571396 37.6507 0.955545 2571 1.11233
637604164 16.1994 1.1873 963 1.10593
637636932 17.3913 7.90342 23 1
637571398 33.5461 0.889112 2820 1.26394
637604166 26.6267 0.914516 2336 1.28998
637636934 55.5556 11.7121 18 1.26316
637571400 34.9224 1.58732 902 1.11839
637604168 24.9121 1.04713 1706 1.0832
637636936 38.6304 1.11323 1913 1.09567
637571402 48.5981 1.70829 856 1.1642
637604170 39.8673 1.10623 1959 1.14398
637636938 63.3663 1.04616 2121 1.18862
637571524 52.2195 0.933862 2861 1.28372
637604292 47.7564 1.41392 1248 1.30936
637637060 37.8378 7.97307 37 1.28571
637571526 22.7322 0.793589 2789 1.17391
637604294 13.5266 0.716727 2277 1.173
637637062 26.087 9.15605 23 1.16667
637571528 11.817 1.15069 787 1.09174
637604296 4.96725 0.507612 1832 1.13768
637637064 9.27187 0.663822 1909 1.0617
637571530 34.8139 1.65056 833 1.21169
637604298 22.8832 0.972471 1866 1.12483
637637066 34.5857 1.07907 1943 1.18849
637571652 25.9201 0.871697 2527 1.10129
637604420 25.588 1.33836 1063 1.11648
637637188 44.4444 11.7121 18 1.2381
637571654 29.4454 0.920473 2452 1.17684
637604422 9.95624 0.700304 1828 1.13564
637637190 7.14286 6.88303 14 1.25
637571656 25.1238 1.52584 808 1.12252
637604424 30.7389 1.09581 1773 1.07447
637637192 54.4968 1.15217 1868 1.10736
637571658 6.65083 0.858692 842 1.20245
637604426 24.4493 1.00854 1816 1.20024
637637194 40.87 1.13924 1862 1.22477
637571780 19.2386 0.797494 2443 1.16043
637604548 32.5581 1.45866 1032 1.12692
637637316 55.1724 9.23495 29 1.25
637571782 33.1487 0.936267 2528 1.23423
637604550 32.1813 1.112 1765 1.15659
637637318 30 10.247 20 1.07143
637571784 18.6014 1.45522 715 1.05528
637604552 6.72596 0.59053 1799 1.08571
637637320 28.1334 1.04288 1859 1.11897
637571786 44.4015 1.78246 777 1.24417
637604554 23.9302 1.01241 1776 1.14487
637637322 52.712 1.14569 1899 1.16235
637575236 56.2169 0.770128 4150 1.20071
637608004 49.3931 1.02289 2389 1.19346
637640772 29.1667 9.27805 24 1.33333
637575238 50.8463 0.741225 4549 1.18319
637608006 39.1692 0.904407 2913 1.18394
637640774 22.2222 8.00091 27 1.3
637575240 34.2772 1.83231 671 1.06849
637608008 28.5422 1.0214 1955 1.08565
637640776 33.3055 0.962852 2396 1.10284
637575242 59.596 1.74365 792 1.18244
637608010 49.4703 1.15065 1888 1.20582
637640778 57.3989 1.00959 2399 1.30576
637575364 41.9475 0.729971 4570 1.12627
637608132 21.7356 0.834461 2443 1.14056
637640900 17.1429 6.37049 35 1.07692
637575366 29.6266 0.652233 4901 1.25257
637608134 17.6013 0.685654 3085 1.24496
637640902 4.7619 4.64714 21 1.22222
637575368 47.2503 1.67253 891 1.1
637608136 35.1852 1.05421 2052 1.09899
637640904 43.7941 1.01084 2409 1.10558
637575370 78.2366 1.37852 896 1.15215
637608138 74.0881 0.95363 2111 1.12476
637640906 75.1913 0.866757 2483 1.18392
637575492 40.9843 0.725758 4592 1.14177
637608260 28.3098 0.879964 2621 1.13963
637641028 13.6364 7.3165 22 1.14286
637575494 40.2035 0.754232 4226 1.3159
637608262 32.1465 0.864146 2921 1.17979
637641030 22.2222 9.79908 18 1.5
637575496 53.949 1.73745 823 1.08362
637608264 43.1517 1.09739 2037 1.10252
637641032 45.2706 1.01163 2421 1.11683
637575498 44.5545 1.86926 707 1.19283
637608266 37.5201 1.12175 1863 1.14918
637641034 44.8997 1.03849 2294 1.2
637575620 33.175 0.708053 4422 1.1464
637608388 17.194 0.769898 2402 1.12052
637641156 9.09091 5.00438 33 1.16667
637575622 23.6577 0.710674 3576 1.24379
637608390 11.9607 0.670681 2341 1.30792
637641158 9.09091 5.00438 33 1
637575624 14.7497 1.30442 739 1.19697
637608392 13.0715 0.781816 1859 1.1433
637641160 14.4383 0.726435 2341 1.16264
637575626 29.6206 1.59738 817 1.22379
637608394 28.5539 1.11805 1632 1.23578
637641162 35.1582 1.07005 1991 1.23401
637575748 29.9484 0.701435 4264 1.1571
637608516 28.4026 0.943376 2285 1.14668
637641284 6.25 6.05154 16 1
637575750 32.8404 0.692586 4598 1.26307
637608518 11.5878 0.612935 2727 1.25794
637641286 7.40741 5.0401 27 1
637575752 23.4043 1.65058 658 1.10593
637608520 14.5335 0.861916 1672 1.0967
637641288 20.7775 0.843229 2315 1.06977
637575754 27.4854 1.70701 684 1.17507
637608522 18.5706 0.94121 1707 1.14356
637641290 26.2631 0.918395 2296 1.22429
637575876 35.3566 0.73472 4234 1.13003
637608644 47.8867 1.04277 2295 1.14091
637641412 9.09091 5.00438 33 1.33333
637575878 47.9779 0.742686 4525 1.20764
637608646 39.2143 0.922665 2800 1.20773
637641414 17.6471 9.24594 17 1
637575880 18.4739 1.41993 747 1.05263
637608648 23.2759 1.01308 1740 1.12386
637641416 35.2473 1.00405 2264 1.10428
637575882 45.6376 1.82487 745 1.35581
637608650 54.3747 1.15397 1863 1.23262
637641418 52.8726 1.03747 2315 1.24574
637579332 33.7466 0.877446 2904 1.17188
637612100 16.8851 1.04021 1297 1.10323
637644868 18.5185 7.47568 27 1
637579334 20.4195 0.801905 2527 1.22145
637612102 16.4861 0.805311 2123 1.19467
637644870 4.54545 4.44095 22 1
637579336 33.839 1.61629 857 1.08753
637612104 20.7499 0.91902 1947 1.10019
637644872 29.1626 1.00878 2030 1.11057
637579338 57.0588 1.69781 850 1.22703
637612106 51.9035 1.15695 1865 1.1815
637644874 66.6188 1.03127 2091 1.32368
637579460 43.6234 0.934695 2815 1.19233
637612228 22.9182 1.14098 1357 1.16915
637644996 29.5455 6.87818 44 1.17647
637579462 70.3662 0.88274 2676 1.25704
637612230 63.3519 0.997581 2333 1.3086
637644998 50 8.33333 36 1.1875
637579464 24.1667 1.47706 840 1.09317
637612232 22.8231 0.976029 1849 1.08746
637645000 36.0245 1.0852 1957 1.11989
637579466 70.9906 1.55838 848 1.239
637612234 44.2138 1.13136 1927 1.16457
637645002 69.6358 1.02008 2032 1.25716
637579588 21.5237 0.790359 2704 1.2133
637612356 45.8403 1.43717 1202 1.20143
637645124 34.4828 8.82632 29 1.43243
637579590 34.466 0.884975 2884 1.18113
637612358 34.9808 0.984417 2347 1.31365
637645126 43.4783 10.3367 23 1.5
637579592 27.6964 1.63295 751 1.0963
637612360 28.6472 1.04134 1885 1.08527
637645128 41.0932 1.08692 2049 1.10939
637579594 62.4257 1.67005 841 1.20319
637612362 34.4882 1.08905 1905 1.19009
637645130 48.5446 1.11009 2027 1.3048
637579716 27.3612 0.846445 2774 1.14231
637612484 24.6964 1.22713 1235 1.14464
637645252 37.037 9.29349 27 1.31818
637579718 14.5865 0.68438 2660 1.2965
637612486 17.6798 0.858655 1974 1.18981
637645254 23.5294 10.2879 17 1.33333
637579720 19.9507 1.40243 812 1.10577
637612488 9.17382 0.668587 1864 1.08562
637645256 24.7018 0.961485 2012 1.08122
637579722 34.6389 1.66468 817 1.17009
637612490 27.4737 1.04951 1809 1.15506
637645258 41.4126 1.11034 1968 1.2624
637579844 13.3506 0.705832 2322 1.11091
637612612 18.6284 1.18526 1079 1.10547
637645380 42.8571 10.799 21 1.21053
637579846 46.6169 1.01638 2409 1.17331
637612614 35.5076 1.09755 1901 1.20771
637645382 37.5 12.1031 16 1.125
637579848 4.92676 0.789751 751 1.24286
637612616 2.88221 0.418789 1596 1.06593
637645384 7.7469 0.650104 1691 1.12821
637579850 10.3841 1.15053 703 1.11299
637612618 13.0116 0.831518 1637 1.09783
637645386 22.4443 0.99705 1751 1.13477
637579972 22.9261 0.816266 2652 1.21587
637612740 16.8906 1.16068 1042 1.21159
637645508 18.1818 8.22304 22 1.0625
637579974 22.6908 0.781944 2869 1.23973
637612742 25.7077 0.941412 2155 1.22738
637645510 24.1379 7.94627 29 1.73333
637579976 13.8686 1.20548 822 1.04516
637612744 18.5042 0.914037 1805 1.08739
637645512 40.2799 1.1167 1929 1.10175
637579978 42.7184 1.72326 824 1.13436
637612746 25.4094 1.00061 1893 1.12532
637645514 42.6456 1.11767 1958 1.15699
637583428 31.6254 0.682296 4645 1.13924
637616196 27.9226 0.919966 2378 1.1837
637648964 21.0526 6.61348 38 1.2
637583430 25.477 0.729878 3564 1.22033
637616198 28.8177 0.91765 2436 1.17181
637648966 8.69565 5.87534 23 1.5
637583432 44.7301 1.7826 778 1.08186
637616200 32.643 1.04124 2028 1.07731
637648968 31.8015 0.939144 2459 1.07437
637583434 56.691 1.72826 822 1.13304
637616202 53.0635 1.16725 1828 1.12828
637648970 65.9487 1.01448 2182 1.17596
637583556 34.5769 0.686639 4798 1.13768
637616324 35.7559 0.944867 2573 1.13478
637649092 33.3333 8.2061 33 1
637583558 28.4384 0.656215 4726 1.31347
637616326 17.8279 0.692253 3057 1.26117
637649094 18.5185 7.47568 27 1.22222
637583560 65.8915 1.57762 903 1.16133
637616328 39.8868 1.06324 2121 1.08224
637649096 32.8334 0.945475 2467 1.08612
637583562 61.8224 1.64994 867 1.18206
637616330 56.569 1.07753 2116 1.13699
637649098 73.4905 0.897611 2418 1.23911
637583684 5.98107 0.347828 4648 1.11765
637616452 4.61118 0.414591 2559 1.11932
637649220 0 0 34 1
637583686 32.5441 0.687395 4646 1.22713
637616454 30.6966 0.83217 3072 1.2802
637649222 25 7.65466 32 1.26667
637583688 35.9096 1.65426 841 1.0916
637616456 15.9656 0.80083 2092 1.06366
637649224 21.0723 0.831425 2406 1.10267
637583690 31.2292 1.54219 903 1.07595
637616458 49.8704 1.13842 1929 1.16364
637649226 51.773 1.02062 2397 1.21899
637583812 29.913 0.683856 4483 1.18688
637616580 44.6311 1.00637 2440 1.16353
637649348 25 10.8253 16 1.22222
637583814 11.7487 0.465981 4775 1.39157
637616582 16.193 0.669683 3026 1.29765
637649350 9.09091 6.12909 22 1
637583816 17.9191 1.30398 865 1.09223
637616584 13.2853 0.770206 1942 1.09971
637649352 14.0167 0.71012 2390 1.11751
637583818 38.361 1.67578 842 1.07555
637616586 23.7697 0.944308 2032 1.09613
637649354 30.8862 0.962968 2302 1.2549
637583940 17.5867 0.562362 4583 1.09902
637616708 6.47993 0.503335 2392 1.38191
637649476 7.14286 6.88303 14 1
637583942 36.0575 0.840075 3267 1.25818
637616710 27.9138 0.992676 2042 1.23577
637649478 10.5263 7.04059 19 1
637583944 2.86832 0.602693 767 1.09259
637616712 3.99568 0.455114 1852 1.17419
637649480 5.7676 0.480093 2358 1.08
637583946 24.6256 1.75739 601 1.16727
637616714 17.2266 1.00957 1399 1.1128
637649482 20.5794 0.993165 1657 1.13259
637584068 0 0 4745 0
637616836 0 0 2371 0
637649604 0 0 25 0
637584070 41.6992 0.725876 4614 1.27465
637616838 27.5347 0.842509 2811 1.19298
637649606 22.8571 7.09782 35 1
637584072 0 0 799 0
637616840 0 0 2005 0
637649608 0 0 2381 0
637584074 64.5443 1.69027 801 1.18933
637616842 55.2269 1.12291 1961 1.15201
637649610 53.3468 1.00177 2480 1.28668
637587524 23.6889 0.803073 2803 1.18195
637620292 19.2518 1.19096 1096 1.1828
637653060 36 9.6 25 1.57143
637587526 64.4914 0.937592 2605 1.33435
637620294 29.0101 1.04414 1889 1.25803
637653062 37.037 9.29349 27 1.36842
637587528 40.2676 1.71059 822 1.09145
637620296 32.7243 1.10409 1806 1.09385
637653064 50.5012 1.09234 2095 1.10049
637587530 80.0241 1.38696 831 1.1859
637620298 66.7019 1.08347 1892 1.16499
637653066 72.4122 0.973947 2106 1.18891
637587652 34.7629 0.967051 2425 1.11126
637620420 21.9166 1.23226 1127 1.11838
637653188 30 10.247 20 1.23077
637587654 67.0891 0.894096 2762 1.24198
637620422 53.822 1.14072 1910 1.25228
637653190 40 9.79796 25 1.1875
637587656 57.4607 1.78869 764 1.12249
637620424 28.6569 1.05439 1839 1.11543
637653192 46.5264 1.10326 2044 1.12261
637587658 66.6667 1.6719 795 1.22592
637620426 56.481 1.13117 1921 1.17963
637653194 72.0096 0.982034 2090 1.2438
637587780 39.7616 0.916418 2852 1.16526
637620548 27.8894 1.29783 1194 1.17526
637653316 41.1765 8.44035 34 1.08824
637587782 26.0041 0.80928 2938 1.23863
637620550 26.9402 0.936962 2242 1.17696
637653318 35.4839 8.59347 31 1.18182
637587784 35.188 1.85189 665 1.15634
637620552 18.9083 0.928903 1777 1.11445
637653320 35.0242 1.04851 2070 1.10428
637587786 41.5584 1.77601 770 1.0942
637620554 32.9243 1.06257 1956 1.14975
637653322 41.687 1.08868 2051 1.13385
637587908 35.9177 1.00408 2283 1.14662
637620676 29.8405 1.54418 878 1.16667
637653444 40.9091 10.4824 22 1.05556
637587910 33.3199 0.944985 2488 1.2065
637620678 4.95217 0.514665 1777 1.28384
637653446 10.5263 7.04059 19 1
637587912 14.4621 1.47708 567 1.152
637620680 9.48543 0.729576 1613 1.10209
637653448 23.2516 1.03279 1673 1.11774
637587914 8.59599 1.06097 698 1.14062
637620682 20.9172 0.961854 1788 1.10414
637653450 32.475 1.07346 1903 1.16207
637588036 0 0 0 0
637620804 0 0 0 0
637653572 0 0 0 0
637588038 8.60428 0.558403 2522 1.39881
637620806 9.86547 0.706004 1784 1.21549
637653574 7.40741 5.0401 27 1
637588040 0 0 0 0
637620808 0 0 0 0
637653576 0 0 0 0
637588042 25.9394 1.52597 825 1.16285
637620810 18.2744 0.894632 1866 1.12543
637653578 33.5758 1.11716 1787 1.15688
637588164 36.913 0.920726 2747 1.248
637620932 37.034 1.38995 1207 1.28478
637653700 26.4706 7.56611 34 1.26316
637588166 37.1321 0.893818 2922 1.17237
637620934 29.3047 0.983225 2143 1.23345
637653702 28.5714 7.63604 35 1.25
637588168 11.1969 1.13123 777 1.16964
637620936 11.5197 0.742465 1849 1.07163
637653704 18.4962 0.869279 1995 1.12883
637588170 30.1768 1.63107 792 1.12846
637620938 42.7895 1.13509 1900 1.13584
637653706 50.3197 1.1089 2033 1.21723
637567076 80.3257 0.834013 2272 1.23054
637599844 61.1814 3.1656 237 1.3251
637632612 40 10.9545 20 1.6875
637567078 87.1394 0.496778 4541 1.35101
637599846 65.3061 2.26665 441 1.32826
637632614 32.4324 7.69588 37 1.33333
637567080 78.5595 1.67969 597 1.15565
637599848 79.2346 1.01598 1594 1.12931
637632616 86.4649 0.817538 1751 1.2136
637567082 73.1707 1.44284 943 1.1753
637599850 69.4653 0.94128 2394 1.12195
637632618 88.7108 0.584438 2932 1.21684
637567204 86.4912 0.541137 3990 1.38163
637599972 56.1644 2.90371 292 1.30418
637632740 27.7778 10.5572 18 1.25
637567206 82.2133 0.556783 4717 1.17929
637599974 53.528 2.46017 411 1.15773
637632742 17.6471 9.24594 17 1.66667
637567208 87.8953 1.07715 917 1.20152
637599976 87.4407 0.688457 2317 1.17761
637632744 93.6535 0.451554 2915 1.25157
637567210 85.3439 1.1875 887 1.23605
637599978 86.9366 0.688472 2396 1.21576
637632746 86.4538 0.627419 2975 1.25174
637567332 84.4573 0.563299 4137 1.21745
637600100 57.7922 2.8142 308 1.31119
637632868 45.4545 15.0131 11 1.33333
637567334 85.6315 0.523537 4489 1.49132
637600102 62.2691 2.4898 379 1.28125
637632870 26.087 9.15605 23 1.46154
637567336 70.3858 1.47429 959 1.10259
637600104 82.851 0.783417 2315 1.13349
637632872 85.9043 0.634472 3008 1.16863
637567338 79.704 1.30767 946 1.19263
637600106 85.7143 0.729173 2303 1.19126
637632874 79.3475 0.74243 2973 1.15016
637567460 74.4017 0.678506 4137 1.18703
637600228 50.5938 2.43668 421 1.24768
637632996 40.7407 9.45607 27 1.2
637567462 85.0544 0.554456 4135 1.26293
637600230 56.9231 2.50746 390 1.14848
637632998 31.4286 7.84693 35 1.42105
637567464 82.2472 1.28085 890 1.13587
637600232 68.9337 0.948178 2382 1.24002
637633000 78.7676 0.748391 2986 1.18066
637567466 80.6723 1.36814 833 1.18757
637600234 78.7879 0.862999 2244 1.15027
637633002 73.9852 0.824251 2833 1.16797
637567588 93.2991 0.400637 3895 1.30987
637600356 68.7259 2.88073 259 1.36913
637633124 11.7647 7.81425 17 1.5
637567590 83.3552 0.550514 4578 1.40383
637600358 66.763 2.53245 346 1.38265
637633126 46.1538 13.8264 13 1.88889
637567592 63.5503 1.65568 845 1.07735
637600360 87.135 0.715123 2192 1.23813
637633128 86.0614 0.636279 2963 1.16901
637567594 64.2019 1.64242 852 1.14037
637600362 67.9711 0.962292 2351 1.11078
637633130 80.2425 0.720736 3052 1.15671
637567716 85.0814 0.563668 3995 1.23315
637600484 64.1667 3.09523 240 1.3195
637633252 18.1818 11.6291 11 1.6
637567718 86.5816 0.550188 3838 1.43118
637600486 64.9832 2.76797 297 1.38644
637633254 33.3333 13.6083 12 1.625
637567720 81.1578 1.31748 881 1.13234
637600488 79.7164 0.833582 2327 1.1899
637633256 89.0014 0.574684 2964 1.2215
637567722 72.9064 1.55969 812 1.16
637600490 85.4756 0.759008 2155 1.17129
637633258 86.1878 0.68541 2534 1.18411
637571172 74.2337 0.957109 2088 1.18661
637603940 63.9706 2.91095 272 1.36201
637636708 37.5 9.88212 24 1.3913
637571174 72.5996 0.806015 3062 1.33289
637603942 72.8324 2.39139 346 1.29829
637636710 41.6667 10.0635 24 1.48276
637571176 83.375 1.3163 800 1.14581
637603944 85.9448 0.792984 1921 1.16087
637636712 90.8393 0.652588 1954 1.24697
637571178 45.6858 1.65677 904 1.18328
637603946 70.5938 0.989077 2122 1.12717
637636714 75.6405 0.894468 2303 1.15225
637571300 81.7895 0.96877 1587 1.24804
637604068 59.893 3.58408 187 1.2967
637636836 57.1429 13.226 14 1.36364
637571302 84.0319 0.681751 2887 1.28981
637604070 75.5102 2.50797 294 1.39024
637636838 45.4545 10.6159 22 1.5
637571304 91.9094 1.09692 618 1.21933
637604072 93.073 0.637174 1588 1.23789
637636840 95.4257 0.526616 1574 1.34477
637571306 75.486 1.41363 926 1.16059
637604074 79.0905 0.880519 2133 1.24312
637636842 76.2835 0.906631 2201 1.24774
637571428 83.9977 0.874908 1756 1.20372
637604196 67.1569 3.28816 204 1.35745
637636964 72.7273 13.4282 11 1.42105
637571430 81.0927 0.68601 3258 1.45286
637604198 67.7524 2.66773 307 1.3467
637636966 64.2857 12.806 14 1.57143
637571432 80.4915 1.55309 651 1.14337
637604200 86.0136 0.86095 1623 1.19961
637636968 91.9014 0.660893 1704 1.1904
637571434 85.3524 1.1734 908 1.14075
637604202 69.9955 0.969804 2233 1.11176
637636970 87.6246 0.671065 2408 1.15582
637571556 79.6296 0.808092 2484 1.24245
637604324 64.918 2.73259 305 1.32326
637637092 48 9.992 25 1.06452
637571558 58.2741 0.907114 2955 1.12005
637604326 69.6049 2.53585 329 1.19061
637637094 54.1667 10.1707 24 1.27778
637571560 68.1818 1.57011 880 1.16132
637604328 79.8217 0.869383 2131 1.22346
637637096 82.8758 0.786371 2295 1.16612
637571562 81.1881 1.29623 909 1.15336
637604330 67.5584 1.03247 2056 1.10581
637637098 76.1394 0.90098 2238 1.15208
637571684 86.7874 0.78161 1877 1.22571
637604452 75.9358 3.12599 187 1.41518
637637220 38.4615 13.4932 13 1.5
637571686 84.5761 0.715518 2548 1.19751
637604454 67.3469 2.99597 245 1.27899
637637222 60 15.4919 10 1.22222
637571688 78.5714 1.42771 826 1.15935
637604456 89.9728 0.701178 1835 1.21622
637637224 90.9476 0.660179 1889 1.33018
637571690 86.9266 1.1416 872 1.1823
637604458 80.139 0.888981 2014 1.13652
637637226 86.4092 0.748348 2097 1.20281
637571812 76.1309 0.935138 2078 1.18911
637604580 68.2292 3.36007 192 1.22388
637637348 86.6667 8.77707 15 1.31818
637571814 85.9508 0.715919 2356 1.25216
637604582 72.1461 3.0292 219 1.38153
637637350 80 12.6491 10 1.70833
637571816 86.2269 1.17241 864 1.14457
637604584 80.7168 0.886399 1981 1.12983
637637352 88.132 0.746092 1879 1.19519
637571818 81.5612 1.4227 743 1.13956
637604586 82.8032 0.876143 1855 1.16243
637637354 94.3833 0.540296 1816 1.27173
637575268 79.5653 0.637313 4003 1.20874
637608036 59.3443 2.81255 305 1.19588
637640804 20.8333 8.28982 24 1.63636
637575270 83.4791 0.563328 4346 1.21353
637608038 55.0135 2.58978 369 1.22154
637640806 39.2857 9.22962 28 1.29412
637575272 86.5052 1.16037 867 1.15958
637608040 87.2553 0.69549 2299 1.15573
637640808 92.0028 0.51025 2826 1.22025
637575274 85.0877 1.26097 798 1.1408
637608042 86.3421 0.712797 2321 1.15579
637640810 89.6704 0.561011 2943 1.22625
637575396 87.0325 0.526978 4064 1.27255
637608164 63.2479 2.57342 351 1.32011
637640932 30.4348 9.59439 23 1.69231
637575398 88.1911 0.479902 4522 1.38415
637608166 65.4822 2.39516 394 1.38824
637640934 56.25 12.402 16 1.4
637575400 87.991 1.08901 891 1.13953
637608168 93.0416 0.532293 2285 1.21206
637640936 90.2967 0.553011 2865 1.20906
637575402 78.6364 1.38168 880 1.10505
637608170 80.4781 0.791158 2510 1.12029
637640938 82.8025 0.673425 3140 1.17093
637575524 87.2705 0.518011 4140 1.234
637608292 57.0064 2.79382 314 1.22433
637641060 36.8421 11.0665 19 1.2
637575526 91.2972 0.430557 4286 1.24396
637608294 56.25 2.64411 352 1.21958
637641062 11.1111 7.40741 18 1.75
637575528 68.247 1.54572 907 1.08156
637608296 76.0551 0.885604 2322 1.11857
637641064 69.046 0.844329 2998 1.14601
637575530 79.9502 1.41289 803 1.19913
637608298 73.6772 0.92862 2249 1.11876
637641066 81.6163 0.739053 2747 1.13214
637575652 74.9551 0.694057 3897 1.21708
637608420 55.9375 2.77531 320 1.20221
637641188 33.3333 10.2869 21 1.46154
637575654 67.634 0.805122 3377 1.1398
637608422 63.4667 2.48658 375 1.23243
637641190 17.6471 9.24594 17 1.46154
637575656 83.8292 1.32426 773 1.17572
637608424 82.6715 0.804033 2216 1.15946
637641192 83.2008 0.695078 2893 1.1852
637575658 70.069 1.70081 725 1.15136
637608426 70.2118 0.992083 2125 1.14737
637641194 67.693 0.960405 2371 1.15256
637575780 91.1741 0.468192 3671 1.29264
637608548 65.1822 3.03121 247 1.31325
637641316 22.2222 13.858 9 1.5
637575782 86.4671 0.529411 4175 1.42992
637608550 53.2872 2.93481 289 1.33209
637641318 25 9.68246 20 2.16667
637575784 85.6753 1.29395 733 1.19132
637608552 89.9814 0.648136 2146 1.22938
637641320 92.9025 0.482524 2832 1.45619
637575786 72.7794 1.68471 698 1.14674
637608554 73.5269 0.911658 2342 1.17389
637641322 82.3824 0.695901 2997 1.23449
637575908 93.319 0.409002 3727 1.31901
637608676 69.7842 2.75406 278 1.39936
637641444 37.5 9.88212 24 1.4
637575910 91.4139 0.427935 4286 1.26143
637608678 68.7919 2.68407 298 1.24923
637641446 44.4444 16.5635 9 1.66667
637575912 88.6202 1.19772 703 1.17904
637608680 86.6256 0.713938 2273 1.17997
637641448 90.2142 0.570968 2708 1.26514
637575914 88.7056 1.12757 788 1.23771
637608682 90.3269 0.621232 2264 1.30977
637641450 90.0143 0.566183 2804 1.21334
637579364 86.8616 0.667024 2565 1.26348
637612132 67.3993 2.837 273 1.23248
637644900 60.8696 10.1764 23 1.35714
637579366 85.804 0.651813 2867 1.30482
637612134 74.4828 2.56003 290 1.34604
637644902 45 11.1243 20 1.58824
637579368 62.6059 1.57479 944 1.10487
637612136 77.6631 0.902251 2131 1.12569
637644904 87.2514 0.70913 2212 1.16967
637579370 87.6277 1.10932 881 1.25278
637612138 73.3005 0.981877 2030 1.18615
637644906 88.2702 0.687434 2191 1.23531
637579492 92.3965 0.528841 2512 1.30238
637612260 70.5686 2.63558 299 1.36415
637645028 29.6296 8.78772 27 1.29032
637579494 93.4062 0.445086 3109 1.41612
637612262 72.067 2.37129 358 1.35484
637645030 76.4706 10.2879 17 1.60714
637579496 82.8054 1.26911 884 1.11513
637612264 88.3858 0.710761 2032 1.15699
637645032 90.901 0.605899 2253 1.21393
637579498 87.5403 1.08239 931 1.19231
637612266 88.2122 0.714648 2036 1.19554
637645034 90.6632 0.607726 2292 1.28691
637579620 82.8851 0.760306 2454 1.18142
637612388 73.6462 2.64702 277 1.32831
637645156 52.381 10.8985 21 1.3871
637579622 84.4615 0.635465 3250 1.41725
637612390 74.2958 2.59314 284 1.28107
637645158 61.9048 10.5971 21 1.35484
637579624 78.7514 1.35381 913 1.1057
637612392 56.0224 1.07247 2142 1.15694
637645160 82.0882 0.801469 2289 1.16667
637579626 88.8769 1.03324 926 1.21205
637612394 81.6689 0.815159 2253 1.14911
637645162 90.1625 0.615932 2338 1.27868
637579748 77.1666 0.835021 2527 1.25197
637612516 73.5507 2.65489 276 1.32082
637645284 70.5882 11.051 17 1.42424
637579750 0 0 2879 0
637612518 0 0 258 0
637645286 0 0 5 0
637579752 78.0837 1.37284 908 1.18744
637612520 74.1436 0.948482 2131 1.14292
637645288 87.0826 0.703019 2276 1.20348
637579754 15.7044 1.23639 866 1.08466
637612522 64.6139 1.04072 2111 1.16202
637645290 76.4065 0.886665 2293 1.17334
637579876 89.5892 0.659874 2142 1.28644
637612644 69.5473 2.95223 243 1.31518
637645412 33.3333 13.6083 12 1.63636
637579878 88.7908 0.618113 2605 1.24539
637612646 67.9825 3.08976 228 1.23485
637645414 55.5556 11.7121 18 2
637579880 82.5677 1.30205 849 1.19555
637612648 90.564 0.680756 1844 1.19377
637645416 92.5403 0.589868 1984 1.22817
637579882 87.2315 1.15288 838 1.2191
637612650 87.0048 0.772838 1893 1.1487
637645418 91.3313 0.639162 1938 1.20323
637580004 85.7895 0.801024 1900 1.21865
637612772 76.6551 2.49704 287 1.31164
637645540 62.5 12.1031 16 1.38462
637580006 88.678 0.573182 3056 1.5033
637612774 78.8396 2.38616 293 1.43045
637645542 57.1429 13.226 14 1.63636
637580008 89.2768 1.09256 802 1.21866
637612776 86.1754 0.800532 1859 1.44849
637645544 90.8185 0.661429 1906 1.36892
637580010 88.2479 1.05262 936 1.21644
637612778 92.8571 0.567703 2058 1.20753
637645546 92.9907 0.526205 2354 1.28967
637583460 79.1367 0.639991 4031 1.26825
637616228 54.2424 2.74248 330 1.13889
637648996 35.2941 11.5904 17 1.4
637583462 72.8485 0.757068 3451 1.21618
637616230 43.1611 2.73068 329 1.22807
637648998 35 10.6654 20 1.2
637583464 68.3157 1.59672 849 1.06468
637616232 83.2244 0.779961 2295 1.1868
637649000 81.3612 0.720161 2924 1.16637
637583466 79.5285 1.42124 806 1.19084
637616234 83.5383 0.806543 2114 1.16179
637649002 86.5838 0.705628 2333 1.14783
637583588 83.7611 0.571194 4169 1.24771
637616356 61.5152 2.67842 330 1.28165
637649124 27.5862 8.29961 29 1.63158
637583590 83.7087 0.546088 4573 1.24166
637616358 50.1355 2.60289 369 1.22857
637649126 42.1053 11.3269 19 1.3
637583592 75.6968 1.4321 897 1.19134
637616360 82.0289 0.802857 2287 1.13697
637649128 88.3472 0.58629 2995 1.16203
637583594 83.2811 1.20621 957 1.20899
637616362 76.8939 0.86474 2376 1.15579
637649130 79.5189 0.737664 2993 1.16733
637583716 79.456 0.629597 4118 1.17556
637616484 62.2283 2.52728 368 1.2312
637649252 46.4286 9.42498 28 1.4
637583718 84.1562 0.54092 4557 1.1926
637616486 49.652 2.40836 431 1.15407
637649254 28.5714 8.53735 28 1.23077
637583720 82.8142 1.23641 931 1.17376
637616488 83.4426 0.776904 2289 1.13223
637649256 84.3342 0.65665 3064 1.12811
637583722 42.5314 1.66944 877 1.1332
637616490 42.3858 1.01637 2364 1.15014
637649258 50.5831 0.912657 3001 1.14581
637583844 89.6091 0.479959 4042 1.31929
637616612 65.7588 2.95995 257 1.35484
637649380 7.69231 7.39053 13 1.25
637583846 87.2336 0.497253 4504 1.20448
637616614 59.4203 2.6437 345 1.15
637649382 8.33333 7.97856 12 1.75
637583848 79.3976 1.40386 830 1.17387
637616616 78.5809 0.863944 2255 1.16531
637649384 85.3516 0.65491 2915 1.2081
637583850 69.1558 1.51937 924 1.12071
637616618 86.8928 0.72247 2182 1.15249
637649386 91.125 0.516546 3031 1.21262
637583972 87.3434 0.531655 3911 1.29852
637616740 66.3677 3.16376 223 1.36515
637649508 18.75 9.75781 16 1.5
637583974 91.315 0.464671 3673 1.41519
637616742 68.3824 2.81937 272 1.34551
637649510 53.3333 12.8812 15 1.27273
637583976 82.4163 1.31662 836 1.16071
637616744 88.0145 0.690735 2211 1.19662
637649512 87.0358 0.617205 2962 1.24952
637583978 81.6167 1.39863 767 1.25689
637616746 89.3521 0.656574 2207 1.22739
637649514 88.5809 0.611395 2706 1.29298
637584100 62.9434 0.766019 3975 1.16736
637616868 54.8303 2.54293 383 1.22772
637649636 43.4783 10.3367 23 1.19048
637584102 85.5204 0.543051 4199 1.20236
637616870 67.8571 2.44788 364 1.31818
637649638 50 11.1803 20 1.4
637584104 71.3075 1.57384 826 1.08161
637616872 72.9495 0.904129 2414 1.14002
637649640 86.4669 0.620728 3037 1.25205
637584106 56.5714 1.67565 875 1.26033
637616874 63.7037 1.00374 2295 1.09115
637649642 67.653 0.857808 2974 1.14863
637587556 90.8822 0.639062 2029 1.23077
637620324 62.3377 3.18803 231 1.29437
637653092 50 13.3631 14 1.64706
637587558 82.5131 0.733481 2682 1.19004
637620326 66.4207 2.86882 271 1.24922
637653094 82.3529 9.24594 17 1.21875
637587560 83.8951 1.29877 801 1.15688
637620328 76.494 0.946283 2008 1.20904
637653096 80.1496 0.890795 2005 1.22308
637587562 94.7312 0.732591 930 1.23777
637620330 91.0946 0.613406 2156 1.23068
637653098 95.7485 0.429083 2211 1.25038
637587684 88.7374 0.663092 2273 1.29147
637620452 63.3962 2.95918 265 1.25843
637653220 60 12.6491 15 1.16667
637587686 87.5833 0.617611 2851 1.29855
637620454 68.0272 2.71993 294 1.26984
637653222 65 10.6654 20 1.53333
637587688 85.2704 1.20222 869 1.13519
637620456 79.5476 0.866676 2166 1.15303
637653224 87.223 0.724869 2121 1.13609
637587690 86.41 1.15322 883 1.15854
637620458 82.3262 0.813062 2201 1.13774
637653226 87.7031 0.688214 2277 1.1494
637587812 82.2096 0.770744 2462 1.223
637620580 58.9385 2.60001 358 1.19643
637653348 40 9.79796 25 1.55556
637587814 81.5524 0.711003 2976 1.14579
637620582 72.2071 2.33843 367 1.274
637653350 73.0769 8.69893 26 1.34884
637587816 76.4085 1.45455 852 1.17054
637620584 75.2936 0.916632 2214 1.17343
637653352 87.7926 0.669359 2392 1.18493
637587818 87.5139 1.10371 897 1.26012
637620586 80.2844 0.866123 2110 1.16248
637653354 88.6534 0.666417 2265 1.23752
637587940 88.9138 0.665148 2228 1.26652
637620708 67.3228 2.94297 254 1.252
637653476 60 10.9545 20 1.31579
637587942 0 0 2623 0
637620710 0 0 252 0
637653478 0 0 17 0
637587944 84.78 1.23867 841 1.1339
637620712 72.0472 0.995541 2032 1.19759
637653480 91.5764 0.616444 2030 1.261
637587946 69.5858 1.5826 845 1.14135
637620714 87.233 0.735277 2060 1.16167
637653482 92.9208 0.555334 2133 1.22247
637588068 88.0474 0.736337 1941 1.25021
637620836 69.5067 3.08293 223 1.20276
637653604 87.5 11.6927 8 1.47059
637588070 78.5802 0.831068 2437 1.2766
637620838 61.3757 3.54159 189 1.42553
637653606 40 12.6491 15 1.31818
637588072 52.625 1.76533 800 1.07946
637620840 74.1584 0.974012 2020 1.08623
637653608 87.2611 0.737996 2041 1.16511
637588074 84.3468 1.21935 888 1.28167
637620842 72.5664 1.01799 1921 1.12026
637653610 83.9388 0.802767 2092 1.18168
637588196 67.8416 0.974362 2298 1.18763
637620964 64.6907 2.42633 388 1.1934
637653732 57.8947 8.00933 38 1.42222
637588198 89.326 0.571133 2923 1.20501
637620966 65.812 2.53184 351 1.20725
637653734 47.619 10.8985 21 1.53571
637588200 84.4017 1.18598 936 1.12917
637620968 77.8466 0.906429 2099 1.14047
637653736 92.8435 0.563028 2096 1.19187
637588202 71.597 1.47635 933 1.11282
637620970 74.9763 0.942074 2114 1.10402
637653738 86.4073 0.733166 2185 1.15742
