637566989 96.6061 0.245252 5451 2.83924
637632525 99.2638 0.13621 3939 2.96749
637566993 98.4822 0.171656 5073 2.10626
637632529 98.0198 0.206654 4545 2.49621
637566997 93.3333 1.37314 330 2.03696
637632533 93.5281 0.32539 5717 1.99457
637567001 89.6999 0.484741 3932 1.55277
637632537 89.2867 0.515256 3603 1.60943
637567005 96.3627 0.250605 5581 2.77444
637632541 99.4379 0.1195 3914 3.03822
637567117 95.1584 0.341738 3945 2.64534
637632653 99.145 0.181513 2573 2.81831
637567121 94.2633 0.325945 5090 2.79234
637632657 98.1794 0.198007 4559 2.87783
637567125 92.8065 0.367804 4935 1.69754
637632661 96.9032 0.224125 5974 2.50949
637567129 96.5763 0.252188 5199 2.20543
637632665 96.9034 0.254908 4618 2.4881
637567133 95.9806 0.263104 5573 2.93483
637632669 98.676 0.184164 3852 3.12991
637567245 95.8311 0.269688 5493 2.5119
637632781 99.2206 0.141747 3849 3.01639
637567249 94.6206 0.3637 3848 2.02136
637632785 98.5849 0.196746 3604 2.45901
637567253 97.889 0.221392 4216 2.45134
637632789 97.4125 0.214307 5488 2.57036
637567257 95.1906 0.299171 5115 2.10206
637632793 97.3497 0.239714 4490 2.4853
637567261 94.692 0.301753 5520 2.69437
637632797 98.1929 0.212514 3929 3.00217
637567373 95.6768 0.274687 5482 2.80946
637632909 99.0764 0.151139 4006 3.08638
637567377 97.8367 0.199533 5316 2.50364
637632913 97.7865 0.217796 4563 2.6785
637567381 98.5068 0.181057 4487 2.26474
637632917 98.0042 0.185049 5712 2.2844
637567385 97.0131 0.424639 1607 2.23705
637632921 98.369 0.202204 3924 2.4936
637567389 95.4168 0.280907 5542 2.86058
637632925 98.8576 0.165688 4114 3.21318
637567501 95.3635 0.282431 5543 2.45958
637633037 99.2357 0.139013 3925 3.0232
637567505 97.3078 0.24448 4383 2.42842
637633041 93.9394 4.1536 33 2.91429
637567509 98.0196 0.191342 5302 2.20391
637633045 98.0239 0.183239 5769 2.49217
637567513 96.7894 0.247401 5077 1.92135
637633049 97.6345 0.223873 4608 2.25486
637567517 95.6266 0.277217 5442 2.8728
637633053 98.5718 0.187816 3991 3.07784
637567629 96.0774 0.256326 5736 2.79912
637633165 99.3266 0.131619 3861 2.97674
637567633 95.1642 0.302624 5025 2.38291
637633169 98.374 0.187477 4551 2.62052
637567637 97.561 0.212936 5248 2.46352
637633173 96.4554 0.244334 5727 2.50058
637567641 96.6868 0.249865 5131 2.22945
637633177 96.9735 0.248361 4758 2.65106
637567645 95.2752 0.288807 5397 2.19081
637633181 97.0558 0.270475 3906 2.32976
637567757 96.1058 0.260361 5521 2.5292
637633293 99.3174 0.13341 3809 2.92209
637567761 98.0052 0.198471 4963 2.41093
637633297 98.7548 0.162478 4658 2.71738
637567765 98.4415 0.173973 5069 2.20156
637633301 97.3932 0.214384 5524 2.27733
637567769 97.8749 0.203249 5035 2.59167
637633305 98.8437 0.156442 4670 2.93463
637567773 95.3956 0.283295 5473 2.75547
637633309 98.7824 0.176523 3860 3.1254
637567885 93.1717 0.336788 5609 1.96279
637633421 97.023 0.27344 3863 2.1048
637567889 92.836 0.362294 5067 2.45078
637633425 98.2842 0.192601 4546 2.69431
637567893 97.6919 0.205701 5329 2.4906
637633429 97.3374 0.210319 5859 2.712
637567897 95.9984 0.273166 5148 2.48139
637633433 92.3915 0.391471 4587 1.88462
637567901 94.581 0.303261 5573 2.60171
637633437 98.667 0.185407 3826 3.05697
637568013 96.0559 0.260612 5578 2.66222
637633549 99.0346 0.160122 3729 3.02871
637568017 97.0104 0.235758 5218 2.42338
637633553 97.8048 0.216017 4601 2.51053
637568021 98.2931 0.181429 5097 2.50102
637633557 96.8577 0.233108 5601 2.42157
637568025 97.6086 0.215677 5018 2.66825
637633561 98.5988 0.172571 4639 2.83249
637568029 90.4596 0.398302 5440 2.08755
637633565 98.1582 0.216555 3855 2.82643
637568141 96.1226 0.259257 5545 2.55447
637633677 97.5014 0.257226 3682 2.83013
637568145 96.5795 0.254833 5087 2.44792
637633681 98.4632 0.183576 4490 2.56756
637568149 98.0121 0.201913 4779 2.29251
637633685 97.4612 0.212588 5475 2.23427
637568153 97.858 0.203895 5042 2.82627
637633689 98.5597 0.177354 4513 2.9871
637568157 95.7135 0.33684 3616 2.66897
637633693 98.7587 0.218062 2578 3.0519
637568269 86.0018 0.469347 5465 2.65391
637633805 98.8384 0.170273 3960 3.13353
637568273 97.4711 0.219825 5101 2.64929
637633809 97.9727 0.20921 4538 2.86271
637568277 97.5805 0.214634 5125 2.50037
637633813 96.8198 0.233239 5660 2.43554
637568281 97.7216 0.207343 5179 2.48882
637633817 97.754 0.216711 4675 2.7185
637568285 94.4374 0.308016 5537 2.51155
637633821 98.7868 0.175889 3874 2.96881
637568397 96.1371 0.265182 5281 2.51836
637633933 98.6262 0.187401 3858 2.89146
637568401 97.583 0.215282 5089 2.39786
637633937 98.0493 0.202484 4665 2.83943
637568405 98.0992 0.191158 5103 2.21988
637633941 96.9692 0.230264 5543 2.1776
637568409 84.0953 0.509025 5162 2.2903
637633945 98.0799 0.202713 4583 2.68325
637568413 89.343 0.409533 5677 2.18792
637633949 98.4043 0.199435 3948 2.39097
637569037 97.3801 0.232172 4733 2.66587
637634573 98.9184 0.140046 5455 2.8973
637569041 98.019 0.204483 4644 2.12488
637634577 98.5285 0.175843 4689 2.25848
637569045 98.806 0.59344 335 2.34036
637634581 98.6441 0.162117 5089 2.21758
637569049 88.4626 0.536569 3545 2.2206
637634585 98.4778 0.201852 3679 2.21059
637569053 96.6492 0.25568 4954 2.17875
637634589 95.423 0.282206 5484 2.07645
637569165 97.0685 0.279215 3650 2.56237
637634701 98.4018 0.199735 3942 2.72932
637569169 98.2024 0.19793 4506 2.64202
637634705 95.8822 0.290237 4687 2.31679
637569173 98.4567 0.18435 4471 2.07716
637634709 97.8273 0.19783 5431 2.23128
637569177 82.7962 0.546003 4778 1.49612
637634713 92.1403 0.391165 4733 1.73046
637569181 97.1662 0.236933 4905 2.45444
637634717 98.615 0.159883 5343 2.67162
637569293 97.138 0.243678 4682 2.65226
637634829 98.7909 0.150227 5293 2.95804
637569297 97.5396 0.260518 3536 2.22208
637634833 98.1039 0.219808 3850 2.39477
637569301 98.4449 0.195951 3987 2.16216
637634837 98.483 0.173833 4944 2.28381
637569305 97.4156 0.231887 4682 2.22423
637634841 98.5776 0.173837 4640 2.42807
637569309 96.8802 0.249897 4840 2.97365
637634845 98.5864 0.158918 5518 3.10934
637569421 97.1573 0.241159 4749 2.74073
637634957 98.204 0.180708 5401 2.54194
637569425 0 0 4795 0
637634961 89.178 0.457493 4611 1.48819
637569429 98.4496 0.19229 4128 1.99245
637634965 97.9849 0.195597 5161 2.07817
637569433 96.9136 0.67941 648 1.79432
637634969 97.2818 0.256794 4010 2.02471
637569437 97.1477 0.241962 4733 2.69882
637634973 98.8393 0.145377 5428 2.77908
637569549 96.753 0.262536 4558 2.60849
637635085 98.6447 0.156481 5460 2.65204
637569553 98.4924 0.178835 4643 2.62199
637635089 90.9091 5.00438 33 2.3871
637569557 98.0535 0.202056 4675 2.28692
637635093 98.0735 0.19272 5087 2.23783
637569561 97.746 0.218519 4614 2.02188
637635097 82.1482 0.557935 4711 1.59003
637569565 96.8357 0.257701 4614 2.8351
637635101 98.7893 0.147012 5534 3.16848
637569677 96.9661 0.242323 5010 2.54428
637635213 97.5487 0.210723 5385 2.59894
637569681 95.4 0.312282 4500 2.16413
637635217 98.1748 0.196157 4657 2.40328
637569685 97.3163 0.235854 4695 2.14062
637635221 98.0503 0.19306 5129 2.11143
637569689 96.131 0.28119 4704 2.13315
637635225 98.0761 0.197568 4834 2.3549
637569693 97.0671 0.248692 4603 2.44016
637635229 98.4314 0.169804 5355 2.64237
637569805 97.0248 0.244218 4840 2.35274
637635341 98.6709 0.156682 5342 2.78344
637569809 98.688 0.169682 4497 2.49283
637635345 98.4212 0.182081 4687 2.49275
637569813 98.5094 0.179406 4562 2.07226
637635349 98.0754 0.193524 5040 1.99285
637569817 98.4565 0.181758 4600 2.50772
637635353 98.5651 0.172755 4739 2.47904
637569821 96.868 0.249213 4885 2.738
637635357 98.5854 0.16218 5302 2.79768
637569933 96.7187 0.253542 4937 2.6781
637635469 98.5414 0.162909 5416 2.8998
637569937 92.3281 0.395736 4523 1.58614
637635473 92.4663 0.388895 4606 1.63732
637569941 99.0462 0.139953 4823 2.42581
637635477 98.5376 0.166516 5197 2.47188
637569945 96.274 0.277958 4643 2.08153
637635481 98.5405 0.175699 4659 2.21114
637569949 96.3487 0.268632 4875 2.49783
637635485 98.385 0.170761 5449 2.76558
637570061 97.8414 0.209368 4818 2.59462
637635597 98.5816 0.163717 5217 2.84481
637570065 98.1974 0.194896 4660 2.40515
637635601 98.4874 0.178146 4694 2.59801
637570069 98.1522 0.198565 4600 2.22314
637635605 92.5045 0.372277 5003 2.42547
637570073 97.4449 0.234182 4540 1.94382
637635609 98.8513 0.155417 4701 2.45769
637570077 97.1512 0.240775 4774 2.26511
637635613 98.874 0.145759 5240 2.83051
637570189 92.5972 0.378609 4782 2.04493
637635725 98.6333 0.161085 5195 2.58268
637570193 97.2509 0.242481 4547 2.02941
637635729 98.3761 0.187233 4557 2.48658
637570197 98.5945 0.180167 4269 2.12755
637635733 97.6936 0.215409 4856 2.03865
637570201 95.024 0.32124 4582 1.73197
637635737 95.056 0.315109 4733 1.80675
637570205 96.5863 0.332183 2988 2.57756
637635741 98.7647 0.187211 3481 2.76276
637570317 94.5555 0.330888 4702 2.53401
637635853 98.6691 0.155797 5410 2.69801
637570321 97.7903 0.216363 4616 2.31277
637635857 98.0018 0.207369 4554 2.4745
637570325 97.757 0.21852 4592 2.03895
637635861 96.2698 0.266928 5040 2.17792
637570329 84.4966 0.526374 4728 1.58154
637635865 94.5114 0.334143 4646 1.89013
637570333 96.9766 0.246407 4829 2.33097
637635869 97.3874 0.217124 5397 2.19006
637570445 97.1537 0.247977 4497 2.17755
637635981 98.2254 0.181404 5297 2.33345
637570449 98.2127 0.196805 4532 2.41196
637635985 96.5282 0.267169 4695 2.51302
637570453 99.1898 0.132649 4567 2.18097
637635989 99.0461 0.138479 4927 2.5625
637570457 98.8288 0.156998 4696 2.44836
637635993 98.9238 0.151376 4646 2.57065
637570461 96.7639 0.250105 5006 2.25062
637635997 98.3568 0.170832 5538 2.30616
637567021 98.2237 0.171807 5911 2.39361
637632557 96.1198 0.302641 4072 2.82284
637567025 94.9661 0.36769 3536 1.55604
637599793 96.0326 0.359441 2949 1.67168
637632561 97.4555 0.324291 2358 1.78875
637567029 98.4109 0.240396 2706 2.17052
637599797 97.2982 0.29253 3072 1.80778
637632565 99.0713 0.174689 3015 2.0495
637567033 0 0 0 0
637599801 98.059 0.277421 2473 1.87833
637632569 96.6949 0.358907 2481 1.93537
637567037 98.2539 0.170536 5899 2.48716
637632573 96.556 0.288078 4007 2.55645
637567149 97.9458 0.188758 5647 2.15431
637632685 62.7072 0.766338 3982 2.07487
637567153 96.9845 0.289812 3482 1.66942
637599921 97.6658 0.27771 2956 1.96222
637632689 97.3029 0.329991 2410 2.10607
637567157 97.9444 0.284871 2481 1.86453
637599925 98.847 0.179024 3556 2.04815
637632693 98.6049 0.20884 3154 2.01076
637567161 94.157 0.399913 3440 1.79224
637599929 96.9267 0.317179 2961 1.69763
637632697 97.2828 0.329885 2429 2.06886
637567165 97.8502 0.190971 5768 2.09984
637632701 95.6256 0.319726 4092 2.33732
637567277 98.2068 0.175959 5688 2.62094
637632813 96.5772 0.285307 4061 2.7373
637567281 98.753 0.222564 2486 1.87565
637600049 97.9031 0.265656 2909 2.10424
637632817 97.7475 0.361268 1687 1.93622
637567285 90.8327 0.577359 2498 1.88549
637600053 98.5093 0.213552 3220 2.07061
637632821 89.4148 0.550162 3127 1.77688
637567289 98.2364 0.254969 2665 1.95187
637600057 97.5703 0.317884 2346 2.17758
637632825 96.7519 0.409071 1878 2.09205
637567293 97.7099 0.194828 5895 2.30708
637632829 94.9816 0.34159 4085 2.45339
637567405 97.7134 0.197485 5729 2.17321
637632941 96.2428 0.295113 4152 2.44941
637567409 96.7901 0.299745 3458 1.63374
637600177 97.054 0.307646 3021 1.99404
637632945 97.7925 0.308723 2265 2.15381
637567413 97.8192 0.290836 2522 1.74891
637600181 97.196 0.29303 3174 1.6689
637632949 96.9746 0.307292 3107 1.61549
637567417 88.0962 0.653842 2453 1.74162
637600185 95.1769 0.404976 2799 1.89212
637632953 97.5654 0.380225 1643 1.84142
637567421 97.3258 0.210548 5871 2.40424
637632957 96.7828 0.274444 4134 2.63739
637567533 3.93771 0.260201 5587 1.12721
637633069 96.3043 0.293203 4140 2.76449
637567537 98.6123 0.1989 3459 1.78346
637600305 97.8033 0.265408 3050 1.96618
637633073 98.2526 0.261121 2518 2.00456
637567541 98.4156 0.239693 2714 1.67527
637600309 98.3755 0.223439 3201 1.88379
637633077 71.0824 0.814952 3095 1.83763
637567545 98.2469 0.248242 2795 1.86713
637600313 98.0329 0.297009 2186 1.92616
637633081 95.9088 0.478882 1711 1.89054
637567549 98.1828 0.176567 5723 2.45994
637633085 95.5342 0.320052 4165 2.58107
637567661 98.333 0.169595 5699 1.99121
637633197 95.8897 0.308695 4136 2.67277
637567665 86.7848 0.577152 3443 1.66477
637600433 91.7595 0.505338 2961 1.87089
637633201 96.6935 0.368144 2359 1.96766
637567669 97.9554 0.272862 2690 1.80048
637600437 97.5372 0.270249 3289 1.95416
637633205 97.9688 0.249374 3200 1.9013
637567673 98.1232 0.232392 3410 1.73343
637600441 96.8259 0.320443 2993 1.99387
637633209 96.2636 0.380144 2489 1.80518
637567677 97.6118 0.217209 4941 1.94038
637633213 95.9056 0.314068 3981 1.92485
637567789 98.3313 0.167147 5873 2.20571
637633325 85.0186 0.562535 4025 1.80171
637567793 97.9939 0.244442 3290 2.11979
637600561 98.2316 0.245423 2884 2.0915
637633329 98.0482 0.281911 2408 2.33896
637567797 98.6025 0.231286 2576 2.07779
637600565 96.4841 0.324879 3214 1.68011
637633333 97.9671 0.253506 3099 1.93615
637567801 98.7199 0.218129 2656 2.08252
637600569 98.4 0.257469 2375 2.25571
637633337 98.1861 0.374774 1268 2.42231
637567805 97.7767 0.188516 6117 2.15804
637633341 96.4329 0.287939 4149 2.50728
637567917 96.3778 0.245972 5770 1.90048
637633453 93.8893 0.379056 3993 2.08519
637567921 97.9235 0.245603 3371 1.97467
637600689 97.4784 0.291385 2895 2.1072
637633457 98.1918 0.27325 2378 2.23442
637567925 98.6024 0.225126 2719 1.94824
637600693 97.2503 0.290716 3164 2.21719
637633461 98.794 0.197066 3068 2.06477
637567929 98.1651 0.227244 3488 1.89231
637600697 97.7956 0.268336 2994 2.08401
637633465 98.3871 0.259529 2356 1.9566
637567933 95.2653 0.279688 5766 1.64509
637633469 70.4767 0.711343 4112 1.52121
637568045 97.8583 0.191035 5743 2.44205
637633581 96.4549 0.285231 4203 2.66697
637568049 98.3399 0.214325 3554 1.82063
637600817 97.0722 0.304064 3074 2.08543
637633585 98.5062 0.250607 2343 2.28486
637568053 98.3024 0.256674 2533 1.95702
637600821 97.956 0.249011 3229 2.08172
637633589 98.0444 0.252094 3017 2.0042
637568057 98.0075 0.237466 3463 1.81538
637600825 97.6247 0.28051 2947 1.91727
637633593 98.278 0.2666 2381 1.99963
637568061 93.2152 0.358972 4908 1.41358
637633597 94.3469 0.398357 3361 1.98011
637568173 97.9531 0.188098 5667 2.50331
637633709 96.152 0.300185 4106 2.45975
637568177 98.6183 0.198048 3474 2.32061
637600945 98.192 0.235244 3208 2.1809
637633713 98.7404 0.22481 2461 2.39383
637568181 98.2903 0.252683 2632 1.80787
637600949 97.8508 0.25781 3164 1.83145
637633717 91.1322 0.514242 3056 1.87469
637568185 98.4643 0.211327 3386 1.78315
637600953 97.4594 0.295582 2834 1.88169
637633721 98.0258 0.279233 2482 1.98513
637568189 96.4822 0.241928 5799 1.93882
637633725 96.0769 0.308865 3951 2.38734
637568301 97.3781 0.211254 5721 2.01588
637633837 95.3106 0.333898 4009 2.55502
637568305 83.3383 0.643909 3349 1.30776
637601073 97.4152 0.290729 2979 2.04328
637633841 98.5869 0.240632 2406 2.13144
637568309 95.3793 0.411951 2597 1.63167
637601077 96.6256 0.32526 3082 1.80489
637633845 98.5949 0.215291 2989 2.16652
637568313 97.4759 0.264157 3526 1.87087
637601081 97.9174 0.259642 3025 2.06526
637633849 98.1372 0.278204 2362 2.34686
637568317 98.2255 0.171635 5917 2.7474
637633853 96.1236 0.30235 4076 2.86813
637568429 95.418 0.276517 5718 1.78483
637633965 96.2 0.302308 4000 2.6724
637568433 97.8613 0.245949 3460 1.88443
637601201 97.8838 0.263783 2977 2.21793
637633969 98.0992 0.277585 2420 2.08907
637568437 98.8536 0.204725 2704 1.9715
637601205 97.6584 0.267195 3203 2.14415
637633973 98.8965 0.188208 3081 2.15811
637568441 98.5915 0.199785 3479 1.85574
637601209 98.0276 0.25211 3042 2.05909
637633977 98.4388 0.251278 2434 2.36953
637568445 98.179 0.175253 5821 2.59121
637633981 93.6993 0.375367 4190 2.38338
637569069 97.8838 0.293173 2410 2.17219
637601837 98.5355 0.199685 3619 2.16134
637634605 95.9675 0.362131 2951 2.41543
637569073 94.7004 0.315029 5057 1.94258
637634609 98.0618 0.215938 4076 2.11254
637569077 75.5571 0.661699 4218 1.14449
637634613 97.5057 0.23484 4410 2.29078
637569081 0 0 0 1.42748
637634617 97.714 0.228264 4287 2.02249
637569085 89.033 0.619527 2544 1.37984
637601853 65.9298 0.787832 3619 1.43576
637634621 92.8038 0.476122 2946 1.70787
637569197 98.5043 0.250926 2340 1.98333
637601965 94.8241 0.37463 3497 2.13663
637634733 96.6277 0.334864 2906 2.02434
637569201 98.0152 0.197487 4988 1.80711
637634737 92.982 0.398072 4118 2.02596
637569205 97.6585 0.232561 4228 1.97739
637634741 97.6086 0.220312 4809 2.11511
637569209 96.8523 0.248019 4956 2.22367
637634745 94.3432 0.355408 4225 1.67813
637569213 98.5318 0.242895 2452 2.01183
637601981 97.073 0.284151 3519 1.86603
637634749 96.3673 0.343148 2973 2.08266
637569325 98.6044 0.244974 2293 2.06231
637602093 98.2392 0.219873 3578 2.46152
637634861 96.054 0.362212 2889 2.37554
637569329 96.8781 0.274836 4004 1.95018
637634865 94.6686 0.381381 3470 2.02115
637569333 97.2025 0.258323 4075 1.87503
637634869 84.8625 0.531641 4545 1.44676
637569337 95.4509 0.340872 3737 1.76639
637634873 95.4094 0.36858 3224 2.50193
637569341 81.7847 0.780895 2443 2.11901
637602109 97.6618 0.249172 3678 2.37479
637634877 93.4783 0.455059 2944 2.45535
637569453 91.7297 0.580794 2249 2.04175
637602221 90.0619 0.501978 3552 1.71269
637634989 96.9471 0.316856 2948 2.23398
637569457 89.3731 0.441841 4865 1.35514
637634993 87.2304 0.519523 4127 1.58475
637569461 95.7157 0.318675 4038 2.27562
637634997 98.6201 0.171294 4638 2.35279
637569465 96.5073 0.288956 4037 1.76434
637635001 95.5247 0.363243 3240 1.7856
637569469 98.0632 0.282793 2375 2.05296
637602237 97.7057 0.250445 3574 2.04738
637635005 96.5517 0.335492 2958 2.15441
637569581 98.7325 0.233869 2288 2.12184
637602349 97.8929 0.242347 3512 2.54519
637635117 96.0288 0.361325 2921 2.55871
637569585 98.4535 0.174871 4979 2.03023
637635121 97.8757 0.217923 4378 2.22447
637569589 84.3735 0.560419 4198 1.30182
637635125 74.85 0.646711 4501 1.39299
637569593 97.7409 0.230358 4161 1.90629
637635129 97.4619 0.280141 3152 1.97888
637569597 97.6096 0.321386 2259 2.07427
637602365 98.2412 0.21963 3582 2.3044
637635133 96.2076 0.348392 3006 2.44457
637569709 98.4862 0.253941 2312 1.95381
637602477 98.0607 0.231188 3558 2.11988
637635245 95.9906 0.360101 2968 2.17836
637569713 95.9512 0.281144 4915 1.88021
637635249 96.338 0.290587 4178 2.0025
637569717 98.4123 0.190999 4283 2.13436
637635253 96.1138 0.284771 4606 1.6341
637569721 97.8411 0.207411 4910 1.83828
637635257 96.797 0.270222 4246 2.03207
637569725 97.7865 0.306508 2304 1.88605
637602493 96.5621 0.332874 2996 1.76965
637635261 92.7486 0.481909 2896 1.80086
637569837 98.7505 0.22301 2481 1.99169
637602605 97.2562 0.269249 3681 1.96157
637635373 96.041 0.360238 2930 1.96363
637569841 0 0 4698 0
637635377 97.7799 0.227644 4189 2.43658
637569845 95.7546 0.315846 4075 1.94967
637635381 95.1659 0.31794 4551 1.84943
637569849 98.3373 0.207733 3789 1.96898
637635385 97.9381 0.267929 2813 2.24103
637569853 98.5519 0.236343 2555 1.94539
637602621 98.3849 0.206814 3715 2.29556
637635389 96.5116 0.33444 3010 2.26169
637569965 98.5188 0.248502 2363 2.0179
637602733 97.927 0.236872 3618 2.23244
637635501 95.9918 0.36151 2944 2.3007
637569969 94.3416 0.331422 4860 2.02787
637635505 97.5729 0.240951 4079 2.34386
637569973 98.017 0.214207 4236 2.07122
637635509 97.5928 0.22778 4528 2.58176
637569977 98.4781 0.174393 4928 2.30522
637635513 96.8277 0.2717 4161 2.3186
637569981 48.5896 0.996221 2517 1.72844
637602749 93.5616 0.41987 3417 1.47445
637635517 92.206 0.493485 2951 1.45463
637570093 98.4309 0.255931 2358 1.93142
637602861 97.5831 0.254512 3641 1.94404
637635629 95.9095 0.361202 3007 1.89955
637570097 97.9916 0.198817 4979 2.07537
637635633 96.0669 0.298308 4246 2.00916
637570101 98.3175 0.20084 4101 1.9221
637635637 97.6095 0.228322 4476 2.20828
637570105 85.3393 0.502646 4952 1.62286
637635641 97.1979 0.257614 4104 1.98008
637570109 97.6594 0.337398 2008 1.89823
637602877 97.7243 0.27083 3032 2.02055
637635645 96.4646 0.378859 2376 2.09117
637570221 96.7687 0.364617 2352 1.6107
637602989 95.115 0.363264 3521 1.81714
637635757 95.6931 0.372389 2972 1.72452
637570225 94.657 0.319936 4941 1.74778
637635761 95.7972 0.303256 4378 1.95091
637570229 97.7278 0.232921 4093 1.79594
637635765 91.7443 0.409987 4506 2.0328
637570233 98.4091 0.179853 4840 2.15322
637635769 97.7455 0.231135 4125 2.26626
637570237 98.1637 0.268254 2505 1.81303
637603005 97.8567 0.2432 3546 1.75837
637635773 90.7206 0.543967 2845 1.98642
637570349 98.103 0.289927 2214 2.09996
637603117 98.0006 0.234905 3551 2.27579
637635885 94.9548 0.408278 2874 2.15281
637570353 98.1937 0.193016 4761 1.96873
637635889 97.255 0.25354 4153 2.21191
637570357 94.9988 0.342974 4039 1.55435
637635893 91.4845 0.423433 4345 1.67766
637570361 98.2125 0.18884 4923 2.15073
637635897 93.4188 0.385688 4133 1.82178
637570365 98.8409 0.213983 2502 2.14615
637603133 98.0289 0.231613 3602 2.17345
637635901 95.6835 0.376157 2919 2.24392
637570477 97.9461 0.293397 2337 2.00263
637603245 98.1439 0.228072 3502 2.17205
637636013 96.2847 0.352434 2880 2.10498
637570481 79.1625 0.573518 5015 1.41706
637636017 89.0866 0.480272 4215 1.52525
637570485 96.6811 0.277796 4158 1.73892
637636021 96.4576 0.274187 4545 1.76475
637570489 98.3254 0.181182 5016 2.1796
637636025 97.0118 0.259134 4317 2.24251
637570493 97.845 0.295606 2413 1.93155
637603261 97.0728 0.281457 3587 1.86734
637636029 88.346 0.583017 3029 1.47468
637567053 98.4817 0.279797 1910 2.58521
637632589 98.801 0.238366 2085 2.76335
637567057 98.0047 0.479081 852 2.46829
637632593 98.4882 0.288731 1786 2.02481
637567061 98.4573 0.289285 1815 2.28927
637632597 98.992 0.230073 1885 2.3916
637567065 96.8304 0.402653 1893 1.77489
637632601 98.4234 0.295587 1776 1.9658
637567069 98.8482 0.244153 1910 2.21425
637632605 98.9504 0.222602 2096 2.25389
637567181 98.8067 0.530473 419 1.87156
637632717 97.8641 0.318545 2060 1.99598
637567185 96.9683 0.370294 2144 1.62324
637632721 96.3211 0.444437 1794 1.79483
637567189 98.8445 0.244918 1904 2.00048
637632725 85.3069 0.778338 2069 1.51245
637567193 97.5152 0.337041 2133 1.53314
637632729 96.9629 0.406975 1778 1.65799
637567197 97.3534 0.365661 1927 1.70865
637632733 95.1432 0.486051 1956 1.47288
637567309 98.7635 0.250829 1941 2.32103
637632845 98.4211 0.272681 2090 2.31688
637567313 98.7257 0.290479 1491 1.8603
637632849 98.0692 0.355055 1502 2.05061
637567317 98.7865 0.257136 1813 1.93899
637632853 60.2086 1.09094 2013 1.34256
637567321 98.6444 0.245819 2213 1.75903
637632857 97.8735 0.336872 1834 1.89765
637567325 98.5197 0.272851 1959 1.76772
637632861 98.3863 0.2745 2107 1.73966
637567437 99.0088 0.232465 1816 2.3687
637632973 96.9595 0.377203 2072 2.39545
637567441 97.6454 0.332393 2081 1.61087
637632977 97.9506 0.324786 1903 1.97086
637567445 97.8343 0.338695 1847 1.7968
637632981 94.9112 0.481529 2083 1.68056
637567449 97.9592 0.357068 1568 1.52746
637632985 97.5628 0.419064 1354 1.66601
637567453 92.2099 0.62997 1810 1.33142
637632989 98.5473 0.259006 2134 2.05681
637567565 98.7173 0.260152 1871 2.15548
637633101 98.7554 0.242565 2089 2.35686
637567569 97.6378 0.326845 2159 1.60751
637633105 97.2727 0.376651 1870 1.71366
637567573 97.9636 0.326973 1866 1.72732
637633109 97.5215 0.349657 1977 1.77096
637567577 97.5406 0.343511 2033 1.53564
637633113 98.0523 0.325998 1797 1.76521
637567581 98.2604 0.300178 1897 1.96832
637633117 98.1973 0.289782 2108 2.01075
637567693 97.578 0.356645 1858 1.98287
637633229 98.557 0.261547 2079 2.0596
637567697 95.0555 0.46604 2164 1.44049
637633233 95.9074 0.459749 1857 1.9856
637567701 98.5546 0.276149 1868 1.73705
637633237 97.9673 0.314215 2017 1.88805
637567705 97.0669 0.361219 2182 1.58852
637633241 95.6615 0.471484 1867 1.70915
637567709 97.8359 0.326427 1987 1.6791
637633245 98.0105 0.33778 1709 1.87326
637567821 96.5589 0.416217 1918 1.82715
637633357 97.7306 0.327253 2071 1.90135
637567825 99.0066 0.215693 2114 2.21956
637633361 98.3897 0.291624 1863 2.05981
637567829 98.3114 0.322208 1599 1.8011
637633365 80 17.8885 5 2
637567833 99.0758 0.205703 2164 2.10944
637633369 98.2847 0.310466 1749 1.92905
637567837 98.3094 0.291793 1952 1.70437
637633373 96.9904 0.364836 2193 1.82182
637567949 99.2916 0.195791 1835 2.45847
637633485 98.963 0.225124 2025 2.24583
637567953 97.6246 0.328649 2147 1.58054
637633489 97.3533 0.385039 1738 1.83713
637567957 98.3343 0.301578 1801 2.02314
637633493 98.3425 0.286125 1991 1.93958
637567961 98.8437 0.229926 2162 2.20983
637633497 90.2802 0.708322 1749 1.82346
637567965 98.5197 0.272851 1959 1.86388
637633501 93.4847 0.548299 2026 1.70415
637568077 99.2861 0.19729 1821 2.53374
637633613 98.6919 0.250099 2064 2.61151
637568081 96.597 0.399757 2057 1.65346
637633617 97.7669 0.344838 1836 1.70069
637568085 97.7211 0.347611 1843 1.92573
637633621 98.345 0.285699 1994 1.9882
637568089 98.845 0.234389 2078 1.73911
637633625 71.7574 1.06673 1781 1.75576
637568093 98.5684 0.273533 1886 2.24026
637633629 98.4218 0.272552 2091 2.55399
637568205 98.3454 0.290065 1934 2.06555
637633741 98.3325 0.283577 2039 2.27167
637568209 97.0879 0.38344 1923 1.98556
637633745 0 0 0 0
637568213 83.2192 0.892794 1752 1.3431
637633749 70.0401 1.02533 1996 1.44131
637568217 96.8661 0.379664 2106 1.96747
637633753 97.5316 0.371756 1742 2.10318
637568221 98.0203 0.313852 1970 1.92652
637633757 98.4848 0.265806 2112 2.10758
637568333 98.0645 0.319444 1860 2.13232
637633869 97.3189 0.350326 2126 2.18842
637568337 98.8495 0.233495 2086 1.92472
637633873 97.7904 0.349893 1765 1.93103
637568341 97.1117 0.390965 1835 1.5292
637633877 61.4278 1.10316 1947 1.43942
637568345 92.4573 0.575173 2108 1.54843
637633881 95.9754 0.464661 1789 1.69133
637568349 98.6729 0.294782 1507 2.65305
637633885 99 0.248747 1600 2.58962
637568461 98.5567 0.270782 1940 2.52592
637633997 98.9736 0.222825 2046 2.39208
637568465 98.7713 0.239489 2116 1.87306
637634001 98.4908 0.28825 1789 2.091
637568469 97.2296 0.378823 1877 1.7066
637634005 98.2439 0.290102 2050 2.04405
637568473 97.6465 0.319447 2252 1.54955
637634009 98.0937 0.31914 1836 1.96964
637568477 0 0 1986 0
637634013 0 0 2112 0
637571149 98.3041 0.306986 1769 2.2931
637636685 98.6682 0.275842 1727 2.34327
637571153 99.1037 0.337243 781 1.97612
637636689 98.0969 0.328122 1734 2.24592
637571157 98.1992 0.315458 1777 2.39318
637636693 99.1601 0.20909 1905 2.53811
637571161 98.4699 0.286933 1830 1.89554
637636697 98.0035 0.338958 1703 2.37071
637571165 92.756 0.604956 1836 1.87652
637636701 97.1159 0.394141 1803 2.18093
637571277 96.0563 1.033 355 2.00424
637636813 98.9468 0.246942 1709 1.8312
637571281 99.1353 0.208812 1966 2.04676
637636817 98.4136 0.302866 1702 1.98925
637571285 96.2444 0.425442 1997 1.79349
637636821 98.2561 0.280423 2179 1.95494
637571289 95.0722 0.482908 2009 1.41824
637636825 73.938 1.05175 1742 1.40102
637571293 98.0031 0.316556 1953 1.57608
637636829 98.0403 0.323403 1837 1.69662
637571405 98.7328 0.262554 1815 2.25202
637636941 98.9397 0.241949 1792 2.37883
637571409 97.9443 0.365401 1508 1.88185
637636945 98.1651 0.371088 1308 1.98099
637571413 98.9161 0.247303 1753 2.35401
637636949 99.0496 0.222938 1894 2.37582
637571417 98.6398 0.259985 1985 1.79188
637636953 97.7726 0.35729 1706 1.74869
637571421 84.3854 0.854162 1806 1.33609
637636957 92.4145 0.61194 1872 1.43286
637571533 98.4484 0.285887 1869 2.04354
637637069 98.6456 0.274588 1772 2.17289
637571537 95.0023 0.468732 2161 1.83053
637637073 96.2296 0.45186 1777 1.70723
637571541 85.2146 0.817123 1887 1.28803
637637077 84.2365 0.808777 2030 1.51952
637571545 98.3333 0.312334 1680 1.42332
637637081 98.3025 0.35883 1296 1.67199
637571549 98.3497 0.289323 1939 1.8
637637085 98.7914 0.250486 1903 1.95448
637571661 97.0555 0.402273 1766 2.12452
637637197 99.1013 0.231009 1669 2.27473
637571665 98.419 0.27727 2024 2.07828
637637201 96.1268 0.467439 1704 1.91309
637571669 97.7473 0.464398 1021 1.79528
637637205 96.9101 0.529505 1068 1.66797
637571673 98.3895 0.278092 2049 1.65675
637637209 98.5632 0.285285 1740 2.04678
637571677 98.1419 0.320436 1776 1.88836
637637213 98.3597 0.307435 1707 2.02924
637571789 98.6383 0.270471 1836 1.76013
637637325 98.337 0.30108 1804 2.09603
637571793 98.7006 0.253163 2001 2.00469
637637329 96.0366 0.481761 1640 2.04916
637571797 98.4417 0.287106 1861 2.03892
637637333 98.539 0.279116 1848 1.84943
637571801 97.5073 0.344666 2046 1.5152
637637337 98.1949 0.326568 1662 1.75488
637571805 99.0571 0.2276 1803 1.98299
637637341 98.8821 0.248579 1789 2.09784
637571917 88.0355 0.741831 1914 1.51763
637637453 93.3711 0.592181 1765 1.72841
637571921 98.8163 0.245361 1943 1.79292
637637457 97.9929 0.34074 1694 2.20957
637571925 98.7836 0.277356 1562 2.02438
637637461 66.6667 27.2166 3 5
637571929 98.0431 0.306378 2044 1.89677
637637465 97.4042 0.395308 1618 1.78366
637571933 98.2884 0.295394 1928 1.71787
637637469 98.062 0.32439 1806 2.24138
637572045 99.0121 0.231703 1822 2.13266
637637581 98.5098 0.279506 1879 2.20919
637572049 88.2865 0.707497 2066 1.36539
637637585 98.3626 0.306901 1710 1.68488
637572053 98.8341 0.247112 1887 2.10266
637637589 98.7805 0.242411 2050 2.19062
637572057 98.1336 0.299932 2036 1.79865
637637593 97.9227 0.342606 1733 1.94088
637572061 98.292 0.304133 1815 1.93508
637637597 98.2976 0.30314 1821 1.94578
637572173 87.4804 0.75744 1909 1.33735
637637709 91.8625 0.654512 1745 1.50217
637572177 97.8994 0.316961 2047 1.89454
637637713 98.5154 0.2947 1684 1.92868
637572181 98.1957 0.311236 1829 1.93809
637637717 87.4016 0.736132 2032 2.01291
637572185 85.6986 0.821069 1818 1.73118
637637721 98.4804 0.295741 1711 1.81314
637572189 98.9322 0.23749 1873 2.03779
637637725 98.8565 0.25423 1749 2.30351
637572301 98.4496 0.290716 1806 2.07797
637637837 98.4282 0.289576 1845 2.02133
637572305 97.9461 0.359336 1558 1.96999
637637841 0 0 0 0
637572309 97.7483 0.356483 1732 1.72601
637637845 96.1018 0.450366 1847 2.03835
637572313 97.5831 0.344611 1986 1.83075
637637849 98.2165 0.328224 1626 2.05788
637572317 98.2039 0.305248 1893 2.17682
637637853 98.6215 0.279443 1741 2.44095
637572429 98.1687 0.315856 1802 1.88915
637637965 98.6736 0.274736 1734 2.11494
637572433 0 0 2074 0
637637969 0 0 1729 0
637572437 97.9897 0.336376 1741 1.57531
637637973 96.9957 0.395389 1864 1.67048
637572441 98.6693 0.254384 2029 1.9875
637637977 97.9943 0.335613 1745 2.07672
637572445 98.2081 0.318939 1730 1.7412
637637981 98.7776 0.265104 1718 2.00106
637572557 98.6457 0.269015 1846 2.38956
637638093 98.9332 0.243435 1781 2.36883
637572561 99.0708 0.231206 1722 2.07696
637638097 98.4158 0.320794 1515 2.26328
637572565 98.0811 0.321219 1824 2.02646
637638101 98.9275 0.232785 1958 2.22095
637572569 97.2741 0.365857 1981 1.61403
637638105 94.777 0.538985 1704 1.71865
637572573 98.8436 0.250881 1816 2.24764
637638109 98.4737 0.291483 1769 2.27092
637567085 91.3043 4.15449 46 1.80435
637632621 92.3077 5.22589 26 2.14286
637567089 95.7606 1.00618 401 1.54503
637632625 95.4002 0.635375 1087 1.48482
637567093 98.4716 0.405344 916 1.93996
637632629 97.861 0.47316 935 1.70785
637567097 96.0139 0.814433 577 1.51708
637632633 66.474 1.46527 1038 1.3227
637567101 98.5075 1.48136 67 1.43056
637632637 85.7143 7.63604 21 1.33333
637567213 88.4615 6.26563 26 1.56
637632749 100 0 10 1.5
637567217 81.6229 1.89207 419 1.11414
637632753 74.0814 1.38085 1007 1.24702
637567221 98.9922 0.334249 893 1.66667
637632757 97.5661 0.501281 945 1.76353
637567225 84.9498 1.46218 598 1.20273
637632761 85.4106 1.09725 1035 1.41577
637567229 93.5484 2.54748 93 1.43
637632765 81.8182 8.22304 22 1.88889
637567341 98.1707 1.04642 164 1.77
637632877 91.7431 1.17895 545 1.78315
637567345 95.9693 0.861664 521 1.49917
637632881 98.242 0.422617 967 1.48893
637567349 97.8056 0.473565 957 1.50094
637632885 96.4462 0.58168 1013 1.57527
637567353 96.6346 0.721924 624 1.47067
637632889 96.5517 0.542563 1131 1.52203
637567357 73.3788 2.58205 293 1.49254
637632893 73.6585 1.53824 820 1.22443
637567469 96.5812 1.67993 117 1.88489
637633005 98.3486 0.545895 545 2.28495
637567473 96.3855 2.04875 83 2.15306
637633009 96.9828 0.648407 696 2.10608
637567477 98.2079 0.561615 558 1.77592
637633013 97.913 0.596133 575 1.93031
637567481 97.4277 0.897688 311 1.70571
637633017 97.3144 0.642553 633 1.6345
637567485 96.0317 1.73909 126 1.99301
637633021 97.9466 0.642637 487 1.70059
637567597 98.1308 0.494863 749 1.65091
637633133 98.1627 0.397225 1143 1.8654
637567601 99.0719 0.266666 1293 1.62491
637633137 98.1107 0.353662 1482 1.81204
637567605 91.5325 0.736458 1429 1.4375
637633141 97.3415 0.420002 1467 1.56736
637567609 97.7291 0.424256 1233 1.63576
637633145 96.7213 0.465415 1464 1.64479
637567613 95.927 0.74078 712 1.47389
637633149 98.1881 0.391792 1159 1.87179
637567725 97.1374 0.728463 524 1.49642
637633261 94.2308 1.61668 208 1.92339
637567729 81.8787 1.04759 1352 1.64061
637633265 86.1486 0.897924 1480 1.78127
637567733 97.8532 0.381418 1444 1.54143
637633269 98.2154 0.328425 1625 1.67355
637567737 96.4654 0.501079 1358 1.57379
637633273 97.3094 0.409543 1561 1.5739
637567741 96.5278 0.762814 576 1.57166
637633277 97.8261 0.961578 230 2.07117
637567853 97.0149 2.07902 67 1.97101
637633389 100 0 13 2.73333
637567857 0 0 1232 0
637633393 0 0 1420 0
637567861 98.9707 0.284002 1263 2.0158
637633397 100 0 5 1.2
637567865 97.5948 0.465987 1081 1.72622
637633401 98.6273 0.304827 1457 1.97472
637567869 82.8947 4.31938 76 1.44286
637633405 100 0 19 1.52
637567981 97.9592 0.638743 490 1.67091
637633517 98.2759 0.986812 174 1.90393
637567985 97.752 0.39919 1379 1.5517
637633521 97.8203 0.375272 1514 1.85554
637567989 96.5718 0.462758 1546 1.50976
637633525 90.5947 0.719051 1648 1.66907
637567993 97.9092 0.384179 1387 1.5489
637633529 95.56 0.530257 1509 1.73333
637567997 95.3033 0.93592 511 1.76753
637633533 99.0566 0.663929 212 2.11742
637568109 98.7302 0.446097 630 1.69407
637633645 97.3301 0.458524 1236 1.9174
637568113 95.8726 0.683102 848 1.41006
637633649 89.8453 0.939337 1034 1.52698
637568117 93.8137 0.628118 1471 1.5425
637633653 97.3668 0.391702 1671 1.67802
637568121 98.132 0.477789 803 1.89376
637633657 98.2659 0.405173 1038 1.83927
637568125 97.1768 0.638474 673 1.75738
637633661 97.0174 0.489631 1207 1.87731
637568237 95.9581 0.761985 668 1.58737
637633773 97.7936 0.391886 1405 1.76016
637568241 89.7035 0.87225 1214 1.61166
637633777 95.7839 0.729423 759 1.64666
637568245 98.1843 0.346252 1487 1.59336
637633781 96.8593 0.437132 1592 1.6713
637568249 95.2813 0.63874 1102 1.48822
637633785 78.3531 1.02863 1603 1.41592
637568253 96.2343 0.710931 717 1.60025
637633789 98.2307 0.350713 1413 1.96209
637568365 98.4485 0.464146 709 1.61946
637633901 97.1722 0.485241 1167 1.87356
637568369 97.6848 0.410973 1339 1.69512
637633905 98.1543 0.345579 1517 1.62426
637568373 94.9488 0.572167 1465 1.39069
637633909 95.564 0.518309 1578 1.52715
637568377 97.2326 0.448617 1337 1.57311
637633913 98.2456 0.341032 1482 1.7619
637568381 97.5309 0.703923 486 1.68476
637633917 95.4816 0.716235 841 1.78775
637568493 95.7096 1.16414 303 1.6361
637634029 98.9209 0.438172 556 1.76596
637568497 97.6619 0.640854 556 1.8631
637634033 98.0025 0.494363 801 1.83298
637568501 89.779 1.12581 724 1.3174
637634037 82.7338 1.43366 695 1.4771
637568505 98.6949 0.458386 613 1.81793
637634041 97.0414 0.582897 845 1.70788
637568509 96.6463 0.994066 328 1.55068
637634045 97.8512 0.589521 605 1.65029
637571181 82.1918 4.47778 73 1.70492
637636717 100 0 4 2.2
637571185 97.8261 0.760194 368 1.72356
637636721 98.3346 0.352097 1321 1.92009
637571189 98.0583 0.363376 1442 1.76321
637636725 98.4694 0.310035 1568 1.75936
637571193 87.4545 0.998707 1100 1.30627
637636729 83.5302 0.977767 1439 1.3488
637571197 82.6087 4.56304 69 1.68254
637636733 90 9.48683 10 2.14286
637571309 0 0 0 0
637636845 95.9184 2.82663 49 1.6875
637571313 0 0 1284 0
637636849 0 0 1449 0
637571317 95.1374 0.570976 1419 1.61629
637636853 98.0481 0.352863 1537 1.6241
637571321 96.3424 0.523666 1285 1.46841
637636857 96.6035 0.462938 1531 1.59368
637571325 89.4454 1.29955 559 1.34948
637636861 91.9149 1.77829 235 1.56115
637571437 98.0741 0.528987 675 1.78396
637636973 98.4446 0.374283 1093 2.04305
637571441 98.3103 0.505144 651 1.60858
637636977 98.247 0.370448 1255 1.6798
637571445 97.7077 0.400547 1396 1.52957
637636981 96.1365 0.489044 1553 1.57771
637571449 96.1064 0.596128 1053 1.62456
637636985 98.0226 0.369981 1416 1.71438
637571453 97.9536 0.52294 733 1.70508
637636989 98.2847 0.380242 1166 2.01343
637571565 98.7755 0.496825 490 1.88929
637637101 98.5788 0.425449 774 2.00232
637571569 97.2662 0.618548 695 1.79129
637637105 98.5114 0.358345 1142 1.90079
637571573 98.3122 0.418365 948 1.6915
637637109 98.3083 0.395357 1064 1.836
637571577 0 0 601 0
637637113 0 0 859 0
637571581 97.4948 0.714078 479 1.74449
637637117 97.6982 0.536257 782 2.06448
637571693 99.1758 0.473874 364 1.69048
637637229 98.7465 0.4152 718 1.87964
637571697 97.4551 0.609327 668 1.71575
637637233 98.145 0.391797 1186 1.82156
637571701 96.5889 0.769104 557 1.52773
637637237 96.0139 0.814433 577 1.35762
637571705 97.6712 0.558193 730 1.6352
637637241 97.8522 0.424915 1164 1.82016
637571709 95.7895 1.03023 380 1.69343
637637245 97.5806 0.563307 744 1.83774
637571821 96.5217 1.70862 115 1.5082
637637357 88.2353 7.81425 17 2.16
637571825 96.4724 0.722467 652 1.54843
637637361 91.8997 0.847262 1037 1.60182
637571829 96.4286 0.619969 896 1.62209
637637365 96.5268 0.696549 691 1.5705
637571833 95.1773 0.806895 705 1.39841
637637369 95.5153 0.639328 1048 1.49912
637571837 0 0 116 0
637637373 0 0 28 0
637571949 91.6667 3.56812 60 1.74545
637637485 96.4286 3.50707 28 2.09677
637571953 98.9899 0.379849 693 2.24356
637637489 99.0521 0.298318 1055 2.28448
637571957 98.4146 0.436202 820 2.47539
637637493 97.449 1.12621 196 2.60465
637571961 98.1844 0.498976 716 1.85963
637637497 98.4556 0.383108 1036 2.24312
637571965 89.5522 3.73691 67 1.34426
637637501 94.4444 5.39903 18 2
637572077 97.5 0.780624 400 1.93873
637637613 99.3927 0.349551 494 2.05952
637572081 93.994 0.920674 666 1.86245
637637617 94.015 0.837616 802 1.90027
637572085 98.5411 0.43665 754 1.67727
637637621 97.7444 0.525629 798 1.77031
637572089 97.4101 0.602495 695 1.59371
637637625 98.1061 0.48436 792 1.57207
637572093 0 0 355 0
637637629 0 0 499 0
637572333 95.1724 0.796071 725 1.45677
637637869 97.9083 0.405906 1243 1.73939
637572337 90.5504 0.942626 963 1.38469
637637873 85.0694 2.10004 288 1.77285
637572341 98.2301 0.35807 1356 1.68319
637637877 87.7181 0.850323 1490 1.80863
637572345 97.8205 0.522811 780 1.7756
637637881 98.8117 0.327611 1094 2.04943
637572349 97.4852 0.602209 676 1.59947
637637885 96.8304 0.493147 1262 1.86199
637572589 97.271 0.719347 513 1.64831
637638125 99.4318 0.566565 176 2.18033
637572593 98.0282 0.521772 710 1.59371
637638129 98.6111 0.436145 720 1.69902
637572597 97.9388 0.366362 1504 1.69896
637638133 97.8222 0.3541 1699 2.14216
637572601 95.6522 0.540037 1426 1.39624
637638137 97.1711 0.425265 1520 1.75458
637572605 98.289 0.565442 526 1.58855
637638141 97.191 1.23845 178 1.83333
637575661 96.9314 0.732735 554 1.76615
637641197 98.6441 0.388761 885 2.00095
637575665 99.1288 0.289148 1033 1.99399
637641201 98.0929 0.393854 1206 1.77204
637575669 98.8465 0.318074 1127 1.68064
637641205 95.743 0.572166 1245 1.80143
637575673 97.7547 0.61569 579 1.5758
637641209 91.1336 0.952303 891 1.33633
637575677 97.3282 0.704453 524 1.9157
637641213 97.8161 0.495522 870 1.77789
637579757 97.7012 1.60674 87 2.0315
637645293 83.8323 2.01445 334 2
637579761 97.6636 1.03261 214 1.85211
637645297 98.6322 0.452799 658 1.81316
637579765 97.4654 0.754453 434 1.71457
637645301 98.6667 0.54069 450 1.94708
637579769 0 0 108 0
637645305 0 0 387 0
637579773 100 0 86 1.95868
637645309 99.4382 0.396133 356 2.07617
