637566980 98.9919 0.167171 3571 2.13058
637599748 98.429 0.159913 6047 2.1834
637632516 96.8545 0.184016 8997 2.58598
637566982 98.8652 0.178399 3525 2.32736
637599750 97.9895 0.179446 6118 2.17146
637632518 94.2052 0.238315 9612 2.07409
637566984 91.9355 2.44523 124 1.53086
637599752 98.2538 0.446918 859 1.82319
637632520 98.6985 0.373263 922 1.98012
637566986 97.1963 1.59588 107 2.04348
637599754 96.9795 0.562133 927 1.88421
637632522 98.7654 0.369931 891 2.21416
637567108 99.2375 0.14896 3410 2.25013
637599876 98.1726 0.174229 5910 2.3617
637632644 97.4444 0.165983 9039 2.58358
637567110 98.9557 0.170785 3543 2.1554
637599878 98.694 0.145974 6049 2.26787
637632646 98.2221 0.130253 10293 2.56023
637567112 95.3488 1.85415 129 1.69444
637599880 97.3162 0.552047 857 2.12437
637632648 99.319 0.277086 881 2.53322
637567114 98.2143 1.25137 112 2.04706
637599882 97.8795 0.481299 896 1.95985
637632650 98.2262 0.439508 902 2.14097
637567236 99.0996 0.160983 3443 2.25467
637600004 98.7321 0.141738 6231 2.599
637632772 97.7895 0.155741 8912 2.74272
637567238 95.7867 0.364477 3038 1.67897
637600006 94.3452 0.31502 5376 1.67371
637632774 93.3252 0.262372 9049 1.76264
637567240 96.5986 1.49504 147 1.54922
637600008 98.1481 0.458656 864 1.70452
637632776 97.9775 0.471856 890 1.7038
637567242 98.2456 1.22961 114 2.01786
637600010 98.5577 0.413345 832 2.257
637632778 98.1053 0.442343 950 2.2917
637567364 99.0196 0.162596 3672 2.36378
637600132 98.6269 0.151517 5899 2.51222
637632900 97.4316 0.166803 8994 2.51686
637567366 98.8392 0.180234 3532 2.46545
637600134 98.1934 0.177256 5646 2.66872
637632902 95.8714 0.203915 9519 2.45104
637567368 95.7627 1.85439 118 1.47651
637600136 96.0573 0.672662 837 1.45416
637632904 98.0892 0.446063 942 1.58839
637567370 96.6887 1.45612 151 1.62946
637600138 97.3952 0.536009 883 1.65298
637632906 98.3087 0.419242 946 2.0017
637567492 98.444 0.214087 3342 1.91072
637600260 98.1478 0.178225 5723 2.22104
637633028 97.1766 0.178181 8642 2.25946
637567494 50.7582 0.845661 3495 1.69633
637600262 97.9719 0.180275 6114 2.40085
637633030 97.2637 0.163327 9977 2.80503
637567496 96.2963 1.81723 108 1.56028
637600264 97.1286 0.590072 801 1.44632
637633032 97.7679 0.49352 896 1.65461
637567498 0 0 120 0
637600266 0 0 871 0
637633034 0 0 862 0
637567620 98.0804 0.237638 3334 1.98196
637600388 97.334 0.20859 5964 2.08296
637633156 95.7831 0.21227 8964 2.14951
637567622 98.6486 0.207104 3108 2.09852
637600390 98.2858 0.174357 5542 2.24744
637633158 96.8923 0.18281 9010 2.2424
637567624 70.1613 4.10892 124 1.09756
637600392 97.2973 0.54418 888 1.58735
637633160 98.5588 0.396837 902 1.72688
637567626 98.2456 1.22961 114 1.51316
637600394 97.3274 0.538204 898 1.61704
637633162 97.5281 0.520459 890 1.52618
637571076 98.2901 0.226536 3275 2.05451
637603844 97.5563 0.226062 4665 2.34895
637636612 97.3905 0.198683 6438 2.47442
637571078 98.7005 0.204136 3078 2.23435
637603846 98.6751 0.168513 4604 2.25868
637636614 98.0156 0.160409 7559 2.3671
637571080 98.1308 1.30928 107 2
637603848 98.3592 0.373315 1158 1.78936
637636616 99.0135 0.295984 1115 2.03095
637571082 96.5217 1.70862 115 1.86747
637603850 98.9039 0.302339 1186 1.77737
637636618 98.7319 0.336763 1104 2.11441
637571204 99.0157 0.178812 3048 2.66516
637603972 99.1267 0.146961 4008 2.96694
637636740 97.9973 0.18329 5842 3.02899
637571206 98.5885 0.20893 3188 2.16079
637603974 98.162 0.208883 4135 2.36559
637636742 97.1198 0.19224 7569 2.42036
637571208 94.8718 2.03919 117 1.81169
637603976 98.0475 0.403123 1178 2.0551
637636744 98.7701 0.339007 1057 2.23609
637571210 97.5 1.42522 120 2.42515
637603978 97.7853 0.429493 1174 2.47207
637636746 98.5415 0.361962 1097 2.60709
637571332 98.6932 0.205263 3061 2.10133
637604100 98.519 0.185197 4254 2.44123
637636868 97.7513 0.190642 6048 2.61408
637571334 99.2131 0.156761 3177 2.48885
637604102 98.9457 0.15463 4363 2.86799
637636870 97.39 0.177741 8046 3.31045
637571336 96.1905 1.86813 105 1.30597
637604104 98.0344 0.397264 1221 2.21723
637636872 98.6038 0.346595 1146 2.23464
637571338 91.9192 2.73913 99 1.31757
637604106 97.5566 0.464459 1105 1.66171
637636874 97.4422 0.453473 1212 1.59413
637571460 99.0257 0.177021 3079 2.01971
637604228 97.8162 0.226414 4167 2.14821
637636996 97.4885 0.197281 6291 2.27751
637571462 98.5448 0.212996 3161 1.89502
637604230 96.8321 0.267312 4293 1.99343
637636998 96.9591 0.195746 7695 1.99901
637571464 95.3704 2.02194 108 1.67376
637604232 98.2079 0.397122 1116 1.8741
637637000 98.7203 0.339821 1094 2.01061
637571466 99.1304 0.865777 115 1.83908
637604234 97.693 0.447192 1127 1.90589
637637002 98.2862 0.379918 1167 1.81947
637571588 95.3089 0.384325 3027 1.61749
637604356 91.5948 0.429367 4176 1.68725
637637124 92.6562 0.343704 5760 1.89085
637571590 97.6487 0.281766 2892 1.72111
637604358 98.4778 0.191845 4073 2.14736
637637126 97.5314 0.187533 6846 2.29403
637571592 100 0 108 1.53659
637604360 94.5355 0.685916 1098 1.43067
637637128 97.8202 0.440081 1101 1.56333
637571594 53.7634 5.17005 93 1.26667
637604362 95.3636 0.633992 1100 1.49834
637637130 97.1154 0.519005 1040 1.59528
637571716 97.2928 0.294882 3029 2.00044
637604484 98.2564 0.20959 3900 2.22617
637637252 96.6081 0.237527 5808 2.37
637571718 98.255 0.239863 2980 2.13025
637604486 98.7409 0.176943 3971 2.40723
637637254 97.2408 0.191439 7321 2.50451
637571720 65.2893 4.32773 121 1.5
637604488 50.2183 1.47762 1145 1.42942
637637256 95.8949 0.568507 1218 1.69601
637571722 99.1071 0.888863 112 1.77358
637604490 98.1067 0.399811 1162 1.62539
637637258 98.0898 0.423039 1047 1.76692
637575172 98.587 0.202505 3397 2.1572
637607940 98.2485 0.176277 5538 2.22298
637640708 96.1985 0.212455 8102 2.23194
637575174 98.9328 0.174509 3467 2.11217
637607942 98.1661 0.174844 5889 2.18303
637640710 98.0404 0.141508 9594 2.4631
637575176 98.0583 1.35963 103 1.56494
637607944 98.0527 0.46767 873 1.76331
637640712 97.9294 0.496979 821 1.97056
637575178 95.1613 1.92701 124 1.81871
637607946 96.8658 0.545299 1021 1.66638
637640714 98.7514 0.374104 881 1.90242
637575300 98.5219 0.203457 3518 2.27369
637608068 98.9339 0.131527 6097 2.55928
637640836 97.4825 0.165343 8977 2.36492
637575302 98.965 0.169264 3575 2.23092
637608070 97.4776 0.20003 6145 2.26003
637640838 97.1794 0.164132 10175 2.43619
637575304 95.5224 1.78658 134 1.98773
637608072 98.4405 0.386812 1026 2.43745
637640840 99.2716 0.274308 961 2.66035
637575306 94.2623 2.10551 122 1.9186
637608074 98.2176 0.405242 1066 2.39109
637640842 98.912 0.326264 1011 2.6189
637575428 97.5533 0.260582 3515 2.64167
637608196 98.621 0.152158 5874 2.61937
637640964 97.3618 0.167685 9135 2.84042
637575430 99.2548 0.1456 3489 2.30343
637608198 98.7124 0.15076 5592 2.84215
637640966 97.3169 0.164468 9653 2.96113
637575432 89.1892 2.9473 111 1.57252
637608200 97.3945 0.561102 806 1.7779
637640968 99.4318 0.253376 880 1.97766
637575434 96.9925 1.48097 133 1.57065
637608202 98.1779 0.437874 933 1.6424
637640970 98.6042 0.370434 1003 1.91866
637575556 98.5053 0.20572 3479 1.97549
637608324 97.1012 0.21844 5899 2.07858
637641092 96.2864 0.204348 8563 2.25022
637575558 80.0237 0.795203 2528 1.54895
637608326 91.5081 0.424613 4310 1.6841
637641094 75.4747 0.514048 7005 1.82044
637575560 96.6942 1.62534 121 1.67925
637608328 97.497 0.539316 839 1.72638
637641096 99.0674 0.309427 965 1.94968
637575562 97.7941 1.25944 136 1.70588
637608330 98.359 0.406876 975 1.66787
637641098 97.996 0.443597 998 1.93845
637575684 99.1161 0.163405 3281 2.0803
637608452 98.728 0.147926 5739 2.31653
637641220 98.0251 0.151308 8456 2.48859
637575686 98.6655 0.197606 3372 2.39599
637608454 98.6076 0.151766 5961 2.3145
637641222 97.8065 0.148988 9665 2.4631
637575688 94.8387 1.77708 155 1.70892
637608456 97.4891 0.516947 916 1.48172
637641224 98.1386 0.43464 967 1.68765
637575690 90.4348 2.74262 115 1.60645
637608458 94.0199 0.789077 903 1.49797
637641226 97.0264 0.563691 908 1.6652
637575812 98.3121 0.229885 3140 1.76643
637608580 98.1889 0.181287 5411 2.25742
637641348 96.568 0.203005 8042 2.43924
637575814 98.6556 0.194777 3496 1.85836
637608582 98.492 0.158634 5902 2.13958
637641350 97.9853 0.145065 9381 2.46515
637575816 94.3089 2.08891 123 1.52147
637608584 97.7692 0.459945 1031 1.5505
637641352 97.9671 0.439086 1033 1.76577
637575818 92.4812 2.28652 133 1.46341
637608586 86.9013 1.05485 1023 1.27457
637641354 87.1297 1.07025 979 1.27056
637579268 99.0587 0.171051 3187 2.15025
637612036 98.1014 0.207664 4319 2.16745
637644804 97.2363 0.203128 6513 2.51639
637579270 98.912 0.185573 3125 2.5412
637612038 84.6262 0.551343 4280 1.7543
637644806 96.9135 0.194919 7873 3.00774
637579272 95.3846 1.84023 130 2.03448
637612040 98.2744 0.373284 1217 1.81715
637644808 98.4014 0.373765 1126 1.98692
637579274 96.5217 1.70862 115 1.8314
637612042 98.5915 0.339185 1207 1.77899
637644810 70.3398 1.38412 1089 1.50968
637579396 99.177 0.160747 3159 2.40387
637612164 98.8238 0.163729 4336 2.49915
637644932 97.6703 0.191868 6181 2.41448
637579398 98.6675 0.204233 3152 2.27004
637612166 98.4707 0.185403 4381 2.88702
637644934 97.84 0.166327 7639 3.05785
637579400 0 0 142 0
637612168 98.6722 0.329739 1205 2.18796
637644936 96.8577 0.53037 1082 2.25789
637579402 96.9231 1.51461 130 1.83146
637612170 96.4 0.526908 1250 1.72151
637644938 99.1773 0.273093 1094 2.01753
637579524 99.078 0.17343 3037 2.05913
637612292 98.8767 0.162931 4184 2.28063
637645060 97.7979 0.183396 6403 2.49244
637579526 98.292 0.232603 3103 2.45315
637612294 96.7977 0.270159 4247 2.21571
637645062 96.3047 0.206297 8362 2.42776
637579528 95 1.98956 120 1.91275
637612296 96.3455 0.540774 1204 2.00297
637645064 98.9076 0.327554 1007 2.21081
637579530 96.4029 1.57948 139 1.59043
637612298 98.1387 0.39311 1182 1.65648
637645066 98.418 0.360057 1201 1.87135
637579652 97.9167 0.253755 3168 1.74463
637612420 98.5208 0.184981 4259 2.19995
637645188 97.8216 0.183405 6335 2.46783
637579654 98.7184 0.198873 3199 2.04064
637612422 97.5432 0.233482 4396 2.36935
637645190 96.2112 0.221304 7443 2.32175
637579656 93.0233 2.74709 86 1.30508
637612424 96.4249 0.593398 979 1.34155
637645192 98.2646 0.430059 922 1.53977
637579658 96.1538 1.68665 130 1.61988
637612426 97.0389 0.493048 1182 1.75113
637645194 98.5455 0.360982 1100 2
637579780 96.826 0.331065 2804 1.48645
637612548 95.9826 0.323525 3684 1.72913
637645316 96.6209 0.239709 5682 1.86394
637579782 97.9303 0.271289 2754 1.97016
637612550 98.7395 0.180788 3808 1.94333
637645318 96.9226 0.210069 6759 1.94731
637579784 80.3738 3.83958 107 1.11538
637612552 95.6298 0.598427 1167 1.36922
637645320 97.0736 0.487364 1196 1.49894
637579786 96.6942 1.62534 121 1.39412
637612554 97.4729 0.4715 1108 1.49752
637645322 93.3075 0.778259 1031 1.56486
637579908 98.2968 0.234177 3053 2.15371
637612676 98.1008 0.209006 4265 2.22677
637645444 97.3785 0.206456 5989 2.16134
637579910 98.5099 0.218063 3087 2.17689
637612678 98.476 0.183396 4462 2.52526
637645446 96.2684 0.214264 7825 2.36812
637579912 93.3824 2.13164 136 1.37853
637612680 96.1165 0.573978 1133 1.53467
637645448 91.3719 0.824751 1159 1.41692
637579914 96.6942 1.62534 121 1.48765
637612682 98.0769 0.388754 1248 1.52361
637645450 97.1649 0.486473 1164 1.64042
637583364 98.9875 0.172763 3358 2.27736
637616132 98.7889 0.141863 5945 2.54334
637648900 97.8396 0.156265 8656 2.86367
637583366 98.7633 0.187425 3477 2.26645
637616134 97.9321 0.198764 5126 2.26924
637648902 96.3843 0.20773 8076 2.44223
637583368 95.1219 2.37879 82 1.72477
637616136 97.422 0.583765 737 1.9497
637648904 98.7845 0.364244 905 2.1115
637583370 98.2759 1.20859 116 1.94231
637616138 98.1672 0.453972 873 2.05227
637648906 98.9373 0.334264 941 2.11157
637583492 99.2144 0.147887 3564 2.47096
637616260 99.0504 0.124092 6108 2.57887
637649028 98.2065 0.140072 8977 2.71152
637583494 98.2188 0.222399 3537 2.09993
637616262 67.0042 0.600943 6122 1.5198
637649030 73.7822 0.437636 10100 1.60976
637583496 95.1613 1.92701 124 1.46951
637616264 97.8236 0.493838 873 1.86952
637649032 98.4647 0.393361 977 1.96025
637583498 96.8254 2.20886 63 2.45263
637616266 98.9426 0.397542 662 2.35733
637649034 98.913 0.382203 736 2.7553
637583620 98.5248 0.213587 3186 2.30901
637616388 98.4084 0.17436 5152 2.37958
637649156 96.9658 0.203764 7086 2.49383
637583622 93.7805 0.40887 3489 2.04732
637616390 98.6569 0.148223 6031 2.68317
637649158 92.9882 0.257781 9812 2.35157
637583624 97.2727 1.55297 110 1.75949
637616392 97.3256 0.550147 860 1.76344
637649160 98.3168 0.404778 1010 1.86895
637583626 98.2906 1.19835 117 1.99401
637616394 98.164 0.469677 817 2.13286
637649162 98.8107 0.341273 1009 2.27969
637583748 98.8337 0.18566 3344 1.67721
637616516 98.5004 0.161435 5668 2.34394
637649284 97.0926 0.181916 8530 2.44386
637583750 90.2927 0.503969 3451 1.51575
637616518 96.5835 0.235082 5971 1.99207
637649286 93.9804 0.234555 10283 2.01654
637583752 95.2381 1.89719 126 1.4878
637616520 87.5969 1.0969 903 1.23911
637649288 88.4615 1.0033 1014 1.28748
637583754 97.4576 1.44906 118 1.61905
637616522 96.5217 0.604087 920 1.46635
637649290 98.8056 0.357954 921 1.70128
637583876 92.404 0.451973 3436 1.48955
637616644 92.0422 0.350299 5969 1.53747
637649412 88.2239 0.344148 8772 1.57619
637583878 96.3029 0.325812 3354 1.65968
637616646 0 0 5487 0
637649414 96.4969 0.201037 8364 2.47398
637583880 95.7627 1.85439 118 1.73653
637616648 94.49 0.781255 853 1.37537
637649416 98.3085 0.406775 1005 1.61419
637583882 91.6667 2.82085 96 1.52555
637616650 96.9251 0.63122 748 1.51196
637649418 98.5932 0.403242 853 1.67463
637584004 98.594 0.201504 3414 1.99535
637616772 98.3148 0.167094 5934 2.30685
637649540 97.2156 0.175037 8835 2.55479
637584006 0 0 3445 0
637616774 0 0 5868 0
637649542 0 0 9418 0
637584008 83.0357 3.54643 112 1.23214
637616776 97.4359 0.552313 819 1.75181
637649544 99.005 0.313085 1005 2.03981
637584010 93.2039 2.47987 103 1.41333
637616778 96.8485 0.608246 825 1.5462
637649546 98.6694 0.366579 977 1.66375
637587460 98.7635 0.196774 3154 2.4272
637620228 98.8056 0.161567 4521 2.39268
637652996 97.5951 0.196621 6071 2.68062
637587462 98.2032 0.240094 3061 2.31394
637620230 83.0309 0.576253 4243 2.64485
637652998 97.1115 0.19881 7097 2.65833
637587464 96.2963 1.81723 108 2.00645
637620232 98.9216 0.276926 1391 1.92866
637653000 99.4281 0.215537 1224 2.06974
637587466 95.2 1.91198 125 1.71111
637620234 98.7426 0.30304 1352 1.73325
637653002 98.6111 0.344803 1152 2.0318
637587588 98.8878 0.186943 3147 2.5099
637620356 98.7582 0.172802 4107 2.57864
637653124 97.2539 0.211473 5972 2.73192
637587590 99.0876 0.17163 3069 2.58892
637620358 98.5889 0.182415 4181 2.76359
637653126 97.6299 0.176025 7468 2.84836
637587592 93.3333 2.2771 120 1.6988
637620360 98.1036 0.368376 1371 1.77963
637653128 97.2081 0.479171 1182 1.70173
637587594 98.4 1.12228 125 1.76963
637620362 97.5281 0.424953 1335 1.78018
637653130 97.6991 0.446019 1130 1.77666
637587716 98.698 0.20201 3149 2.12165
637620484 98.2476 0.19543 4508 2.11435
637653252 97.1185 0.214047 6108 2.27055
637587718 98.5435 0.210894 3227 2.29424
637620486 97.7234 0.218595 4656 2.12597
637653254 97.4791 0.176435 7894 2.37076
637587720 93.75 2.28727 112 1.88811
637620488 98.7441 0.311994 1274 2.05687
637653256 98.6498 0.335266 1185 2.2476
637587722 97.3913 1.48636 115 1.93023
637620490 98.6508 0.325015 1260 1.89547
637653258 98.8773 0.298364 1247 2.06288
637587844 94.938 0.396169 3062 1.6828
637620612 97.6956 0.238765 3949 1.77012
637653380 95.9319 0.257734 5875 2.02499
637587846 97.803 0.271597 2913 1.66947
637620614 98.1084 0.217806 3912 1.97912
637653382 96.7048 0.210934 7162 2.05377
637587848 98.0583 1.35963 103 1.42537
637620616 96.4313 0.511178 1317 1.42632
637653384 98.3264 0.371092 1195 1.61023
637587850 98.3051 1.18829 118 1.7931
637620618 97.3991 0.476652 1115 1.47536
637653386 98.4053 0.383686 1066 1.67882
637587972 97.1661 0.312314 2823 1.79358
637620740 97.8084 0.229747 4061 2.33357
637653508 95.7749 0.27324 5420 2.62583
637587974 98.466 0.234874 2738 1.87894
637620742 98.0282 0.216914 4108 2.11552
637653510 96.566 0.221075 6785 2.14577
637587976 87.037 3.23216 108 1.31148
637620744 94.5636 0.627405 1306 1.36875
637653512 97.1819 0.483607 1171 1.47636
637587978 87.8049 2.95053 123 1.33333
637620746 95.4726 0.585937 1259 1.42995
637653514 97.3428 0.47865 1129 1.50624
637588100 98.8786 0.188491 3121 2.09171
637620868 98.6216 0.176715 4353 2.15429
637653636 96.8645 0.225666 5964 2.31165
637588102 97.9114 0.254391 3160 2.18757
637620870 97.5017 0.234148 4443 2.27999
637653638 96.2197 0.218885 7592 2.35447
637588104 99.2481 0.749046 133 1.68041
637620872 97.9783 0.378176 1385 1.48371
637653640 98.0567 0.392805 1235 1.67611
637588106 95.1613 1.92701 124 1.61905
637620874 98.0407 0.380469 1327 1.86015
637653642 97.1377 0.498686 1118 1.88849
637567012 96.5222 0.282779 4198 2.57707
637599780 96.0948 0.236506 6709 2.57863
637632548 97.6619 0.193225 6116 3.14855
637567014 93.2658 0.384558 4247 1.83034
637599782 80.8358 0.470871 6987 1.4268
637632550 91.6176 0.3647 5774 1.60239
637567016 76.5766 4.01987 111 1.86164
637599784 96.0337 0.434561 2017 1.82431
637632552 94.8496 0.448645 2427 1.89575
637567018 77.1429 3.54891 140 1.41818
637599786 97.036 0.37384 2058 1.68234
637632554 93.7705 0.489289 2440 1.85447
637567140 96.2355 0.295672 4144 2.33759
637599908 95.4656 0.256218 6594 2.2975
637632676 98.2263 0.169153 6089 2.9465
637567142 94.4945 0.35136 4214 1.80137
637599910 95.486 0.249321 6934 2.0619
637632678 97.9432 0.181341 6126 2.19957
637567144 68.5393 4.9222 89 1.88991
637599912 95.9787 0.432431 2064 1.76012
637632680 96.3737 0.386128 2344 2.15725
637567146 62.6263 4.86232 99 1.70732
637599914 96.2818 0.418502 2044 1.80063
637632682 96.228 0.385774 2439 2.00237
637567268 96.0808 0.299074 4210 2.10865
637600036 96.1682 0.229966 6968 2.29493
637632804 97.4168 0.199701 6310 2.46239
637567270 96.8413 0.270549 4179 2.07342
637600038 96.5383 0.21955 6933 2.22471
637632806 98.1475 0.174193 5992 2.46294
637567272 66.6667 5.05399 87 1.88889
637600040 92.6565 0.579094 2029 1.39894
637632808 89.7843 0.610987 2457 1.45183
637567274 63.8554 5.27329 83 1.42574
637600042 97.1213 0.363238 2119 1.94356
637632810 94.6004 0.469732 2315 2.31279
637567396 96.4092 0.285978 4233 2.21804
637600164 95.4792 0.25504 6636 2.45371
637632932 97.9228 0.182397 6114 2.99551
637567398 95.4269 0.339643 3783 1.76211
637600166 96.6723 0.233111 5920 2.16023
637632934 98.0311 0.186724 5536 2.38521
637567400 73.4694 4.45978 98 1.62385
637600168 94.3875 0.508469 2049 1.52801
637632936 95.0667 0.435482 2473 1.72222
637567402 75.9494 4.80852 79 1.32407
637600170 94.423 0.539239 1811 1.50327
637632938 96.0845 0.440259 1941 1.97913
637567524 95.5242 0.325151 4044 1.94241
637600292 95.7968 0.248988 6495 2.17629
637633060 97.1173 0.217243 5932 2.56267
637567526 97.1072 0.264673 4010 1.82973
637600294 96.8186 0.213491 6758 2.1
637633062 98.2552 0.165661 6247 2.27884
637567528 68.8172 4.80357 93 1.26667
637600296 92.5574 0.58659 2002 1.40017
637633064 94.8505 0.450375 2408 1.49703
637567530 84.375 3.70579 96 1.46269
637600298 95.7166 0.465634 1891 1.51886
637633066 95.927 0.407143 2357 1.79428
637567652 95.2393 0.33186 4117 2.10205
637600420 94.6219 0.276881 6638 2.43955
637633188 96.8301 0.225112 6057 2.72727
637567654 95.385 0.340715 3792 1.70096
637600422 96.3098 0.242513 6043 1.98685
637633190 97.8898 0.196403 5355 2.2899
637567656 80.8333 3.59317 120 1.88966
637600424 95.3603 0.467314 2026 1.65133
637633192 95.5852 0.419234 2401 1.83298
637567658 78.9474 3.8183 114 1.58503
637600426 94.9601 0.48869 2004 1.79775
637633194 90.286 0.607301 2378 1.95938
637571108 97.3302 0.259526 3858 2.29465
637603876 97.6271 0.20887 5310 2.24019
637636644 97.3869 0.315043 2564 2.75379
637571110 97.6817 0.242875 3839 1.91609
637603878 98.0921 0.189911 5189 2.22461
637636646 96.9908 0.356768 2293 2.17491
637571112 94.7368 1.17525 361 1.57143
637603880 96.5669 0.403224 2039 1.69467
637636648 97.791 0.302932 2354 1.72732
637571114 98.0952 0.666991 420 1.69414
637603882 96.8874 0.386005 2024 1.55343
637636650 97.2878 0.339742 2286 1.71455
637571236 95.9546 0.327961 3609 2.06334
637604004 93.265 0.370012 4588 1.95778
637636772 96.1072 0.395734 2389 2.02664
637571238 97.6399 0.247202 3771 2.0936
637604006 92.4611 0.390848 4563 1.70875
637636774 97.5632 0.327544 2216 2.43458
637571240 97.7556 0.739687 401 1.56694
637604008 97.1487 0.375553 1964 1.47572
637636776 96.3029 0.398238 2245 1.54707
637571242 94.6882 1.07777 433 1.72833
637604010 91.1077 0.641611 1968 1.66256
637636778 98.2317 0.277117 2262 2.04321
637571364 97.469 0.257724 3714 2.33264
637604132 96.0656 0.281992 4753 2.26905
637636900 96.2932 0.385568 2401 2.66796
637571366 95.7077 0.323972 3914 2.18698
637604134 97.7112 0.212838 4937 2.1159
637636902 97.5303 0.317526 2389 2.5461
637571368 96.7914 0.91125 374 1.45025
637604136 94.6328 0.489011 2124 1.44014
637636904 94.8276 0.459801 2320 1.5305
637571370 97.3545 0.825442 378 1.64
637604138 92.0811 0.593372 2071 1.69562
637636906 97.8705 0.297929 2348 2.04915
637571492 94.0075 0.419314 3204 1.80504
637604260 94.8518 0.33501 4351 2.25596
637637028 96.4397 0.390904 2247 2.28351
637571494 90.2069 0.480957 3819 1.68965
637604262 96.4415 0.262671 4974 1.8803
637637030 96.583 0.368606 2429 2.18713
637571496 96.8553 0.978666 318 1.59772
637604264 95.3639 0.4882 1855 1.56647
637637032 96.8162 0.385609 2073 1.92934
637571498 94.9868 1.12091 379 1.82805
637604266 98.2725 0.289474 2026 1.82846
637637034 97.8618 0.293322 2432 1.84276
637571620 96.3404 0.31264 3607 2.24632
637604388 96.5768 0.265955 4674 2.38636
637637156 97.3811 0.333647 2291 2.94111
637571622 95.1418 0.360277 3561 1.59074
637604390 96.0071 0.292422 4483 1.66887
637637158 96.0923 0.420464 2124 1.93326
637571624 97.5543 0.805187 368 1.71157
637604392 96.411 0.412452 2034 1.58273
637637160 95.1666 0.464598 2131 1.93504
637571626 93.1818 1.34347 352 1.51357
637604394 88.8889 0.716101 1926 1.32598
637637162 82.5338 0.819406 2147 1.64883
637571748 94.1289 0.389378 3645 2.04688
637604516 51.3612 0.752815 4408 2.07927
637637284 97.2653 0.348191 2194 2.76412
637571750 95.5915 0.339697 3652 1.56474
637604518 97.743 0.225406 4342 1.92263
637637286 97.4026 0.336597 2233 2.12558
637571752 98.7406 0.559683 397 1.44171
637604520 50.8268 1.10255 2056 1.46125
637637288 96.7656 0.372383 2257 1.733
637571754 63.4568 2.39285 405 1.37037
637604522 95.1807 0.490188 1909 1.45787
637637290 95.5345 0.438664 2217 1.69032
637575204 96.5273 0.328304 3110 2.32184
637607972 95.4191 0.299654 4868 2.44613
637640740 97.5937 0.2331 4322 2.87392
637575206 82.0531 0.596406 4140 1.39438
637607974 95.9416 0.238416 6850 2.21726
637640742 97.9644 0.184692 5846 2.40818
637575208 79.7872 4.14205 94 2.03252
637607976 95.4575 0.526714 1563 1.74888
637640744 97.6471 0.350521 1870 1.97798
637575210 68.6131 3.96476 137 1.75172
637607978 85.304 0.774668 2089 1.62681
637640746 91.8242 0.555373 2434 1.76945
637575332 95.4805 0.320384 4204 2.2065
637608100 95.0445 0.264348 6740 2.48023
637640868 97.3771 0.205263 6062 2.51129
637575334 96.6122 0.278464 4221 1.8934
637608102 96.9697 0.201642 7227 2.32464
637640870 98.3065 0.165449 6082 2.5317
637575336 77.6699 4.10349 103 2.28788
637608104 94.9345 0.458253 2290 1.69803
637640872 96.5198 0.352653 2701 1.71634
637575338 73.4513 4.15415 113 1.7197
637608106 96.3258 0.395817 2259 1.71757
637640874 89.1851 0.601826 2663 1.96027
637575460 95.6 0.314602 4250 1.80062
637608228 93.9832 0.291651 6648 2.02436
637640996 96.0742 0.241444 6470 2.26547
637575462 89.7687 0.499918 3675 1.45178
637608230 96.6586 0.235854 5806 2.02763
637640998 98.0078 0.186358 5622 2.22456
637575464 57.971 5.94231 69 1.31707
637608232 95.0635 0.478919 2046 1.3749
637641000 90.5718 0.568627 2641 1.42016
637575466 63.6364 5.12796 88 1.45977
637608234 97.1698 0.369525 2014 1.8334
637641002 88.9445 0.66886 2198 2.01586
637575588 95.4454 0.329828 3996 1.93429
637608356 95.1581 0.265283 6547 2.31733
637641124 97.9115 0.184106 6033 2.66466
637575590 97.0996 0.266511 3965 2.00568
637608358 95.844 0.26946 5486 2.13026
637641126 98.2539 0.192306 4639 2.28168
637575592 61.3333 5.62323 75 1.22222
637608360 95.0804 0.470389 2114 1.47857
637641128 94.2857 0.459207 2555 1.50682
637575594 59.8131 4.73967 107 1.29
637608362 97.0936 0.372842 2030 1.62189
637641130 96.5753 0.36504 2482 1.8224
637575716 95.1554 0.345581 3860 2.05675
637608484 94.0204 0.294732 6472 2.18641
637641252 97.6423 0.196899 5938 3.13745
637575718 87.0051 0.535687 3940 1.39268
637608486 84.6904 0.437724 6767 1.48168
637641254 88.9977 0.3998 6126 1.52709
637575720 84.8485 3.60357 99 1.34127
637608488 95.1111 0.47919 2025 1.3742
637641256 91.086 0.606131 2210 1.42982
637575722 58.6538 4.82891 104 1.2906
637608490 94.9793 0.496813 1932 1.45669
637641258 90.6513 0.612769 2257 1.59868
637575844 96.6535 0.282114 4064 2.14546
637608612 95.0055 0.272994 6367 2.10847
637641380 97.1881 0.220534 5619 2.43406
637575846 96.4865 0.288607 4070 1.90138
637608614 95.8623 0.244743 6622 2.2309
637641382 98.2902 0.17037 5790 2.41265
637575848 71.7557 3.93331 131 1.42424
637608616 96.8764 0.370116 2209 1.57425
637641384 55.5556 1.00431 2448 1.73877
637575850 47.2868 4.39577 129 1.21687
637608618 70.202 0.98003 2178 1.19454
637641386 72.7617 0.912734 2379 1.20978
637579300 95.9204 0.313916 3971 1.8605
637612068 95.2861 0.304071 4858 1.82062
637644836 97.41 0.319535 2471 2.22081
637579302 98.535 0.190952 3959 1.95881
637612070 98.3051 0.186721 4779 2.16796
637644838 97.939 0.294394 2329 2.51047
637579304 96.8215 0.86743 409 1.53292
637612072 94.8058 0.488925 2060 1.48119
637644840 94.1756 0.484676 2335 1.59856
637579306 97.6247 0.742161 421 1.80189
637612074 98.2977 0.285287 2056 1.73916
637644842 98.855 0.219098 2358 2.20342
637579428 94.1892 0.384608 3700 2.10691
637612196 96.5209 0.261388 4915 2.38605
637644964 97.835 0.294153 2448 2.85192
637579430 98.3434 0.202221 3984 2.10348
637612198 98.2257 0.189622 4847 2.20049
637644966 97.6251 0.313567 2358 2.39027
637579432 98.7179 0.569664 390 2.05326
637612200 97.181 0.368084 2022 1.77791
637644968 97.7739 0.308228 2291 2.1715
637579434 99.0074 0.493809 403 1.63209
637612202 98.1844 0.291839 2093 1.65139
637644970 98.0565 0.290127 2264 1.83978
637579556 95.9233 0.344917 3287 2.03409
637612324 96.8879 0.262677 4370 2.21581
637645092 98.6147 0.243184 2310 2.76499
637579558 97.7136 0.236927 3980 1.80507
637612326 97.5872 0.21668 5015 2.02003
637645094 97.911 0.281289 2585 2.33979
637579560 96.8839 0.924799 353 1.42334
637612328 94.9206 0.505073 1890 1.36283
637645096 96.4286 0.410472 2044 1.4592
637579562 99.7613 0.238378 419 2.00452
637612330 98.3675 0.273675 2144 1.85339
637645098 97.6201 0.314226 2353 2.02555
637579684 97.2094 0.263533 3906 2.21846
637612452 97.1134 0.240415 4850 2.26685
637645220 97.2703 0.319506 2601 2.63081
637579686 94.3899 0.370004 3868 1.71481
637612454 95.6165 0.289645 4996 1.75482
637645222 96.2447 0.390513 2370 2.3678
637579688 78.9474 2.33822 304 1.46172
637612456 93.8855 0.564891 1799 1.43594
637645224 95.9617 0.401663 2402 1.59685
637579690 91.8699 1.42272 369 1.59699
637612458 96.3094 0.423906 1978 1.59229
637645226 98.2051 0.274458 2340 2.03751
637579812 95.8025 0.344771 3383 1.94189
637612580 94.8442 0.338528 4267 2.06848
637645348 96.8204 0.371299 2233 2.61375
637579814 97.5531 0.265279 3392 1.84937
637612582 97.4786 0.241794 4204 1.74331
637645350 97.4707 0.33981 2135 2.1749
637579816 98.9189 0.53761 370 1.45438
637612584 94.0426 0.51468 2115 1.27466
637645352 93.8724 0.537499 1991 1.37275
637579818 98.3957 0.649669 374 1.63016
637612586 95.9569 0.457325 1855 1.50684
637645354 97.5698 0.350147 1934 1.64692
637579940 96.6069 0.298291 3684 2.09039
637612708 95.4094 0.304397 4727 2.25568
637645476 97.214 0.33812 2369 2.78174
637579942 98.2425 0.209712 3926 1.90581
637612710 98.464 0.173695 5013 2.00846
637645478 97.6559 0.309547 2389 2.27402
637579944 97.8049 0.723631 410 1.825
637612712 97.4259 0.348995 2059 1.71572
637645480 98.1198 0.284018 2287 1.88748
637579946 98.1941 0.63268 443 1.7719
637612714 98.3444 0.277526 2114 1.68983
637645482 98.2449 0.27169 2336 1.93251
637583396 96.0159 0.30863 4016 2.0949
637616164 93.9952 0.291818 6628 1.98357
637648932 96.0254 0.25571 5837 2.359
637583398 96.7583 0.285208 3856 2.05336
637616166 96.0171 0.261346 5599 2.19214
637648934 96.9179 0.251116 4737 2.31863
637583400 69.697 5.65689 66 2.13636
637616168 95.1613 0.489461 1922 1.63545
637648936 95.7529 0.417687 2331 1.97242
637583402 68.4211 5.33196 76 1.52439
637616170 87.9553 0.717299 2059 1.52418
637648938 91.8468 0.580789 2220 1.85463
637583524 95.6399 0.312648 4266 2.15399
637616292 95.9644 0.23753 6864 2.27635
637649060 97.881 0.18043 6371 2.5621
637583526 97.2686 0.253419 4137 2.05719
637616294 93.0591 0.303721 7002 1.74131
637649062 96.3319 0.242172 6025 1.87165
637583528 69.5652 4.79719 92 1.88991
637616296 96.0201 0.41811 2186 1.60938
637649064 96.3658 0.37398 2504 1.7329
637583530 63.7681 5.78659 69 1.4625
637616298 83.1693 0.851415 1931 1.8366
637649066 84.0309 0.738421 2461 2.00916
637583652 93.2649 0.38733 4187 1.85835
637616420 94.3817 0.28074 6728 2.00699
637649188 95.9278 0.249764 6262 2.18351
637583654 97.1566 0.258006 4150 1.97955
637616422 96.9084 0.209517 6825 2.22064
637649190 98.0434 0.178345 6031 2.36146
637583656 76.25 4.75781 80 2.01961
637616424 97.1123 0.361411 2147 1.79478
637649192 96.2428 0.386394 2422 1.84422
637583658 73.913 4.57803 92 1.6063
637616426 78.2429 0.884898 2174 1.47085
637649194 95.6182 0.426344 2305 1.87371
637583780 96.2806 0.298986 4006 2.35109
637616548 95.546 0.260649 6264 2.33815
637649316 95.6027 0.265118 5981 2.4147
637583782 65.5754 0.748246 4032 1.29663
637616550 96.0833 0.234956 6817 2.09622
637649318 98.1449 0.170638 6253 2.28673
637583784 73.4513 4.15415 113 1.64179
637616552 92.9659 0.541275 2232 1.50113
637649320 94.0171 0.503025 2223 1.70634
637583786 74.1379 4.06558 116 1.5597
637616554 91.9942 0.594188 2086 1.30489
637649322 84.2018 0.741713 2418 1.34256
637583908 96.6958 0.278611 4116 2.27077
637616676 95.7289 0.246243 6743 2.50681
637649444 97.5173 0.199518 6082 3.03455
637583910 96.2963 0.301826 3915 1.71088
637616678 95.8034 0.256225 6124 1.91564
637649446 97.6806 0.206697 5303 2.23658
637583912 74.4681 4.49741 94 1.61983
637616680 86.4903 0.742927 2117 1.47802
637649448 84.9134 0.764127 2194 1.62096
637583914 62.5 6.05154 64 1.10667
637616682 83.3624 0.89824 1719 1.23094
637649450 93.7243 0.55006 1944 1.76412
637584036 93.9446 0.373449 4079 2.0872
637616804 94.4914 0.275417 6862 2.29307
637649572 97.1127 0.213263 6165 2.59688
637584038 96.4233 0.290666 4082 1.80342
637616806 96.1062 0.23628 6703 2.07541
637649574 97.9928 0.183694 5829 2.39014
637584040 74.1573 4.64035 89 1.44231
637616808 90.8301 0.634019 2072 1.48265
637649576 92.0719 0.546173 2447 1.49809
637584042 72.9412 4.81872 85 1.52174
637616810 96.9613 0.368308 2172 1.64623
637649578 89.2548 0.644623 2308 1.78622
637587492 96.5552 0.289196 3977 1.94115
637620260 97.3533 0.229924 4874 2.08282
637653028 96.785 0.360449 2395 2.57128
637587494 98.0272 0.227061 3751 1.90529
637620262 98.1965 0.193847 4713 1.9798
637653030 96.3594 0.402069 2170 2.08791
637587496 98.1395 0.651626 430 1.95881
637620264 96.929 0.377937 2084 1.68586
637653032 96.6695 0.370771 2342 1.84215
637587498 98.1855 0.599326 496 1.68724
637620266 96.4303 0.413111 2017 1.62172
637653034 95.9591 0.41495 2252 1.70184
637587620 94.6061 0.369133 3745 2.41782
637620388 97.5615 0.227589 4593 2.52272
637653156 97.5724 0.317616 2348 2.87628
637587622 98.3097 0.212845 3668 1.9554
637620390 97.6775 0.225076 4478 2.14943
637653158 97.581 0.32823 2191 2.51437
637587624 98.0132 0.65564 453 1.47493
637620392 95.2771 0.465682 2075 1.47008
637653160 96.9724 0.358925 2279 1.61793
637587626 99.0888 0.453501 439 2.2
637620394 98.3773 0.284522 1972 1.98615
637653162 98.4651 0.265131 2150 2.2924
637587748 94.5224 0.370148 3779 2.05653
637620516 97.3078 0.225257 5163 2.07013
637653284 97.1545 0.335232 2460 2.63367
637587750 89.1142 0.499056 3895 1.78488
637620518 92.4539 0.364158 5261 1.79977
637653286 93.7673 0.480149 2535 1.95765
637587752 98.9101 0.541981 367 1.4713
637620520 94.2579 0.513202 2055 1.41934
637653288 96.7686 0.367048 2321 1.59647
637587754 98.6014 0.566969 429 1.59064
637620522 95.0568 0.481943 2023 1.51979
637653290 96.2787 0.393744 2311 1.77763
637587876 96.6249 0.297931 3674 1.99605
637620644 97.0215 0.251575 4566 2.39179
637653412 97.4548 0.319095 2436 2.89217
637587878 96.8557 0.2924 3562 1.74002
637620646 98.2235 0.198086 4447 2.02549
637653414 97.7954 0.30832 2268 2.28865
637587880 97.7556 0.739687 401 1.5401
637620648 93.7438 0.539631 2014 1.45715
637653416 97.912 0.301364 2251 1.5991
637587882 98.6702 0.590731 376 1.72712
637620650 97.6623 0.344381 1925 1.57316
637653418 97.573 0.326236 2225 1.68713
637588004 94.6143 0.378068 3565 2.22608
637620772 95.8959 0.294691 4532 2.26238
637653540 96.5095 0.390773 2206 2.92002
637588006 98.1208 0.23088 3459 1.75062
637620774 97.9012 0.215344 4431 1.97267
637653542 97.2732 0.353137 2127 2.31248
637588008 98.3491 0.618825 424 1.58699
637620776 96.3992 0.422561 1944 1.52414
637653544 97.7113 0.443691 1136 1.77983
637588010 90.1907 1.55262 367 1.61368
637620778 97.9482 0.313332 2047 1.71685
637653546 98.3763 0.27619 2094 1.94695
637588132 92.1969 0.434027 3819 2.14341
637620900 97.7571 0.210483 4949 2.19105
637653668 97.3588 0.323246 2461 2.59195
637588134 89.1196 0.49248 3998 1.58301
637620902 68.5709 0.657248 4989 1.53659
637653670 85.1391 0.724718 2409 1.62815
637588136 98.1013 0.626874 474 1.6933
637620904 92.0867 0.585872 2123 1.53994
637653672 94.5032 0.468666 2365 1.62181
637588138 98.9605 0.462456 481 1.85396
637620906 97.577 0.34547 1981 1.7497
637653674 96.9118 0.348725 2461 1.82568
637567044 92.5931 0.298793 7682 1.9102
637599812 91.2641 0.42423 4430 1.72055
637632580 53.9474 5.71749 76 2.27778
637567046 90.445 0.330057 7933 1.56136
637599814 86.6387 0.470064 5239 1.54634
637632582 34.4828 6.24115 58 1.66667
637567048 84.0456 0.97727 1404 1.23313
637599816 91.357 0.476954 3471 1.30213
637632584 90.2366 0.452016 4312 1.43031
637567050 86.7989 0.885296 1462 1.45481
637599818 95.8052 0.336368 3552 1.49269
637632586 96.2506 0.289903 4294 2.01072
637567172 94.794 0.249714 7914 1.85585
637599940 90.3648 0.451243 4276 1.73172
637632708 26.8293 6.9196 41 1.94737
637567174 88.2331 0.355437 8218 1.73937
637599942 86.0621 0.472143 5381 1.53011
637632710 25 7.21688 36 1.95652
637567176 85.7883 0.949969 1351 1.22673
637599944 94.1989 0.38853 3620 1.35094
637632712 87.6365 0.501796 4303 1.4122
637567178 84.1895 0.942327 1499 1.82882
637599946 95.9726 0.325416 3650 1.59581
637632714 95.8857 0.300286 4375 1.94417
637567300 90.5295 0.323056 8215 1.7598
637600068 89.1126 0.463351 4519 1.61479
637632836 24.3902 6.70664 41 2.375
637567302 94.6422 0.24991 8119 2.13954
637600070 90.7655 0.394634 5382 1.91964
637632838 23.4043 6.17591 47 2.19231
637567304 82.6761 1.00431 1420 1.25508
637600072 92.6399 0.430328 3682 1.3082
637632840 83.8893 0.553783 4407 1.33205
637567306 96.1021 0.515253 1411 1.94472
637600074 84.4044 0.603851 3610 1.51514
637632842 96.8654 0.267508 4243 1.75352
637567428 89.2971 0.349172 7839 1.66873
637600196 85.5932 0.524409 4484 1.51041
637632964 45.1219 5.49524 82 1.7973
637567430 91.5969 0.339244 6688 1.61633
637600198 89.4427 0.445629 4755 1.73151
637632966 39.1304 7.19579 46 2.15789
637567432 89.0372 0.828215 1423 1.41495
637600200 96.0628 0.322701 3632 1.40882
637632968 48.3236 0.765185 4265 1.49813
637567434 80.8664 1.18171 1108 1.42857
637600202 68.5844 0.834498 3094 1.34912
637632970 57.3982 0.82007 3636 1.39937
637567556 90.8486 0.32945 7660 1.45289
637600324 87.1223 0.527109 4038 1.5801
637633092 27.5862 8.29961 29 1.91667
637567558 85.5062 0.391154 8100 1.52236
637600326 86.0771 0.47485 5315 1.36797
637633094 14.2857 5.39949 42 1.71429
637567560 87.3239 0.882906 1420 1.3206
637600328 89.7094 0.523234 3372 1.27742
637633096 88.3853 0.504209 4038 1.33584
637567562 93.3694 0.647204 1478 1.64513
637600330 95.3704 0.351974 3564 1.54431
637633098 90.7582 0.455875 4036 1.64229
637567684 91.7604 0.30746 7998 1.54693
637600452 88.5802 0.488042 4247 1.65672
637633220 23.6842 6.89676 38 2.2
637567686 95.1001 0.257256 7041 1.86645
637600454 88.3691 0.471821 4617 1.69481
637633222 11.7647 5.52551 34 1.8
637567688 91.3043 0.723204 1518 1.39451
637600456 95.425 0.358966 3388 1.43503
637633224 96.1669 0.299043 4122 1.5955
637567690 87.8081 0.844524 1501 1.45994
637600458 72.1101 0.784238 3270 1.2558
637633226 70.1501 0.749057 3732 1.49282
637571140 91.6844 0.384424 5159 1.58109
637603908 89.1818 0.662223 2200 1.6107
637636676 65.1515 5.86519 66 1.98
637571142 92.1909 0.395179 4610 1.96697
637603910 94.4993 0.382926 3545 1.86245
637636678 70.1754 6.05958 57 2.32468
637571144 95.2482 0.566561 1410 1.42711
637603912 95.6852 0.354192 3291 1.52163
637636680 98.5519 0.193847 3798 1.7303
637571146 94.3965 0.616433 1392 1.78482
637603914 96.4918 0.330079 3107 1.71352
637636682 98.1631 0.224021 3593 2.10772
637571268 91.9103 0.404287 4549 1.67857
637604036 87.1995 0.819018 1664 1.64289
637636804 54.2857 8.42044 35 2.08475
637571270 91.351 0.424623 4382 2.05628
637604038 92.6849 0.43099 3650 1.68765
637636806 58.3333 8.21678 36 2.10526
637571272 76.669 1.12118 1423 1.30443
637604040 92.8752 0.457751 3158 1.32479
637636808 95.9095 0.337364 3447 1.34407
637571274 97.0333 0.456398 1382 2.04743
637604042 96.1538 0.329514 3406 1.64166
637636810 97.6864 0.254078 3501 2.00189
637571396 92.4388 0.390822 4576 1.58444
637604164 83.8923 0.828639 1968 1.40401
637636932 64.1509 6.58722 53 1.74194
637571398 90.1831 0.422016 4971 2.00873
637604166 92.5535 0.411557 4069 2.01256
637636934 78.7879 7.11647 33 2.01754
637571400 83.3443 0.957854 1513 1.38311
637604168 95.6779 0.358589 3216 1.37401
637636936 97.5851 0.254305 3644 1.50394
637571402 96.3587 0.486409 1483 1.6343
637604170 96.0072 0.337973 3356 1.59835
637636938 98.4127 0.205002 3717 1.90105
637571524 95.923 0.28306 4881 2.22188
637604292 88.172 0.698256 2139 2.43586
637637060 58.1395 7.52322 43 2.70588
637571526 87.1009 0.49065 4667 1.56875
637604294 87.8828 0.527917 3821 1.55279
637637062 70.4545 6.87818 44 1.90123
637571528 77.0431 1.14631 1346 1.20784
637604296 82.6456 0.659661 3296 1.22442
637637064 92.6191 0.433902 3631 1.26391
637571530 88.2245 0.796149 1639 1.45976
637604298 94.7605 0.385555 3340 1.37136
637637066 96.7409 0.296349 3590 1.59835
637571652 87.6916 0.493269 4436 1.67132
637604420 91.0896 0.660048 1863 1.68177
637637188 55.814 7.57321 43 2.18182
637571654 90.0773 0.464535 4142 1.68876
637604422 88.0843 0.566286 3273 1.53058
637637190 84.8485 6.24156 33 1.66667
637571656 90.8284 0.784955 1352 1.33739
637604424 93.2671 0.448703 3119 1.40607
637637192 98.2753 0.228472 3247 1.57297
637571658 79.0928 1.08256 1411 1.33934
637604426 94.4985 0.417611 2981 1.46405
637637194 97.8091 0.253598 3332 1.67223
637571780 86.1343 0.525796 4320 1.5452
637604548 90.1338 0.704057 1794 1.62443
637637316 48.3871 8.97559 31 2.26923
637571782 90.5941 0.437889 4444 1.8551
637604550 93.6791 0.43811 3085 1.85139
637637318 48.9362 7.2916 47 2.14894
637571784 82.2878 1.03713 1355 1.29648
637604552 83.1746 0.666535 3150 1.24374
637637320 95.2676 0.373433 3233 1.48264
637571786 87.0082 0.916076 1347 1.66198
637604554 93.7176 0.423743 3279 1.36684
637637322 98.2543 0.223394 3437 1.6728
637575236 94.057 0.280904 7084 1.94235
637608004 89.5746 0.495211 3808 1.94458
637640772 54.717 6.8374 53 2.43636
637575238 94.5408 0.25568 7895 1.97042
637608006 92.6411 0.370738 4960 1.91123
637640774 23.913 6.28917 46 2.16667
637575240 88.8797 0.905663 1205 1.32034
637608008 94.7499 0.36978 3638 1.3667
637640776 92.7554 0.402833 4141 1.47981
637575242 96.3455 0.483683 1505 1.73805
637608010 95.9482 0.327348 3628 1.7469
637640778 96.8386 0.26976 4207 2.1658
637575364 93.298 0.280927 7923 1.62051
637608132 88.9244 0.474249 4379 1.54531
637640900 39.6825 6.16383 63 1.97561
637575366 93.0615 0.27627 8460 1.81303
637608134 90.3285 0.40155 5418 1.76427
637640902 31.25 5.7939 64 2.14286
637575368 92.0188 0.701834 1491 1.39327
637608136 94.8878 0.355698 3834 1.47278
637640904 95.186 0.32644 4300 1.56375
637575370 97.1394 0.411253 1643 2.117
637608138 97.2011 0.271898 3680 1.7005
637640906 97.6123 0.234732 4230 1.9656
637575492 94.7408 0.249487 8005 1.81529
637608260 88.6076 0.46937 4582 1.69818
637641028 27.451 6.24899 51 2.10714
637575494 93.4067 0.287573 7447 1.83796
637608262 88.8341 0.44236 5069 1.6594
637641030 20.5882 6.93446 34 1.61538
637575496 94.4846 0.584952 1523 1.44784
637608264 94.7685 0.360116 3823 1.55951
637641032 94.6433 0.342137 4331 1.76706
637575498 93.8342 0.640344 1411 1.64655
637608266 94.3437 0.377333 3748 1.66261
637641034 94.8339 0.347161 4065 1.78485
637575620 92.4392 0.299781 7777 1.70269
637608388 84.9361 0.555319 4149 1.48916
637641156 38.4615 7.7903 39 1.88889
637575622 91.0825 0.363888 6134 1.64033
637608390 87.0983 0.517192 4201 1.63723
637641158 21.2766 5.96972 47 2
637575624 84.8951 0.946961 1430 1.22801
637608392 92.4743 0.439615 3601 1.25122
637641160 87.4723 0.519848 4055 1.31599
637575626 90.8288 0.752265 1472 1.67183
637608394 93.2719 0.418561 3582 1.59664
637641162 95.8597 0.310902 4106 1.70721
637575748 92.3459 0.304105 7643 1.525
637608516 89.7051 0.488752 3866 1.54042
637641284 15 5.6458 40 1.6
637575750 93.4723 0.275963 8012 1.98228
637608518 88.3066 0.46066 4866 1.56901
637641286 24.2424 7.46009 33 2.33333
637575752 90.3652 0.822494 1287 1.27478
637608520 92.1875 0.4652 3328 1.28423
637641288 88.1811 0.509233 4019 1.37675
637575754 93.4641 0.666054 1377 1.399
637608522 92.4352 0.45907 3318 1.41495
637641290 94.5368 0.360596 3972 1.54499
637575876 93.2691 0.291878 7369 1.5491
637608644 91.1396 0.454748 3905 1.99301
637641412 21.9512 6.46428 41 2.72727
637575878 94.6171 0.257337 7691 1.99284
637608646 92.4658 0.374623 4964 1.88876
637641414 23.2558 6.4425 43 2.27778
637575880 83.6327 0.954326 1503 1.26249
637608648 93.1663 0.425775 3512 1.29977
637641416 91.877 0.431893 4001 1.5202
637575882 84.2763 0.933702 1520 1.69497
637608650 90.454 0.5013 3436 1.73422
637641418 91.3065 0.441514 4072 1.81788
637579332 91.3016 0.406041 4817 1.60856
637612100 80.9715 0.828623 2244 1.40418
637644868 66.0377 6.50514 53 1.73016
637579334 82.5251 0.561258 4578 1.40856
637612102 80.3591 0.665471 3564 1.46523
637644870 61.2245 6.96055 49 1.50847
637579336 83.569 0.961593 1485 1.28925
637612104 91.2489 0.492586 3291 1.26513
637644872 95.2762 0.346573 3747 1.41589
637579338 96.8685 0.459453 1437 1.92926
637612106 96.1147 0.339339 3243 1.71799
637644874 98.1686 0.220047 3713 2.08983
637579460 91.7589 0.401284 4696 1.80853
637612228 85.7587 0.736101 2254 1.52194
637644996 68.75 5.7939 64 1.8932
637579462 97.238 0.237958 4743 1.98652
637612230 94.8788 0.348398 4003 2.13831
637644998 60.8696 7.19579 46 2.48333
637579464 88.997 0.85613 1336 1.31792
637612232 93.0132 0.447235 3249 1.38643
637645000 96.979 0.286269 3575 1.5297
637579466 96.6761 0.476715 1414 1.94399
637612234 96.7049 0.306184 3399 1.71808
637645002 98.7845 0.182122 3620 2.33972
637579588 78.0466 0.613922 4546 1.51515
637612356 89.2419 0.660152 2203 1.62689
637645124 63.6364 8.37393 33 2.46774
637579590 91.373 0.399542 4938 1.85563
637612358 93.6192 0.392833 3871 1.944
637645126 66.6667 7.85674 36 2.52727
637579592 81.5748 1.08788 1270 1.32482
637612360 96.2093 0.338017 3192 1.39265
637645128 97.5835 0.253036 3683 1.47994
637579594 95.4482 0.551585 1428 1.9221
637612362 94.6203 0.401356 3160 1.61522
637645130 98.2632 0.215203 3685 2.05405
637579716 89.1837 0.442029 4937 1.55311
637612484 81.7383 0.853726 2048 1.6203
637645252 68.75 6.69023 48 2.25758
637579718 85.5751 0.517072 4617 1.64211
637612486 91.7801 0.457717 3601 1.65065
637645254 75.8621 7.94627 29 1.64583
637579720 79.5933 1.08607 1377 1.28042
637612488 79.1692 0.707141 3298 1.2393
637645256 93.2782 0.415603 3630 1.3624
637579722 84.5272 0.967921 1396 1.43371
637612490 95.507 0.360931 3294 1.47469
637645258 97.5361 0.260882 3531 1.82138
637579844 85.4435 0.549773 4115 1.3868
637612612 79.7786 0.969595 1716 1.4241
637645380 58.6207 9.14572 29 1.81395
637579846 95.9559 0.308402 4080 1.69802
637612614 94.9132 0.383487 3283 1.90895
637645382 64.2857 9.05522 28 2.25
637579848 69.7232 1.35134 1156 1.16297
637612616 69.3169 0.876727 2767 1.15303
637645384 84.6032 0.643063 3150 1.20634
637579850 73.3043 1.30448 1150 1.26418
637612618 86.8393 0.641058 2781 1.2266
637645386 92.5881 0.458461 3265 1.33903
637579972 91.6848 0.40684 4606 1.52846
637612740 81.1135 0.914448 1832 1.5753
637645508 60 8.28079 35 2.03704
637579974 88.7818 0.451952 4876 1.75755
637612742 90.732 0.47054 3798 1.73313
637645510 55.814 7.57321 43 2.33962
637579976 80.5718 1.07127 1364 1.20189
637612744 92.966 0.460401 3085 1.30921
637645512 97.4272 0.266211 3537 1.51968
637579978 83.7176 0.990999 1388 1.54054
637612746 95.1867 0.375986 3241 1.44582
637645514 97.0113 0.279403 3714 1.77802
637583428 93.5535 0.271611 8175 1.55616
637616196 85.127 0.553345 4135 1.56027
637648964 30 7.24569 40 1.95
637583430 90.0151 0.367914 6640 1.6255
637616198 92.7088 0.394925 4334 1.86045
637648966 33.3333 7.85674 36 2.14286
637583432 91.4263 0.781638 1283 1.42027
637616200 95.4558 0.344592 3653 1.44713
637648968 91.1814 0.437187 4207 1.48062
637583434 93.0565 0.680085 1397 1.58437
637616202 95.2868 0.357093 3522 1.56347
637648970 97.0898 0.262871 4089 1.93307
637583556 91.3277 0.307375 8383 1.54481
637616324 87.576 0.494864 4443 1.68261
637649092 42.3077 6.8512 52 2.5
637583558 88.9736 0.347272 8135 1.81816
637616326 86.2088 0.471675 5344 1.72541
637649094 30.9524 7.1334 42 2
637583560 93.9219 0.604347 1563 1.64094
637616328 95.6433 0.326787 3902 1.47579
637649096 93.0631 0.381313 4440 1.44032
637583562 95 0.559017 1520 1.87123
637616330 93.8589 0.393154 3729 1.65269
637649098 97.5149 0.240634 4185 2.0133
637583684 62.9394 0.53449 8165 1.24874
637616452 73.2318 0.6677 4397 1.25227
637649220 35.2941 6.69172 51 1.24324
637583686 91.3204 0.31784 7846 1.80303
637616454 91.1879 0.39493 5152 1.94321
637649222 32.5581 7.14596 43 2.53125
637583688 89.0287 0.826181 1431 1.36413
637616456 91.9263 0.448419 3691 1.27944
637649224 91.4495 0.422812 4374 1.36622
637583690 94.3158 0.613366 1425 1.48587
637616458 96.5388 0.310447 3467 1.76629
637649226 96.775 0.274071 4155 1.97242
637583812 91.7984 0.317642 7462 1.70047
637616580 89.8674 0.477303 3997 1.8611
637649348 27.5 7.06001 40 2.26316
637583814 83.5972 0.40863 8212 1.43731
637616582 87.3537 0.456632 5298 1.63099
637649350 16.129 6.60586 31 1.375
637583816 82.6147 0.999401 1438 1.25325
637616584 91.9809 0.455568 3554 1.29909
637649352 81.723 0.602915 4109 1.34784
637583818 93.813 0.624762 1487 1.40439
637616586 91.4446 0.468457 3565 1.39705
637649354 92.4297 0.410075 4161 1.66398
637583940 92.2132 0.296968 8142 1.40555
637616708 71.0576 0.699924 4198 1.42909
637649476 28.9474 7.35703 38 2.22222
637583942 92.4681 0.342187 5948 1.74288
637616710 90.0257 0.506585 3499 1.91845
637649478 30 10.247 20 2.57143
637583944 72.61 1.22839 1318 1.14275
637616712 78.6342 0.701715 3412 1.16261
637649480 84.5006 0.561438 4155 1.21796
637583946 92.0601 0.885596 932 1.4166
637616714 93.582 0.490833 2493 1.44185
637649482 89.4841 0.556091 3043 1.52921
637584068 0 0 8053 0
637616836 0 0 4326 0
637649604 0 0 71 0
637584070 90.9893 0.321441 7935 1.9082
637616838 90.7866 0.410204 4971 1.77354
637649606 34.5455 6.41186 55 1.88889
637584072 0 0 1405 0
637616840 0 0 3608 0
637649608 0 0 4110 0
637584074 96.2857 0.505423 1400 1.85942
637616842 96.8614 0.297237 3441 1.60919
637649610 96.985 0.265569 4146 1.93639
637587524 91.4986 0.4021 4811 1.62966
637620292 83.0189 0.859573 1908 1.49303
637653060 57.5758 8.6034 33 2.08511
637587526 96.179 0.283266 4580 1.98313
637620294 92.5146 0.449986 3420 1.69714
637653062 58.5366 7.69404 41 2.09434
637587528 89.8258 0.798041 1435 1.4704
637620296 95.1796 0.370628 3340 1.44863
637653064 97.9015 0.235098 3717 1.67283
637587530 97.9947 0.362435 1496 1.97927
637620298 98.0909 0.238216 3300 1.89518
637653066 98.4823 0.20496 3558 1.94247
637587652 92.4235 0.4091 4184 1.68344
637620420 88.0063 0.745147 1901 1.60707
637653188 70.5882 7.81425 34 1.92727
637587654 97.0717 0.242974 4815 2.09109
637620422 95.3169 0.353803 3566 2.06047
637653190 51.1111 7.45172 45 2.4
637587656 91.5412 0.745032 1395 1.42349
637620424 93.7634 0.422816 3271 1.37698
637653192 97.4199 0.266956 3527 1.5342
637587658 97.1611 0.442451 1409 1.87034
637620426 96.8691 0.308147 3194 1.69552
637653194 98.5971 0.197006 3564 2.1648
637587780 86.2694 0.488345 4967 1.74078
637620548 70.9486 1.00914 2024 1.62512
637653316 52.9412 6.98928 51 2.23077
637587782 88.9435 0.431119 5291 1.73283
637620550 92.3018 0.427007 3897 1.6406
637653318 72.3404 6.52476 47 1.84211
637587784 79.0831 1.08855 1396 1.36962
637620552 93.1975 0.445801 3190 1.32536
637653320 96.8992 0.283401 3741 1.46804
637587786 92.6558 0.7105 1348 1.49244
637620554 94.4478 0.398873 3296 1.55963
637653322 96.9356 0.278932 3818 1.68077
637587908 89.4881 0.484642 4005 1.76326
637620676 90.0867 0.743853 1614 1.75998
637653444 64.7059 8.19565 34 2.13043
637587910 88.849 0.471478 4457 1.81272
637620678 77.2274 0.740184 3210 1.46267
637653446 60.9756 7.61823 41 1.46939
637587912 74.7435 1.22063 1267 1.2
637620680 90.6261 0.545105 2859 1.29125
637653448 96.4179 0.338457 3015 1.4157
637587914 72.1057 1.25012 1287 1.23115
637620682 95.4189 0.370349 3187 1.38265
637653450 96.8759 0.301516 3329 1.67548
637588036 0 0 0 0
637620804 0 0 0 0
637653572 0 0 0 0
637588038 80.3638 0.606641 4288 1.50233
637620806 85.8219 0.63121 3054 1.50026
637653574 61.5385 9.54113 26 1.64103
637588040 0 0 0 0
637620808 0 0 0 0
637653576 0 0 0 0
637588042 87.6231 0.873305 1422 1.51394
637620810 87.6401 0.597519 3034 1.3441
637653578 96.8315 0.301418 3377 1.53485
637588164 90.1916 0.426949 4853 1.82016
637620932 90.6143 0.646473 2035 1.96849
637653700 72.093 6.8402 43 1.95402
637588166 88.7412 0.44859 4965 1.82201
637620934 93.2466 0.417488 3613 1.78943
637653702 71.4286 5.39949 70 1.90909
637588168 76.4545 1.11002 1461 1.17595
637620936 88.0177 0.577438 3163 1.25671
637653704 91.3694 0.454826 3812 1.33157
637588170 77.5295 1.0399 1611 1.43614
637620938 85.0901 0.612026 3387 1.53335
637653706 92.8553 0.416685 3821 1.7072
637567076 95.7657 0.320646 3944 2.03534
637599844 74.0741 2.33909 351 2.24945
637632612 53.125 8.82155 32 2.64103
637567078 96.6628 0.204668 7701 2.10997
637599846 71.4865 1.65967 740 2.09966
637632614 34.6939 6.79994 49 2.43478
637567080 93.8025 0.781441 952 1.67257
637599848 92.7553 0.502243 2664 1.6032
637632616 95.7029 0.370124 3002 1.93321
637567082 92.9024 0.646421 1578 1.56639
637599850 95.9707 0.307296 4095 1.56576
637632618 96.2631 0.259256 5352 2.16007
637567204 97.0597 0.202815 6938 2.17797
637599972 70.1403 2.04869 499 2.28839
637632740 38.7097 8.74832 31 2.73333
637567206 95.8297 0.223716 7985 1.77552
637599974 68.2371 1.81492 658 1.89704
637632742 36.3636 8.37393 33 2.45455
637567208 94.3813 0.578606 1584 1.8859
637599976 97.9079 0.224529 4063 1.8628
637632744 97.2298 0.228428 5162 2.21045
637567210 93.5599 0.59941 1677 2.03391
637599978 96.969 0.265902 4157 2.03316
637632746 96.3231 0.259757 5249 2.18718
637567332 96.468 0.216817 7248 1.91886
637600100 69.4794 1.95118 557 2.32872
637632868 39.0244 7.61823 41 2.71429
637567334 97.3482 0.181853 7806 2.32743
637600102 67.7661 1.80967 667 2.46764
637632870 34.2105 7.69602 38 2.82353
637567336 93.186 0.624332 1629 1.4241
637600104 96.0502 0.296894 4304 1.63248
637632872 95.7201 0.276101 5374 1.75859
637567338 93.947 0.598789 1586 1.82345
637600106 97.3562 0.251016 4085 1.77518
637632874 96.0531 0.268211 5270 1.6938
637567460 96.1174 0.227885 7186 1.85619
637600228 68.75 1.83219 640 1.94856
637632996 33.3333 5.44331 75 2.14035
637567462 96.559 0.216906 7062 1.92243
637600230 71.902 1.70619 694 1.72326
637632998 55.102 7.10557 49 2.25
637567464 94.3955 0.577192 1588 1.62199
637600232 96.9152 0.269474 4117 1.70345
637633000 96.4815 0.25904 5059 1.71618
637567466 93.9373 0.62998 1435 1.81378
637600234 96.7687 0.27667 4085 1.8802
637633002 95.1713 0.307948 4846 1.90483
637567588 96.9258 0.208855 6831 2.33093
637600356 71.1111 2.13662 450 2.52965
637633124 26.087 9.15605 23 2.23077
637567590 96.0737 0.218224 7921 2.06595
637600358 72.5256 1.844 586 2.34129
637633126 45.1613 8.93812 31 2.91304
637567592 93.4586 0.652254 1437 1.37958
637600360 97.4112 0.252993 3940 1.817
637633128 96.1805 0.269633 5053 1.86983
637567594 90.6746 0.747826 1512 1.5977
637600362 95.3059 0.334223 4005 1.68038
637633130 95.2941 0.291708 5270 1.83257
637567716 96.521 0.221554 6841 2.04488
637600484 74.0664 1.99627 482 2.11479
637633252 25 8.83883 24 2.46154
637567718 96.4157 0.228136 6640 2.18019
637600486 70.7692 1.99453 520 2.57986
637633254 38.0952 10.5971 21 3.08333
637567720 93.315 0.655683 1451 1.62256
637600488 96.3202 0.296857 4022 1.69733
637633256 96.0238 0.270814 5206 1.94763
637567722 89.7917 0.797837 1440 1.67673
637600490 95.9715 0.325504 3649 1.92741
637633258 95.5463 0.305549 4558 1.94017
637571172 96.944 0.289538 3534 1.77085
637603940 74.2152 2.07138 446 2.18364
637636708 41.6667 8.21678 36 2.61818
637571174 96.881 0.240461 5226 1.95732
637603942 79.1829 1.79079 514 2.05848
637636710 54.8387 6.3202 62 2.3625
637571176 96.6954 0.479118 1392 1.52853
637603944 99.0445 0.168103 3349 1.74797
637636712 98.3196 0.216928 3511 2.01318
637571178 66.9312 1.20989 1512 1.5606
637603946 97.217 0.26907 3737 1.74531
637636714 95.9242 0.30616 4171 1.79018
637571300 96.1471 0.360212 2855 1.88111
637604068 74.7692 2.40927 325 2.19036
637636836 58.6207 9.14572 29 2.42105
637571302 97.3998 0.224211 5038 2.06263
637604070 77.3987 1.93129 469 2.43824
637636838 55.8824 8.51538 34 2.83929
637571304 98.6726 0.340459 1130 1.89745
637604072 98.7894 0.209453 2726 1.99264
637636840 98.8086 0.212702 2602 2.3025
637571306 98.0488 0.341548 1640 1.60008
637604074 97.5166 0.258507 3624 1.98189
637636842 97.4599 0.257278 3740 1.92655
637571428 97.3026 0.253695 4078 1.83904
637604196 82.2695 1.85699 423 2.16045
637636964 70.5882 11.051 17 2.80952
637571430 97.6511 0.202803 5577 2.30391
637604198 76.0536 1.86786 522 2.32099
637636966 71.4286 7.63604 35 2.87273
637571432 97.3618 0.401676 1592 1.56535
637604200 98.6501 0.191531 3630 1.66404
637636968 98.5317 0.194761 3814 1.88482
637571434 97.764 0.368481 1610 1.55139
637604202 91.5413 0.448235 3854 1.5901
637636970 98.0257 0.218547 4052 1.78404
637571556 96.7147 0.274038 4231 1.95748
637604324 77.8189 1.78622 541 2.27669
637637092 56.0976 7.7504 41 2.40323
637571558 95.0139 0.306773 5034 1.57415
637604326 79.9012 1.62655 607 2.10487
637637094 68.5714 7.84693 35 2.58824
637571560 97.8723 0.360988 1598 1.62237
637604328 98.6906 0.182144 3895 1.78263
637637096 99.0023 0.158961 3909 1.8995
637571562 97.5379 0.389371 1584 1.53353
637604330 98.255 0.21454 3725 1.65763
637637098 97.1212 0.265714 3960 1.8356
637571684 97.1831 0.289516 3266 1.9796
637604452 71.1111 2.55375 315 2.29201
637637220 73.3333 11.418 15 2.72414
637571686 97.3609 0.237716 4547 1.95427
637604454 79.3722 1.91599 446 2.09794
637637222 77.4194 7.50952 31 2.61818
637571688 93.4153 0.667147 1382 1.65711
637604456 98.9555 0.175622 3351 1.83736
637637224 98.7297 0.192486 3385 2.13631
637571690 97.5762 0.404705 1444 1.67053
637604458 98.6998 0.192559 3461 1.67304
637637226 98.9059 0.172042 3656 1.94062
637571812 95.8024 0.338868 3502 1.73361
637604580 76.8072 2.31637 332 2.04296
637637348 47.8261 10.4159 23 2.46667
637571814 98.1371 0.213095 4026 1.93016
637604582 73.842 2.29415 367 2.1513
637637350 83.3333 7.60726 24 2.80435
637571816 97.962 0.368283 1472 1.64682
637604584 99.1478 0.157572 3403 1.66435
637637352 98.604 0.198033 3510 1.92367
637571818 98.3704 0.344595 1350 1.6588
637604586 98.7921 0.194757 3146 1.59389
637637354 99.094 0.16747 3201 1.94366
637575268 96.8493 0.21551 6570 1.82554
637608036 72.5146 1.97108 513 1.92807
637640804 40 7.74597 40 2.24324
637575270 96.4802 0.213187 7472 1.9759
637608038 70.5785 1.85264 605 1.9029
637640806 37.1429 8.16735 35 2.04
637575272 94.6658 0.556419 1631 1.75214
637608040 97.1341 0.266895 3908 1.78437
637640808 97.0176 0.240656 4996 2.11428
637575274 93.5882 0.608242 1622 1.69417
637608042 95.2912 0.333472 4035 1.74187
637640810 96.5875 0.256469 5011 2.01684
637575396 95.1581 0.253921 7146 2.01038
637608164 71.1268 1.90147 568 2.16509
637640932 22.8571 7.09782 35 2.2963
637575398 96.9611 0.194372 7799 2.10544
637608166 67.6017 1.75265 713 2.32217
637640934 28.8889 6.7566 45 2.7
637575400 95.006 0.534298 1662 1.65855
637608168 97.6912 0.232905 4158 2.02918
637640936 97.1124 0.233121 5160 1.97861
637575402 89.5006 0.775629 1562 1.40109
637608170 96.0995 0.302291 4102 1.62367
637640938 96.0157 0.267505 5346 1.99973
637575524 96.7507 0.20805 7263 2.07176
637608292 65.8869 2.09315 513 2.20887
637641060 50 8.57493 34 2.33333
637575526 96.8395 0.203314 7404 2.07451
637608294 64.1337 1.86971 658 2.07185
637641062 34.2857 8.02329 35 2.22222
637575528 91.9298 0.658676 1710 1.41533
637608296 96.8223 0.27215 4154 1.5456
637641064 96.007 0.272596 5159 1.60809
637575530 94.4014 0.561051 1679 1.74453
637608298 96.5359 0.291853 3926 1.63545
637641066 97.0632 0.245413 4733 1.66761
637575652 95.5965 0.250247 6722 1.79233
637608420 70.9193 1.96708 533 1.94188
637641188 22.7273 8.93461 22 2.14286
637575654 95.7657 0.260512 5975 1.63851
637608422 70.9828 1.79257 641 2.10591
637641190 21.7391 8.60061 23 2.33333
637575656 95.4978 0.522149 1577 1.79246
637608424 96.814 0.281519 3892 1.69064
637641192 96.3248 0.260996 5197 1.7625
637575658 91.0457 0.714484 1597 1.59134
637608426 95.8364 0.310795 4131 1.55223
637641194 91.844 0.420818 4230 1.62562
637575780 97.0353 0.21243 6375 2.23696
637608548 71.1409 2.14312 447 2.4683
637641316 28.5714 9.85808 21 2.84615
637575782 96.7934 0.207123 7235 2.28668
637608550 69.5413 1.97142 545 1.96906
637641318 34.6154 9.33009 26 2.4375
637575784 94.651 0.574682 1533 1.79857
637608552 97.6045 0.244101 3924 1.88841
637641320 96.6713 0.251759 5077 2.36978
637575786 91.4205 0.742681 1422 1.56243
637608554 96.3396 0.299398 3934 1.59833
637641322 95.9231 0.275537 5151 1.75845
637575908 96.3016 0.237768 6300 2.2757
637608676 74.0113 1.90324 531 2.51939
637641444 38.0952 10.5971 21 3
637575910 96.7055 0.20656 7467 2.30042
637608678 73.262 1.86863 561 2.2272
637641446 41.9355 8.86269 31 2.54167
637575912 94.3734 0.582679 1564 1.83763
637608680 96.2475 0.302614 3944 1.79899
637641448 95.8873 0.286931 4790 2.12877
637575914 93.5074 0.637468 1494 1.90591
637608682 96.9083 0.275552 3946 2.01968
637641450 95.9796 0.280625 4900 1.89853
637579364 96.6893 0.269418 4410 2.03542
637612132 79.8301 1.84895 471 2.21262
637644900 54.1667 10.1707 24 2.30612
637579366 97.4293 0.222548 5057 2.00854
637612134 76.7494 2.00702 443 2.33904
637644902 50 7.90569 40 2.42222
637579368 96.2623 0.46954 1632 1.36911
637612136 98.1772 0.214352 3895 1.63738
637644904 98.6701 0.183197 3910 1.74705
637579370 97.7946 0.385536 1451 1.93532
637612138 97.5111 0.259072 3616 1.69971
637644906 98.5344 0.194406 3821 2.02489
637579492 96.3602 0.287916 4231 2.29078
637612260 80.1639 1.61455 610 2.40278
637645028 60.8696 7.19579 46 2.85915
637579494 97.809 0.200328 5340 2.36312
637612262 77.7174 1.77122 552 2.37209
637645030 60.7143 9.22962 28 2.83333
637579496 97.9831 0.358577 1537 1.49827
637612264 98.6883 0.190079 3583 1.67004
637645032 98.5876 0.189102 3894 1.82985
637579498 97.9448 0.359565 1557 1.60781
637612266 98.6919 0.18564 3746 1.68918
637645034 98.4985 0.192382 3996 1.95785
637579620 97.0146 0.256914 4388 1.79157
637612388 77.0213 1.94053 470 2.095
637645156 51.4286 8.44809 35 2.32759
637579622 97.3402 0.21868 5414 2.21429
637612390 80.2444 1.79685 491 2.17412
637645158 75.7576 7.46009 33 2.61538
637579624 97.9236 0.369033 1493 1.40809
637612392 95.8995 0.322539 3780 1.49752
637645160 98.1707 0.2136 3936 1.71944
637579626 98.3787 0.321615 1542 1.85238
637612394 99.0568 0.154321 3923 1.77046
637645162 98.6774 0.178783 4083 2.19908
637579748 97.0037 0.260836 4272 1.80033
637612516 80.4494 1.88001 445 2.36021
637645284 69.2308 9.05151 26 2.67308
637579750 0 0 5079 0
637612518 0 0 456 0
637645286 0 0 27 0
637579752 98.3666 0.311769 1653 1.58306
637612520 98.749 0.177587 3917 1.61113
637645288 97.818 0.23005 4033 1.95794
637579754 37.5079 1.21454 1589 1.32701
637612522 98.2022 0.214477 3838 1.77902
637645290 98.4095 0.19722 4024 1.97095
637579876 97.1429 0.272236 3745 2.21787
637612644 79.7297 2.08997 370 2.25751
637645412 70.9677 8.15249 31 2.6875
637579878 98.0279 0.206969 4513 2.0336
637612646 77.6567 2.17435 367 2.12842
637645414 68.1818 9.93026 22 2.71111
637579880 98.3571 0.339734 1400 1.67859
637612648 99.1971 0.153888 3363 1.82201
637645416 98.8643 0.17855 3522 2.10424
637579882 97.6276 0.408053 1391 1.719
637612650 98.5639 0.20368 3412 1.78391
637645418 99.0596 0.162938 3509 1.90557
637580004 95.8912 0.341267 3383 2.05778
637612772 82.4153 1.75227 472 2.35221
637645540 72.2222 10.5572 18 2.79412
637580006 97.8156 0.19888 5402 2.29768
637612774 83.2347 1.65903 507 2.44477
637645542 61.1111 8.12497 36 2.8
637580008 98.2222 0.359647 1350 1.81478
637612776 99.0783 0.167494 3255 2.42766
637645544 98.7987 0.18648 3413 2.31176
637580010 98.8564 0.267999 1574 2.10531
637612778 99.0127 0.159364 3849 2.13453
637645546 98.7444 0.171387 4221 2.27261
637583460 96.1932 0.229788 6935 2.00054
637616228 66.5399 2.05737 526 1.85609
637648996 31.7073 7.26733 41 2.40909
637583462 94.4145 0.289276 6302 1.71595
637616230 67.5676 1.98707 555 1.78914
637648998 17.2414 7.01445 29 2.16667
637583464 93.3376 0.631164 1561 1.40889
637616232 97.4918 0.248906 3947 1.71451
637649000 96.5423 0.255364 5119 1.74543
637583466 92.1855 0.676518 1574 1.67264
637616234 97.0929 0.263703 4059 1.78339
637649002 96.3564 0.287282 4254 1.82813
637583588 96.1789 0.225568 7223 2.06528
637616356 68.2692 1.8632 624 2.26003
637649124 30.7692 7.39053 39 2.83333
637583590 96.7423 0.199872 7889 2.00586
637616358 67.9191 1.77446 692 1.88066
637649126 54.5455 8.66784 33 2.15385
637583592 94.1687 0.58365 1612 1.5435
637616360 96.9292 0.264145 4266 1.58032
637649128 96.902 0.237414 5326 1.74678
637583594 94.0462 0.583249 1646 1.67102
637616362 96.8069 0.276609 4040 1.62875
637649130 95.9642 0.271528 5253 1.83103
637583716 96.4577 0.217436 7227 1.81409
637616484 68.4848 1.80836 660 2.17708
637649252 36.1111 8.00538 36 2.2
637583718 96.7258 0.203254 7666 2.02738
637616486 68.2993 1.71632 735 1.65845
637649254 42.3077 9.68907 26 1.96552
637583720 95.2819 0.524844 1632 1.69622
637616488 96.6395 0.279204 4166 1.73294
637649256 97.151 0.229282 5265 1.78669
637583722 51.9341 1.25814 1577 1.53895
637616490 49.388 0.774508 4167 1.7588
637649258 58.7262 0.682931 5197 1.64353
637583844 96.8403 0.215594 6583 2.30537
637616612 65.8537 2.23292 451 2.29825
637649380 52.381 10.8985 21 2.52174
637583846 96.1862 0.21631 7840 1.94624
637616614 67.2593 1.80621 675 1.94915
637649382 29.6296 8.78772 27 2.57143
637583848 93.9511 0.604733 1554 1.60658
637616616 96.2 0.302308 4000 1.61114
637649384 96.3058 0.265109 5062 1.89167
637583850 90.4083 0.749668 1543 1.50129
637616618 96.1823 0.300737 4060 1.77089
637649386 95.9024 0.273667 5247 2.07752
637583972 96.9855 0.205843 6900 2.05412
637616740 74.4966 2.06164 447 2.38934
637649508 34.6154 9.33009 26 3.05263
637583974 96.7413 0.220652 6475 2.38706
637616742 67.666 2.1645 467 2.51923
637649510 30.4348 9.59439 23 3.11111
637583976 92.1244 0.692941 1511 1.65383
637616744 96.9208 0.272231 4027 1.71282
637649512 95.5877 0.28507 5190 1.94527
637583978 91.8367 0.726345 1421 1.80687
637616746 97.1371 0.264267 3982 1.91603
637649514 96.2508 0.271906 4881 2.09723
637584100 95.3121 0.253482 6954 1.69958
637616868 70.7965 1.74626 678 1.89615
637649636 43.1818 7.46737 44 2.375
637584102 96.2118 0.224477 7233 2.03457
637616870 74.2947 1.73014 638 2.29486
637649638 41.3043 7.25975 46 2.76087
637584104 94.5771 0.575415 1549 1.45554
637616872 97.0966 0.269134 3892 1.60818
637649640 96.462 0.255473 5229 1.95888
637584106 91.2678 0.717986 1546 1.55279
637616874 94.5523 0.360429 3965 1.44334
637649642 95.3235 0.294726 5132 1.58036
637587556 96.817 0.301373 3393 2.03658
637620324 70.3125 2.33151 384 2.16076
637653092 52 9.992 25 2.44444
637587558 97.0508 0.245552 4747 1.79564
637620326 77.2727 1.99784 440 1.85445
637653094 68.9655 8.59091 29 2.22
637587560 97.931 0.373812 1450 1.48663
637620328 98.362 0.213305 3541 1.60885
637653096 98.1465 0.229525 3453 1.7377
637587562 98.4625 0.30513 1626 2.13618
637620330 98.8449 0.177206 3636 1.96223
637653098 98.5229 0.194192 3859 2.16584
637587684 96.6246 0.289892 3881 2.20164
637620452 77.4118 2.02838 425 2.28571
637653220 68.4211 7.54053 38 2.64286
637587686 97.6116 0.220041 4815 2.0202
637620454 77.6062 1.83167 518 2.15573
637653222 74.359 6.99201 39 2.55556
637587688 97.9456 0.348686 1655 1.54542
637620456 98.5286 0.196935 3738 1.62185
637653224 98.6294 0.190602 3721 1.74267
637587690 97.8667 0.373079 1500 1.66516
637620458 98.4733 0.202453 3668 1.63053
637653226 98.4351 0.198792 3898 1.83518
637587812 95.8363 0.308123 4203 1.96185
637620580 77.4697 1.73925 577 1.96715
637653348 65.8537 7.40577 41 2.42647
637587814 97.3341 0.223084 5214 1.78134
637620582 79.0123 1.59971 648 2.20072
637653350 54.3478 7.34417 46 2.47541
637587816 97.7985 0.378985 1499 1.54367
637620584 96.8037 0.280165 3942 1.56869
637653352 98.3185 0.199278 4163 1.94525
637587818 97.2785 0.409341 1580 1.85282
637620586 99.0314 0.156372 3923 1.77302
637653354 98.5319 0.186587 4155 2.01251
637587940 97.6685 0.241546 3903 2.13667
637620708 78.1457 1.94165 453 2.10932
637653476 60 8.28079 35 2.4186
637587942 0 0 4520 0
637620710 0 0 392 0
637653478 0 0 31 0
637587944 97.2096 0.419552 1541 1.569
637620712 98.8761 0.174535 3648 1.73787
637653480 99.0099 0.161963 3737 2.07765
637587946 96.4722 0.480513 1474 1.56572
637620714 98.8764 0.176655 3560 1.67546
637653482 98.776 0.177437 3840 1.93323
637588068 96.4902 0.314726 3419 1.97542
637620836 83.5544 1.90915 377 2.12128
637653604 68.1818 9.93026 22 2.33333
637588070 96.8553 0.271433 4134 1.81904
637620838 75.8621 2.29389 348 2.43256
637653606 66.6667 11.1111 18 2.42857
637588072 88.4509 0.840507 1446 1.29201
637620840 98.3589 0.210124 3656 1.41951
637653608 98.7051 0.183788 3784 1.76512
637588074 97.9743 0.366068 1481 2.01604
637620842 98.3299 0.221311 3353 1.61972
637653610 98.5424 0.198758 3636 1.81423
637588196 96.6854 0.285854 3922 1.72175
637620964 81.2874 1.509 668 2.06651
637653732 62.7907 7.37122 43 2.62857
637588198 96.962 0.240285 5102 2.06151
637620966 79.5491 1.61856 621 1.8468
637653734 54.8387 6.3202 62 2.27632
637588200 98.147 0.340897 1565 1.65827
637620968 96.9511 0.275202 3903 1.68426
637653736 99.0805 0.15255 3915 2.03558
637588202 97.0607 0.422398 1599 1.57261
637620970 98.3732 0.201694 3934 1.61795
637653738 98.6562 0.179971 4093 1.95735
