637566980 99.1426 0.174274 2799 2.95811
637599748 98.8298 0.151449 5042 3.02114
637632516 97.5995 0.179273 7290 3.44976
637566982 98.7399 0.208683 2857 3.00744
637599750 98.6931 0.162294 4897 2.87764
637632518 97.2462 0.185638 7771 2.67505
637566984 100 0 93 2.23913
637599752 98.4263 0.470733 699 2.65493
637632520 99.7191 0.198346 712 3.00107
637566986 95.5357 1.95142 112 2.8882
637599754 97.6744 0.557439 731 2.67414
637632522 99.2958 0.313828 710 3.05531
637567108 98.9946 0.189043 2785 2.92796
637599876 98.8438 0.157895 4584 3.05216
637632644 97.8586 0.171255 7145 3.36888
637567110 99.3653 0.149124 2836 2.91882
637599878 98.9815 0.146251 4713 2.95987
637632646 98.1324 0.147185 8460 3.32644
637567112 97.8947 1.47289 95 2.34586
637599880 98.2979 0.487162 705 2.88589
637632648 98.8304 0.411088 684 3.23723
637567114 95.098 2.13782 102 2.86232
637599882 97.5547 0.55409 777 2.82068
637632650 98.3073 0.465482 768 2.89899
637567236 99.2673 0.159307 2866 2.96299
637600004 99.1558 0.129715 4975 3.27223
637632772 98.0398 0.16288 7244 3.50076
637567238 98.6313 0.240291 2338 2.61605
637600006 97.8847 0.219385 4302 2.57349
637632774 97.0957 0.19939 7093 2.52982
637567240 96.875 1.7758 96 2.26846
637600008 98.374 0.465558 738 2.75615
637632776 98.4252 0.451013 762 2.87539
637567242 97.0588 1.67293 102 2.85714
637600010 97.4398 0.612949 664 2.88777
637632778 98.8327 0.386827 771 3.08367
637567364 99.4314 0.141742 2814 2.98823
637600132 98.9406 0.147559 4814 3.21203
637632900 97.6045 0.179929 7222 3.35435
637567366 99.2038 0.169081 2763 3.21231
637600134 98.4947 0.18251 4451 3.35787
637632902 96.6758 0.205081 7641 3.21174
637567368 98.6667 1.32441 75 2.17073
637600136 98.9971 0.377142 698 2.41616
637632904 98.2385 0.484235 738 2.80793
637567370 94.9495 2.20088 99 2.54135
637600138 98.2249 0.507872 676 2.72838
637632906 99.0099 0.372365 707 3.04301
637567492 99.0193 0.187817 2753 2.74299
637600260 98.7484 0.163314 4634 3.00977
637633028 97.6721 0.181886 6873 3.04431
637567494 50.608 0.945517 2796 2.47494
637600262 99.1269 0.132563 4925 3.13464
637633030 97.961 0.157591 8043 3.7148
637567496 95.5056 2.19611 89 2.33636
637600264 98.2964 0.53411 587 2.25412
637633032 98.8473 0.405198 694 2.58728
637567498 0 0 88 0
637600266 0 0 714 0
637633034 0 0 714 0
637567620 99.0981 0.17956 2772 2.81484
637600388 98.6102 0.171179 4677 2.91803
637633156 97.5548 0.18362 7075 3.01456
637567622 99.051 0.192791 2529 2.97642
637600390 98.838 0.163371 4303 3.05197
637633158 97.3996 0.186678 7268 3.11596
637567624 96.9388 1.74014 98 1.44138
637600392 98 0.549125 650 2.46056
637633160 97.4522 0.562395 785 2.917
637567626 94.0476 2.58154 84 2.375
637600394 99.0196 0.368733 714 2.56973
637633162 99.2308 0.312828 780 2.69285
637571076 99.4325 0.151237 2467 2.89763
637603844 99.2844 0.137226 3773 3.07025
637636612 97.8826 0.199739 5195 3.34433
637571078 98.8937 0.207908 2531 2.88574
637603846 99.171 0.153311 3498 3.02856
637636614 98.3776 0.164241 5917 3.17801
637571080 97.9592 1.42827 98 2.83212
637603848 99.0239 0.323788 922 2.79353
637636616 99.1276 0.307095 917 3.04408
637571082 100 0 90 2.89516
637603850 98.3 0.408791 1000 2.68505
637636618 99.4559 0.242653 919 3.01784
637571204 99.5361 0.139558 2371 3.27141
637603972 99.2725 0.147958 3299 3.65414
637636740 98.1236 0.201603 4530 3.75439
637571206 98.6847 0.227448 2509 2.87546
637603974 99.1575 0.155794 3442 3.07474
637636742 97.7628 0.189681 6079 3.25734
637571208 98.0952 1.33398 105 2.67089
637603976 98.1191 0.439138 957 2.86251
637636744 98.0186 0.475764 858 3.05899
637571210 95.6044 2.14896 91 2.9375
637603978 98.9189 0.340015 925 3.15728
637636746 98.6159 0.396776 867 3.16281
637571332 99.2661 0.167744 2589 2.90853
637604100 99.2153 0.150413 3441 3.19147
637636868 98.3563 0.181123 4928 3.47495
637571334 98.9084 0.205167 2565 3.24494
637604102 98.9957 0.168904 3485 3.60588
637636870 98.0942 0.168826 6559 4.23845
637571336 92.1053 3.09317 76 1.82692
637604104 98.9669 0.324989 968 2.87408
637636872 99.0566 0.331964 848 3.04356
637571338 96.5116 1.97857 86 1.91667
637604106 98.6379 0.390514 881 2.57349
637636874 98.9142 0.341483 921 2.53327
637571460 99.1202 0.191134 2387 2.74252
637604228 99.2912 0.14417 3386 2.90764
637636996 97.8868 0.203075 5016 3.08525
637571462 98.8716 0.208354 2570 2.65857
637604230 98.4971 0.206841 3460 2.65278
637636998 98.0994 0.174031 6156 2.73478
637571464 100 0 93 2.68182
637604232 98.3696 0.417531 920 2.80645
637637000 98.6971 0.373666 921 3.01718
637571466 100 0 69 2.72881
637604234 98.6156 0.38131 939 2.87638
637637002 99.0405 0.318291 938 2.95713
637571588 99.2067 0.181277 2395 2.42714
637604356 98.7606 0.192361 3308 2.42507
637637124 98.0773 0.199604 4733 2.79076
637571590 98.8463 0.216765 2427 2.62958
637604358 98.9931 0.177102 3178 2.90345
637637126 98.0467 0.186115 5529 3.16063
637571592 98.8889 1.10492 90 2.46341
637604360 98.5635 0.395532 905 2.32407
637637128 99.0446 0.316946 942 2.74397
637571594 93.9394 2.93704 66 1.51887
637604362 97.7949 0.487603 907 2.36
637637130 98.8535 0.379968 785 2.60472
637571716 98.8917 0.216142 2346 2.80208
637604484 99.1483 0.163217 3170 3.04459
637637252 97.1868 0.243242 4621 3.23517
637571718 98.9771 0.203533 2444 2.96372
637604486 99.128 0.164073 3211 3.15067
637637254 97.7514 0.195736 5737 3.40567
637571720 69.1358 5.13259 81 2.01087
637604488 55.7955 1.67414 880 2.30976
637637256 99.1727 0.291283 967 2.74497
637571722 95.6044 2.14896 91 2.51111
637604490 98.6185 0.380506 941 2.63269
637637258 98.2415 0.450033 853 2.8423
637575172 98.8359 0.207858 2663 2.90424
637607940 99.1527 0.136862 4485 3.06435
637640708 97.0614 0.205743 6738 3.15917
637575174 99.4012 0.144795 2839 2.70595
637607942 99.0076 0.142521 4837 2.88974
637640710 98.3239 0.145769 7756 3.1999
637575176 97.5207 1.41359 121 2.49438
637607944 99.021 0.368219 715 2.65711
637640712 99.4074 0.295418 675 2.94265
637575178 97.4359 1.7897 78 2.71654
637607946 97.6658 0.529205 814 2.69305
637640714 98.6825 0.413884 759 2.87166
637575300 99.3163 0.156314 2779 2.81664
637608068 99.1086 0.135326 4824 3.27679
637640836 97.8523 0.171754 7124 3.21082
637575302 98.9895 0.186686 2870 2.95378
637608070 98.8966 0.149322 4894 2.97066
637640838 98.0402 0.153412 8164 3.18351
637575304 99.0909 0.904949 110 2.6039
637608072 98.0416 0.484778 817 3.02911
637640840 98.5861 0.423277 778 3.29796
637575306 100 0 100 2.74638
637608074 97.8495 0.501406 837 2.98043
637640842 99.349 0.290206 768 3.22854
637575428 99.0802 0.183111 2718 3.42293
637608196 98.9086 0.149099 4856 3.31815
637640964 97.6354 0.179731 7147 3.65672
637575430 99.51 0.135571 2653 2.96731
637608198 99.2958 0.126036 4402 3.75545
637640966 97.8496 0.166611 7580 4.12619
637575432 96.3415 2.07326 82 2.30435
637608200 97.454 0.592403 707 2.62317
637640968 99.5775 0.243435 710 2.9878
637575434 97.7778 1.55379 90 2.58824
637608202 98.1969 0.495548 721 2.67251
637640970 98.3849 0.462451 743 2.79723
637575556 98.9278 0.194703 2798 2.8488
637608324 98.8801 0.151539 4822 2.96368
637641092 97.8213 0.175938 6885 3.26752
637575558 95.4499 0.471209 1956 2.23669
637608326 98.1992 0.226628 3443 2.72035
637641094 91.0656 0.383989 5518 2.48089
637575560 92.7835 2.62732 97 2.19697
637608328 98.1022 0.52134 685 2.71158
637641096 99.0921 0.341597 771 2.99281
637575562 97.6562 1.33721 128 2.65556
637608330 98.7805 0.404018 738 2.62097
637641098 98.9086 0.383758 733 2.90289
637575684 99.1285 0.180936 2639 2.83835
637608452 99.1357 0.136067 4628 3.0526
637641220 97.9782 0.170983 6776 3.25825
637575686 99.1041 0.182045 2679 3.19848
637608454 98.961 0.14918 4620 3.12597
637641222 97.6445 0.173012 7684 3.29682
637575688 98.0952 1.33398 105 2.65068
637608456 98.0743 0.509692 727 2.31221
637641224 99.4898 0.25445 784 2.7551
637575690 97.1698 1.61072 106 2.47651
637608458 97.526 0.5605 768 2.45645
637641226 99.3316 0.297939 748 2.86611
637575812 99.0969 0.191674 2436 2.63985
637608580 98.833 0.162463 4370 3.05513
637641348 97.5453 0.191668 6518 3.23349
637575814 99.5627 0.125967 2744 2.71322
637608582 99.267 0.123442 4775 2.893
637641350 98.5001 0.140034 7534 3.33357
637575816 97.9167 1.45771 96 2.30435
637608584 98.3565 0.452061 791 2.49411
637641352 99.0373 0.338722 831 2.88147
637575818 98.9011 1.09285 91 2.25
637608586 96.4557 0.657834 790 1.70673
637641354 97.0169 0.612679 771 1.7972
637579268 99.5905 0.12923 2442 2.97393
637612036 99.4817 0.121844 3473 2.98197
637644804 98.3064 0.177997 5255 3.38802
637579270 99.0215 0.194735 2555 3.20112
637612038 97.2595 0.281779 3357 2.25608
637644806 97.3763 0.200349 6365 4.1345
637579272 94.0476 2.58154 84 2.84553
637612040 99.1507 0.29898 942 2.83744
637644808 98.9876 0.335745 889 2.93091
637579274 98.75 1.24216 80 2.63309
637612042 99.3763 0.25383 962 2.56664
637644810 79.1391 1.34989 906 2.00681
637579396 99.2517 0.171034 2539 3.06864
637612164 99.1931 0.149232 3594 3.19208
637644932 97.9558 0.202315 4892 3.20672
637579398 99.4495 0.14673 2543 3.09383
637612166 98.5035 0.207975 3408 3.68393
637644934 98.1616 0.170593 6201 4.11318
637579400 0 0 92 0
637612168 99.5136 0.216986 1028 2.93819
637644936 98.5714 0.393375 910 2.77748
637579402 99.0099 0.985185 101 2.65753
637612170 99.1557 0.280235 1066 2.52434
637644938 99.4369 0.251099 888 2.86436
637579524 99.2494 0.176259 2398 2.86302
637612292 99.5972 0.107425 3476 3.03785
637645060 98.1093 0.195244 4866 3.264
637579526 98.6852 0.220776 2662 3.12763
637612294 98.7901 0.183389 3554 2.96163
637645062 97.5106 0.191375 6628 3.22058
637579528 97.8022 1.53691 91 2.336
637612296 98.7315 0.363854 946 2.75365
637645064 99.2537 0.303524 804 3.05029
637579530 97.7528 1.57105 89 2.49635
637612298 98.7552 0.357103 964 2.64821
637645066 98.5604 0.396401 903 2.89148
637579652 99.1545 0.179498 2602 2.6232
637612420 99.2477 0.146985 3456 3.02801
637645188 97.997 0.19351 5242 3.32882
637579654 98.9919 0.200594 2480 2.72743
637612422 99.0176 0.167646 3461 3.12659
637645190 97.3934 0.204002 6100 3.18011
637579656 100 0 93 2.18605
637612424 98.1037 0.484967 791 2.25612
637645192 99.3606 0.285026 782 2.76398
637579658 98.0583 1.35963 103 2.48
637612426 99.337 0.269763 905 2.64678
637645194 98.6828 0.37774 911 3.07054
637579780 98.8611 0.226489 2195 2.50904
637612548 99.39 0.143331 2951 2.63122
637645316 97.465 0.232363 4576 2.66347
637579782 99.048 0.206742 2206 2.74111
637612550 99.1094 0.167553 3144 2.80195
637645318 97.5663 0.208442 5465 2.86667
637579784 96.6667 1.89215 90 1.46218
637612552 98.7613 0.371173 888 2.24878
637645320 99.1141 0.311835 903 2.59378
637579786 97.8723 1.48839 94 2.26866
637612554 98.6066 0.383745 933 2.42207
637645322 99.1774 0.309618 851 2.46198
637579908 99.4332 0.151055 2470 2.95203
637612676 99.156 0.156065 3436 3.04973
637645444 98.0219 0.201999 4752 2.89025
637579910 99.0115 0.196727 2529 2.98147
637612678 98.9124 0.1732 3586 3.19132
637645446 97.4314 0.199817 6268 3.17072
637579912 98.2143 1.25137 112 2.13291
637612680 98.2359 0.437107 907 2.58824
637645448 97.6578 0.482621 982 2.30743
637579914 97.3214 1.52562 112 2.6755
637612682 98.7192 0.352945 1015 2.4331
637645450 98.366 0.418433 918 2.64731
637583364 99.2523 0.166556 2675 2.99486
637616132 99.2552 0.127255 4565 3.21823
637648900 97.7623 0.178292 6882 3.65383
637583366 99.3066 0.158531 2740 2.88979
637616134 98.8968 0.153622 4623 2.92658
637648902 97.0354 0.189298 8028 3.1549
637583368 96.9231 2.14198 65 2.5
637616136 97.8947 0.556701 665 2.89936
637648904 99.4294 0.284491 701 3.09131
637583370 97.1963 1.59588 107 2.82143
637616138 98.6957 0.431938 690 2.80123
637648906 98.9691 0.362604 776 2.92175
637583492 99.3784 0.150285 2735 3.09101
637616260 99.0458 0.14001 4821 3.21463
637649028 98.5017 0.143093 7208 3.42386
637583494 99.0906 0.177537 2859 3.02154
637616262 94.8872 0.322829 4655 2.15945
637649030 94.6395 0.252661 7947 2.31103
637583496 98.0198 1.38628 101 2.21379
637616264 98.7671 0.408417 730 2.81019
637649032 99.2228 0.316056 772 3.01413
637583498 96.2025 2.15044 79 3.10092
637616266 99.031 0.431242 516 3.03393
637649034 99.026 0.395703 616 3.32815
637583620 99.0748 0.192019 2486 2.92993
637616388 98.5044 0.19491 3878 3.09958
637649156 97.6375 0.203959 5545 3.31651
637583622 98.6477 0.217886 2810 2.64952
637616390 98.9992 0.143733 4796 3.422
637649158 97.0685 0.189621 7914 3.11401
637583624 97.7273 1.58869 88 2.592
637616392 97.8006 0.561606 682 2.70713
637649160 98.4596 0.441247 779 2.92016
637583626 100 0 101 2.79856
637616394 98.4786 0.455228 723 2.96296
637649162 99.1228 0.330091 798 3.12574
637583748 99.3466 0.153494 2755 2.60999
637616516 98.6889 0.169569 4500 3.06968
637649284 97.5386 0.185353 6988 3.24244
637583750 97.3211 0.309313 2725 2.06986
637616518 98.8226 0.153691 4926 2.80668
637649286 97.5565 0.17152 8103 2.9089
637583752 97.8947 1.47289 95 2.16296
637616520 96.5976 0.697269 676 1.79506
637649288 95.5043 0.722291 823 2.01511
637583754 98.7952 1.19754 83 2.5
637616522 98.5115 0.445447 739 2.30046
637649290 99.5792 0.242412 713 2.78442
637583876 97.9924 0.27298 2640 2.30383
637616644 98.1304 0.197423 4707 2.43562
637649412 96.3869 0.223897 6947 2.40252
637583878 99.0273 0.18983 2673 2.47894
637616646 0 0 4479 0
637649414 97.1918 0.202454 6659 3.35598
637583880 100 0 93 2.51587
637616648 98.5272 0.462283 679 2.04289
637649416 99.1049 0.336814 782 2.47497
637583882 96.25 2.12408 80 2.44954
637616650 97.8182 0.622928 550 2.45723
637649418 98.2216 0.48883 731 2.7282
637584004 99.2072 0.168353 2775 2.73594
637616772 98.5609 0.170768 4864 3.03372
637649540 97.4458 0.188458 7008 3.37741
637584006 0 0 2787 0
637616774 0 0 4681 0
637649542 0 0 7692 0
637584008 97.0149 2.07902 67 1.61616
637616776 98.688 0.434439 686 2.69077
637649544 98.5866 0.405128 849 2.97031
637584010 100 0 82 2.41176
637616778 98.9597 0.365887 769 2.28842
637649546 99.3207 0.30278 736 2.53429
637587460 98.9699 0.200978 2524 3.09062
637620228 98.8095 0.182598 3528 3.10642
637652996 97.9474 0.200163 5018 3.43456
637587462 98.6874 0.226998 2514 3.10256
637620230 86.0451 0.593315 3411 3.32595
637652998 97.4192 0.210093 5696 3.52003
637587464 97.8261 1.52039 92 2.73529
637620232 98.683 0.349665 1063 2.83056
637653000 99.118 0.310466 907 2.9821
637587466 98.8636 1.12989 88 2.55319
637620234 99.0548 0.297476 1058 2.56013
637653002 99.0132 0.327321 912 2.88928
637587588 99.3315 0.161593 2543 3.08542
637620356 98.8162 0.186061 3379 3.30063
637653124 97.3092 0.234611 4757 3.59258
637587590 99.3592 0.159678 2497 3.26807
637620358 98.8563 0.186951 3235 3.46762
637653126 98.175 0.174813 5863 3.78157
637587592 98.9362 1.05816 94 2.49231
637620360 99.0741 0.291445 1080 2.72176
637653128 98.6456 0.388325 886 2.79412
637587594 97.8022 1.53691 91 2.37956
637620362 98.8858 0.319847 1077 2.59611
637653130 98.7603 0.355637 968 2.66019
637587716 98.7393 0.224992 2459 2.81786
637620484 98.6652 0.191374 3596 2.83556
637653252 97.3721 0.22743 4947 3.04944
637587718 99.2308 0.171343 2600 2.89711
637620486 98.7042 0.187788 3627 2.82659
637653254 97.2982 0.203805 6329 3.26416
637587720 98.9899 1.00499 99 2.57664
637620488 99.3151 0.257991 1022 2.90043
637653256 99.6036 0.197822 1009 3.1498
637587722 97.7273 1.58869 88 2.84138
637620490 99.3056 0.261562 1008 2.7653
637653258 99.5136 0.216986 1028 2.97428
637587844 98.9331 0.208115 2437 2.43674
637620612 98.7896 0.192647 3222 2.71374
637653380 97.7996 0.214412 4681 2.94973
637587846 98.7446 0.231656 2310 2.50846
637620614 98.9609 0.177279 3272 2.89969
637653382 96.9526 0.224907 5841 2.94957
637587848 98.9899 1.00499 99 2.09489
637620616 98.8909 0.318377 1082 2.4339
637653384 98.7964 0.345355 997 2.78816
637587850 97.561 1.70349 82 2.74167
637620618 99.0077 0.329115 907 2.31498
637653386 98.8623 0.357706 879 2.74833
637587972 99.3194 0.175127 2204 2.74678
637620740 99.2429 0.150849 3302 3.18553
637653508 96.6698 0.273811 4294 3.5519
637587974 98.7413 0.232256 2304 2.74171
637620742 98.626 0.203419 3275 2.80786
637653510 96.9516 0.23158 5511 2.92074
637587976 98.6667 1.32441 75 1.86179
637620744 99.6117 0.193797 1030 2.21149
637653512 99.5516 0.223712 892 2.54895
637587978 92.6316 2.68043 95 1.78333
637620746 99.2972 0.264702 996 2.21855
637653514 98.674 0.380227 905 2.62198
637588100 99.286 0.16769 2521 2.88449
637620868 99.082 0.161527 3486 2.92135
637653636 97.6793 0.217702 4783 3.14626
637588102 98.7876 0.216422 2557 2.98543
637620870 98.4283 0.208371 3563 3.10479
637653638 97.4295 0.204459 5991 3.26327
637588104 100 0 72 2.63559
637620872 98.5795 0.364146 1056 2.34893
637653640 99.1911 0.28483 989 2.67444
637588106 95.098 2.13782 102 2.57463
637620874 98.7929 0.33275 1077 2.86838
637653642 98.3696 0.417531 920 2.74311
637567012 97.1174 0.288436 3365 3.3201
637599780 96.7853 0.237714 5506 3.41155
637632548 97.5148 0.222189 4909 4.06463
637567014 95.3209 0.365756 3334 2.4346
637599782 93.5507 0.327856 5613 1.95403
637632550 97.1309 0.241583 4775 2.24986
637567016 81.7073 4.26935 82 2.57273
637599784 97.2376 0.406071 1629 2.61621
637632552 96.6929 0.409706 1905 2.63446
637567018 75 4.33013 100 2.11194
637599786 97.8028 0.357219 1684 2.41756
637632554 96.3664 0.423319 1954 2.51169
637567140 97.7055 0.255174 3443 3.04428
637599908 96.515 0.253093 5251 3.19914
637632676 98.1357 0.195761 4774 3.83925
637567142 97.4795 0.268347 3412 2.45059
637599910 96.5672 0.244087 5564 2.83693
637632678 98.4851 0.172444 5017 2.91642
637567144 77.193 5.55758 57 2.13953
637599912 97.1519 0.41848 1580 2.60019
637632680 96.7327 0.411441 1867 3.05696
637567146 75 4.61593 88 2.39474
637599914 97.3109 0.38288 1785 2.47814
637632682 96.9776 0.390818 1919 2.63593
637567268 97.3777 0.274292 3394 2.92836
637600036 96.9356 0.232081 5515 3.16435
637632804 98.2953 0.182244 5045 3.31979
637567270 97.4002 0.276671 3308 2.71969
637600038 96.7135 0.2409 5477 2.96262
637632806 98.6362 0.168004 4766 3.14943
637567272 77.7778 4.89954 72 2.54348
637600040 97.5192 0.378018 1693 2.07218
637632808 96.5169 0.411947 1981 2.11824
637567274 69.4444 5.42872 72 2
637600042 97.0383 0.40853 1722 2.724
637632810 96.9839 0.390018 1923 2.85168
637567396 97.6852 0.26418 3240 3.06551
637600164 96.6642 0.244454 5396 3.29013
637632932 98.1117 0.193952 4925 3.85781
637567398 97.6681 0.277432 2959 2.36543
637600166 96.752 0.259991 4649 2.8715
637632934 98.1016 0.206394 4372 3.08434
637567400 74.6988 4.77187 83 2.51456
637600168 97.3794 0.38986 1679 2.23336
637632936 97.1939 0.373031 1960 2.62322
637567402 75.4386 5.70146 57 2
637600170 96.9444 0.45355 1440 2.21843
637632938 96.9549 0.42403 1642 2.8362
637567524 97.2662 0.28741 3219 2.75992
637600292 96.7843 0.246287 5131 3.02535
637633060 97.7213 0.211904 4959 3.46942
637567526 97.1997 0.29101 3214 2.51133
637600294 96.7701 0.238823 5480 2.9053
637633062 98.2019 0.186786 5061 3.00535
637567528 82.1918 4.47778 73 1.79817
637600296 97.013 0.433784 1540 2.02773
637633064 96.2943 0.437769 1862 2.39566
637567530 80.6452 4.09678 93 1.99187
637600298 97.6147 0.377374 1635 2.18362
637633066 96.7859 0.401578 1929 2.53125
637567652 97.2214 0.284097 3347 2.91091
637600420 95.9724 0.272277 5214 3.24735
637633188 97.9052 0.204231 4917 3.58241
637567654 97.8322 0.258124 3183 2.42921
637600422 97.7815 0.213076 4778 2.78688
637633190 98.6347 0.178051 4248 3.07036
637567656 76.2887 4.31839 97 2.74797
637600424 96.3407 0.459869 1667 2.48635
637633192 96.6497 0.405421 1970 2.72707
637567658 76.4045 4.50069 89 2.0367
637600426 97.3684 0.391471 1672 2.63556
637633194 95.435 0.483708 1862 2.65508
637571108 98.7342 0.198873 3160 3.1159
637603876 98.6195 0.181582 4129 3.13318
637636644 97.6778 0.331267 2067 3.46907
637571110 98.7215 0.198381 3207 2.60804
637603878 98.4083 0.198935 3958 2.9212
637636646 97.5014 0.363773 1841 2.83742
637571112 99.6528 0.346618 288 2.29614
637603880 98.7374 0.280544 1584 2.52492
637636648 98.7914 0.250486 1903 2.65487
637571114 98.9664 0.514118 387 2.50449
637603882 98.84 0.264564 1638 2.21995
637636650 98.6457 0.269015 1846 2.35079
637571236 98.8533 0.195528 2965 2.92272
637604004 97.7819 0.239317 3787 2.89727
637636772 98.1132 0.320515 1802 3.05769
637571238 99.0323 0.175828 3100 2.76471
637604006 97.1683 0.272406 3708 2.44926
637636774 97.8202 0.340885 1835 3.15172
637571240 99.3808 0.43648 323 2.30146
637604008 98.6759 0.28702 1586 2.16275
637636776 98.8667 0.245901 1853 2.18006
637571242 99.422 0.407549 346 2.31579
637604010 97.3401 0.404938 1579 2.32505
637636778 98.1746 0.319737 1753 2.66194
637571364 98.8349 0.19579 3004 3.1688
637604132 98.7297 0.178506 3936 3.10903
637636900 97.6636 0.344204 1926 3.45258
637571366 98.0151 0.247577 3174 2.97456
637604134 98.662 0.182561 3961 3.03738
637636902 98.1854 0.295602 2039 3.36903
637571368 98.7842 0.604196 329 2.17234
637604136 98.5942 0.297593 1565 2.1109
637636904 98.4659 0.292963 1760 2.24708
637571370 99.2308 0.541833 260 2.1907
637604138 98.1448 0.330094 1671 2.26558
637636906 98.7977 0.249185 1913 2.66366
637571492 98.6177 0.232032 2532 2.64494
637604260 98.4896 0.205897 3509 3.26658
637637028 97.235 0.393534 1736 3.26962
637571494 97.4619 0.280141 3152 2.32714
637604262 98.118 0.216709 3932 2.72993
637637030 98.1704 0.306415 1913 3.0349
637571496 97.9592 0.824614 294 2.44685
637604264 98.5742 0.301806 1543 2.27649
637637032 98.5363 0.29059 1708 2.82144
637571498 99.7006 0.298952 334 2.643
637604266 98.7211 0.277295 1642 2.72081
637637034 98.531 0.275577 1906 2.69725
637571620 98.6769 0.213214 2872 3.1122
637604388 98.5814 0.193477 3736 3.29876
637637156 97.3853 0.368617 1874 3.69622
637571622 98.538 0.229465 2736 2.22562
637604390 98.864 0.178601 3521 2.39058
637637158 97.4756 0.375731 1743 2.7526
637571624 98.5019 0.743431 267 2.63551
637604392 98.738 0.273652 1664 2.43567
637637160 98.1629 0.332314 1633 2.79408
637571626 96.9799 0.991392 298 2.24138
637604394 96.9024 0.449593 1485 1.75735
637637162 96.8842 0.42127 1701 2.19159
637571748 97.9665 0.266596 2803 2.78399
637604516 55.24 0.83799 3521 2.72523
637637284 97.8531 0.344513 1770 3.69225
637571750 98.6107 0.212887 3023 2.2288
637604518 98.8085 0.182752 3525 2.67188
637637286 97.5499 0.369038 1755 2.84745
637571752 99.696 0.30349 329 2.1798
637604520 51.4775 1.21501 1692 2.11532
637637288 99.2499 0.20727 1733 2.59459
637571754 93.6306 1.37814 314 1.62471
637604522 98.567 0.296657 1605 2.04462
637637290 98.8604 0.253366 1755 2.32472
637575204 96.7691 0.350981 2538 3.15751
637607972 96.3618 0.297617 3958 3.31226
637640740 97.4887 0.262832 3544 3.69059
637575206 93.987 0.409147 3376 1.85146
637607974 96.2711 0.250103 5739 3.02189
637640742 98.2572 0.190779 4705 3.0588
637575208 87.013 3.8309 77 2.61111
637607976 97.0428 0.472575 1285 2.53657
637640744 96.6285 0.468701 1483 2.82209
637575210 66.9811 4.56777 106 2.41228
637607978 94.0832 0.571062 1707 2.22026
637640746 96.7664 0.388607 2072 2.40069
637575332 97.3574 0.27796 3330 2.96385
637608100 96.6253 0.245895 5393 3.29335
637640868 98.4774 0.17565 4860 3.29236
637575334 97.2214 0.27962 3455 2.59071
637608102 97.3118 0.216518 5580 3.05472
637640870 98.601 0.167241 4932 3.18227
637575336 73.494 4.84461 83 2.875
637608104 97.4733 0.371865 1781 2.46026
637640872 97.541 0.33049 2196 2.69055
637575338 68.1319 4.88464 91 2.38333
637608106 97.399 0.374428 1807 2.39238
637640874 94.2076 0.502859 2158 2.50291
637575460 97.9251 0.250851 3229 2.71955
637608228 97.2264 0.224806 5336 2.9689
637640996 98.2772 0.183103 5050 3.29461
637575462 96.9917 0.317635 2892 2.05694
637608230 96.6487 0.264638 4625 2.81146
637640998 98.3292 0.192598 4429 2.94875
637575464 73.7705 5.63211 61 1.86022
637608232 98.1378 0.336809 1611 1.96359
637641000 96.0093 0.421656 2155 2.07695
637575466 56.7568 5.75907 74 2.02941
637608234 97.9315 0.361864 1547 2.55156
637641002 93.8279 0.58625 1685 2.57358
637575588 96.8674 0.303792 3288 2.72993
637608356 96.7103 0.243859 5350 3.10044
637641124 98.5595 0.169715 4929 3.38224
637575590 97.2564 0.290083 3171 2.73883
637608358 96.7426 0.267925 4390 2.91225
637641126 98.3589 0.2067 3778 3.01338
637575592 77.7778 4.61933 81 1.61053
637608360 97.866 0.351846 1687 2.13411
637641128 96.9605 0.38639 1974 2.212
637575594 75 4.51447 92 1.77966
637608362 97.1357 0.41622 1606 2.34536
637641130 96.8286 0.396325 1955 2.55806
637575716 97.2625 0.292833 3105 2.95037
637608484 96.6492 0.250449 5163 3.0415
637641252 98.051 0.202312 4669 4.0006
637575718 96.6225 0.328725 3020 1.90744
637608486 94.7729 0.30686 5261 2.07287
637641254 97.0146 0.245896 4790 2.17785
637575720 79.1667 4.78613 72 2.06731
637608488 97.48 0.388564 1627 2.11363
637641256 96.4429 0.443643 1743 2.26303
637575722 68.5714 5.54862 70 1.80247
637608490 98.3167 0.321211 1604 2.07334
637641258 96.3889 0.439742 1800 2.29188
637575844 98.0025 0.247181 3204 2.98167
637608612 96.6115 0.252493 5135 2.89334
637641380 98.3918 0.188 4477 3.32715
637575846 97.822 0.257467 3214 2.58838
637608614 96.1856 0.26256 5322 2.99008
637641382 98.4822 0.180027 4612 3.12804
637575848 78 4.14246 100 2.44262
637608616 97.4374 0.381346 1717 2.43631
637641384 54.3621 1.07874 2132 2.5229
637575850 66.25 5.2867 80 1.32967
637608618 91.2094 0.68777 1695 1.44642
637641386 89.7229 0.681564 1985 1.5157
637579300 98.1657 0.242855 3053 2.70435
637612068 98.4301 0.201071 3822 2.71244
637644836 98.1019 0.304977 2002 3.05899
637579302 98.9896 0.177714 3167 2.63236
637612070 98.8245 0.174207 3828 2.85536
637644838 97.7456 0.343922 1863 3.1419
637579304 99.3631 0.448949 314 2.24486
637612072 98.4117 0.309002 1637 2.16034
637644840 97.9968 0.326017 1847 2.48301
637579306 99.697 0.302571 330 2.52569
637612074 99.1505 0.226076 1648 2.52341
637644842 98.6991 0.269487 1768 2.82144
637579428 98.3908 0.228028 3045 2.84927
637612196 98.5011 0.192049 4003 3.25229
637644964 98.0879 0.311335 1935 3.64014
637579430 98.9464 0.182446 3132 2.80585
637612198 98.5615 0.194337 3754 2.88693
637644966 97.5215 0.360871 1856 3.06446
637579432 99.6988 0.300752 332 2.93321
637612200 98.8895 0.253339 1711 2.67984
637644968 98.4987 0.281589 1865 3.05874
637579434 99.2366 0.439039 393 2.35548
637612202 99.2312 0.212399 1691 2.37278
637644970 98.8554 0.242638 1922 2.4787
637579556 99.181 0.177994 2564 2.85696
637612324 99.118 0.155233 3628 3.17297
637645092 99.3213 0.195268 1768 3.69734
637579558 99.0121 0.176552 3138 2.51493
637612326 98.6875 0.180808 3962 2.79864
637645094 98.4676 0.273106 2023 3.04733
637579560 98.6063 0.691991 287 2.1488
637612328 99.1345 0.239009 1502 1.95503
637645096 98.9609 0.25071 1636 2.18803
637579562 98.5915 0.625427 355 2.77138
637612330 98.6528 0.285286 1633 2.6244
637645098 99.0385 0.225544 1872 2.79579
637579684 98.6392 0.206097 3160 3.10918
637612452 98.6747 0.180838 3999 3.01738
637645220 98.1232 0.297696 2078 3.33508
637579686 98.3882 0.230764 2978 2.49362
637612454 98.9972 0.159774 3889 2.61952
637645222 98.0547 0.316683 1902 3.16091
637579688 99.2481 0.529656 266 1.97436
637612456 98.3391 0.336203 1445 2.02137
637645224 98.4009 0.289619 1876 2.47967
637579690 98 0.80829 300 2.14066
637612458 98.9298 0.250884 1682 2.20849
637645226 99.1257 0.217622 1830 2.8633
637579812 98.4493 0.240291 2644 2.7508
637612580 98.5412 0.20687 3359 2.79141
637645348 96.6722 0.422407 1803 3.34299
637579814 99.2154 0.174757 2549 2.52796
637612582 98.8633 0.18098 3431 2.43055
637645350 97.7894 0.354619 1719 2.87504
637579816 98.4436 0.77213 257 2.29724
637612584 98.3686 0.311395 1655 1.77349
637645352 98.7562 0.276383 1608 1.98655
637579818 99.3691 0.444715 317 2.56364
637612586 98.613 0.307976 1442 2.09197
637645354 98.882 0.262041 1610 2.38166
637579940 98.3224 0.232937 3040 2.94793
637612708 97.992 0.229528 3735 3.01617
637645476 97.6554 0.353332 1834 3.45829
637579942 98.7852 0.195871 3128 2.62485
637612710 98.8078 0.171057 4026 2.75772
637645478 97.9905 0.322695 1891 2.97642
637579944 97.6821 0.865864 302 2.625
637612712 98.6301 0.283673 1679 2.40951
637645480 98.6681 0.264603 1877 2.76912
637579946 97.5676 0.800888 370 2.63534
637612714 98.7357 0.274143 1661 2.53367
637645482 98.9181 0.234813 1941 2.7593
637583396 97.6452 0.268687 3185 2.91952
637616164 96.0568 0.273275 5072 2.88452
637648932 98.112 0.196035 4820 3.28485
637583398 97.7148 0.268082 3107 2.71576
637616166 96.3559 0.260887 5159 2.95322
637648934 98.6316 0.171215 4604 3.06802
637583400 77.5 4.66871 80 2.78571
637616168 97.2755 0.405094 1615 2.34227
637648936 97.0248 0.398806 1815 2.82237
637583402 67.1642 5.73727 67 2.1831
637616170 95.5297 0.511381 1633 2.06584
637648938 96.2712 0.450347 1770 2.65132
637583524 97.3358 0.283434 3228 2.94589
637616292 96.8038 0.238398 5444 3.17403
637649060 98.1698 0.187037 5136 3.45168
637583526 98.2586 0.224733 3388 2.69258
637616294 96.6567 0.245677 5354 2.43728
637649062 98.2744 0.186642 4868 2.6477
637583528 78.0822 4.84187 73 2.53763
637616296 97.2445 0.392198 1742 2.25995
637649064 96.8208 0.385061 2076 2.59482
637583530 59.1837 7.02134 49 1.81967
637616298 92.2215 0.668121 1607 2.34027
637649066 93.3204 0.549285 2066 2.4719
637583652 97.6751 0.258513 3398 2.67287
637616420 96.2434 0.2574 5457 2.94596
637649188 98.4793 0.174253 4932 3.12378
637583654 97.8621 0.250996 3321 2.71157
637616422 96.7952 0.236995 5523 2.97257
637649190 98.4935 0.173805 4912 3.03266
637583656 70.4918 5.8395 61 2.51163
637616424 98.0991 0.327748 1736 2.68866
637649192 96.6245 0.414759 1896 2.77289
637583658 65.8228 5.33633 79 2.17895
637616426 93.1112 0.601814 1771 1.90053
637649194 97.3471 0.373932 1847 2.59254
637583780 97.818 0.257943 3208 3.16279
637616548 97.1876 0.234323 4978 3.22227
637649316 97.8044 0.208936 4919 3.24975
637583782 91.1273 0.495664 3291 1.65195
637616550 97.0766 0.227715 5473 2.8021
637649318 98.4101 0.177445 4969 2.98628
637583784 72.8571 5.31514 70 2.44565
637616552 97.4286 0.378365 1750 2.32589
637649320 97.2313 0.382295 1842 2.64443
637583786 70.4545 4.86361 88 2.10256
637616554 96.3773 0.466992 1601 1.82362
637649322 91.4838 0.638005 1914 1.89391
637583908 97.7847 0.259978 3205 3.11948
637616676 97.2639 0.223325 5336 3.30676
637649444 98.5705 0.172106 4757 3.92716
637583910 97.3425 0.291326 3048 2.39211
637616678 96.8869 0.246125 4979 2.63673
637649446 98.3622 0.194146 4274 3.01434
637583912 78.7879 5.03211 66 2.21649
637616680 95.7203 0.496918 1659 2.17413
637649448 96.2507 0.449381 1787 2.36973
637583914 68.8525 5.92934 61 1.25
637616682 94.9752 0.581155 1413 1.63505
637649450 96.4653 0.46812 1556 2.54887
637584036 97.4268 0.272304 3381 2.88185
637616804 96.6468 0.241709 5547 3.17027
637649572 98.1117 0.195005 4872 3.4463
637584038 98.0488 0.241511 3280 2.55325
637616806 97.1258 0.228257 5358 2.78977
637649574 98.6811 0.166388 4701 3.086
637584040 72.2222 5.27859 72 2.35484
637616808 97.3825 0.389403 1681 2.28751
637649576 97.3537 0.362089 1965 2.30633
637584042 66.2921 5.01074 89 2.0283
637616810 97.6303 0.370211 1688 2.46728
637649578 95.0506 0.500371 1879 2.46806
637587492 98.2701 0.237807 3006 2.6767
637620260 98.0397 0.219773 3979 2.83488
637653028 97.6531 0.341952 1960 3.27028
637587494 98.7483 0.207313 2876 2.63253
637620262 98.662 0.187947 3737 2.76424
637653030 97.8127 0.3464 1783 2.83544
637587496 99.0881 0.524054 329 2.85127
637620264 99.0068 0.247057 1611 2.58752
637653032 98.4076 0.288399 1884 2.73716
637587498 98.827 0.58306 341 2.57383
637620266 98.5419 0.295451 1646 2.38174
637653034 98.3871 0.297083 1798 2.50037
637587620 97.1292 0.308703 2926 3.06312
637620388 98.3233 0.212878 3638 3.30964
637653156 97.2107 0.374239 1936 3.47823
637587622 98.5911 0.215865 2981 2.69316
637620390 98.5016 0.204279 3537 2.9006
637653158 98.145 0.319901 1779 3.1517
637587624 99.4318 0.400622 352 2.10556
637620392 98.8792 0.26269 1606 2.09971
637653160 98.4607 0.283628 1884 2.3499
637587626 98.9362 0.529078 376 2.91833
637620394 98.9247 0.252077 1674 2.72793
637653162 98.8932 0.246116 1807 2.88974
637587748 97.7793 0.268278 3017 2.80304
637620516 98.7876 0.170419 4124 2.97687
637653284 97.9065 0.315893 2054 3.31902
637587750 96.224 0.343914 3072 2.56197
637620518 98.4671 0.190143 4175 2.64813
637653286 97.561 0.337341 2091 2.88812
637587752 99.6689 0.330578 302 2.37736
637620520 98.6038 0.282994 1719 2.19556
637653288 98.8512 0.243519 1915 2.56522
637587754 99.7085 0.291119 343 2.37079
637620522 98.1031 0.332125 1687 2.14226
637653290 98.2171 0.303028 1907 2.49722
637587876 98.8689 0.192877 3006 2.82457
637620644 98.5446 0.194814 3779 3.3026
637653412 97.6756 0.342447 1936 3.74843
637587878 98.8264 0.200091 2897 2.42921
637620646 99.0248 0.164034 3589 2.79059
637653414 97.9376 0.326825 1891 3.02596
637587880 99.3711 0.44332 318 2.3407
637620648 98.35 0.309232 1697 2.03006
637653416 99.1708 0.213206 1809 2.37392
637587882 99.0354 0.554237 311 2.6281
637620650 98.9893 0.251405 1583 2.29134
637653418 98.7194 0.265313 1796 2.3545
637588004 98.3601 0.239803 2805 2.98049
637620772 98.4101 0.207099 3648 3.07926
637653540 97.0149 0.400108 1809 3.63907
637588006 98.9817 0.18812 2848 2.48494
637620774 98.4712 0.202727 3663 2.72945
637653542 97.5508 0.377791 1674 2.98914
637588008 98.6971 0.647208 307 2.49318
637620776 99.0431 0.254526 1463 2.2664
637653544 99.0955 0.300141 995 2.75322
637588010 95.6923 1.12621 325 2.26625
637620778 99.1395 0.228981 1627 2.51155
637653546 98.626 0.284514 1674 2.83033
637588132 96.1328 0.346134 3103 2.76969
637620900 98.2299 0.211205 3898 3.01451
637653668 96.3627 0.423744 1952 3.33663
637588134 97.037 0.297892 3240 2.12728
637620902 94.2331 0.365181 4075 2.00348
637653670 95.6812 0.460928 1945 2.14519
637588136 97.9592 0.763444 343 2.52985
637620904 98.4402 0.297832 1731 2.20283
637653672 99.0323 0.226992 1860 2.38031
637588138 99.449 0.388515 363 2.68051
637620906 98.2937 0.319693 1641 2.52687
637653674 98.4954 0.28219 1861 2.52482
637567044 95.3669 0.264327 6324 2.69698
637599812 92.9371 0.434119 3483 2.58161
637632580 54.2373 6.48603 59 2.47273
637567046 96.4036 0.23489 6284 2.2368
637599814 93.4392 0.378329 4283 2.38891
637632582 48.7805 7.80637 41 2.83721
637567048 92.9936 0.769971 1099 1.60864
637599816 97.5895 0.293116 2738 1.82177
637632584 96.7322 0.302343 3458 2.14037
637567050 93.5908 0.702059 1217 2.10147
637599818 97.9534 0.265965 2834 2.32193
637632586 98.1365 0.234454 3327 2.92167
637567172 97.3804 0.20373 6146 2.64626
637599940 92.9653 0.440589 3369 2.69752
637632708 32.1429 8.82594 28 2.4375
637567174 94.9457 0.267089 6727 2.42698
637599942 94.1004 0.354243 4424 2.32292
637632710 33.3333 8.60663 30 2.6
637567176 94.2639 0.718979 1046 1.71653
637599944 98.0372 0.257416 2904 2.028
637632712 96.529 0.310023 3486 2.22783
637567178 94.4304 0.666207 1185 2.45312
637599946 97.7709 0.273385 2916 2.47367
637632714 97.7211 0.258407 3335 2.86968
637567300 96.1957 0.235049 6624 2.49989
637600068 92.7708 0.429359 3638 2.66305
637632836 21.6216 6.76771 37 2.53846
637567302 96.8779 0.217835 6374 2.87526
637600070 94.6069 0.34971 4172 2.93778
637632838 31.8182 7.02175 44 3.45833
637567304 93.4669 0.729319 1148 1.70051
637600072 97.8239 0.26904 2941 1.92964
637632840 91.7365 0.468007 3461 2.02927
637567306 98.1324 0.394432 1178 2.79739
637600074 96.1179 0.366232 2782 2.16731
637632842 97.8904 0.24598 3413 2.55108
637567428 95.2532 0.267919 6299 2.61717
637600196 91.7346 0.454038 3678 2.44597
637632964 26.6667 5.70899 60 2.75
637567430 96.1546 0.262722 5357 2.4701
637600198 93.9434 0.386241 3814 2.6116
637632966 39.4737 7.92929 38 2.90323
637567432 95.5856 0.616554 1110 2.21929
637600200 98.2724 0.239819 2952 2.15789
637632968 49.9701 0.864126 3348 2.2757
637567434 89.3048 1.01071 935 2.02182
637600202 87.5051 0.668173 2449 1.8208
637632970 78.4647 0.766111 2879 1.88202
637567556 96.6161 0.23345 5999 2.05454
637600324 92.3602 0.468117 3220 2.48168
637633092 32.1429 8.82594 28 2.69231
637567558 94.1694 0.288735 6586 2.18324
637600326 93.4422 0.378159 4285 1.98521
637633094 13.7931 6.40329 29 3
637567560 92.5569 0.77669 1142 1.83225
637600328 97.5009 0.297072 2761 1.75768
637633096 96.622 0.315161 3286 1.87419
637567562 97.1915 0.481985 1175 2.46881
637600330 98.1844 0.251915 2809 2.45092
637633098 97.4436 0.273712 3325 2.5513
637567684 97.1637 0.208968 6311 2.28596
637600452 92.4763 0.453973 3376 2.60726
637633220 14.2857 5.91485 35 3.1
637567686 96.9388 0.228491 5684 2.60294
637600454 94.0364 0.393484 3622 2.69873
637633222 16.2162 6.05974 37 3.125
637567688 95.9755 0.581317 1143 2.10208
637600456 97.7178 0.27769 2892 2.1079
637633224 98.3737 0.217494 3382 2.40581
637567690 95.0779 0.619601 1219 2.26087
637600458 92.395 0.515614 2643 1.64846
637633226 85.6955 0.635636 3034 1.88572
637571140 97.7222 0.234756 4039 2.23478
637603908 93.3442 0.582185 1833 2.39815
637636676 48.6486 8.21695 37 2.55738
637571142 96.1386 0.32466 3522 2.74891
637603910 96.4047 0.349534 2837 2.76558
637636678 48.4848 8.69989 33 3.16279
637571144 96.8449 0.517492 1141 2.31553
637603912 98.7742 0.218803 2529 2.36005
637636680 99.2532 0.155126 3080 2.60308
637571146 98.579 0.352707 1126 2.62492
637603914 98.5387 0.238474 2532 2.57188
637636682 99.0025 0.187569 2807 2.96872
637571268 97.8184 0.241237 3667 2.5222
637604036 93.6882 0.670588 1315 2.55917
637636804 65.1163 7.26812 43 2.81818
637571270 95.4709 0.345564 3621 2.65992
637604038 96.1393 0.357694 2901 2.52094
637636806 67.8571 8.82594 28 3.22
637571272 86.8696 0.99592 1150 1.82995
637604040 98.0887 0.276121 2459 2.13782
637636808 99.0543 0.181139 2855 2.0188
637571274 98.2521 0.397483 1087 2.77833
637604042 98.5622 0.231553 2643 2.46046
637636810 98.5121 0.225206 2890 2.83112
637571396 97.2499 0.268527 3709 2.30632
637604164 92.9426 0.626343 1672 2.0386
637636932 62.5 8.55817 32 2.64286
637571398 96.2097 0.299587 4063 2.72405
637604166 96.8108 0.3077 3261 2.97754
637636934 89.2857 5.84512 28 2.07692
637571400 93.5484 0.725388 1147 2.08846
637604168 98.3119 0.246783 2725 2.0108
637636936 98.7435 0.208104 2865 2.28786
637571402 98.9567 0.287856 1246 2.55927
637604170 99.0077 0.190015 2721 2.35289
637636938 98.8893 0.195257 2881 2.74268
637571524 98.0208 0.221871 3941 3.06266
637604292 91.3934 0.678623 1708 3.39954
637637060 59.375 8.68207 32 3.41667
637571526 93.6627 0.399236 3724 2.32095
637604294 96.4155 0.338677 3013 2.57228
637637062 52.5 7.89581 40 2.98214
637571528 91.4821 0.814704 1174 1.68579
637604296 97.661 0.29595 2608 1.71879
637637064 99.0318 0.182082 2892 1.96987
637571530 96.3726 0.536837 1213 2.2201
637604298 98.3295 0.249719 2634 2.04858
637637066 98.9875 0.183916 2963 2.54854
637571652 94.7532 0.374487 3545 2.53903
637604420 93.5047 0.641029 1478 2.71364
637637188 57.1429 9.3522 28 2.79167
637571654 96.0405 0.331521 3460 2.48015
637604422 95.7935 0.392548 2615 2.49782
637637190 78.7879 7.11647 33 2.39623
637571656 96.8338 0.519283 1137 1.84296
637604424 98.3347 0.257903 2462 2.19104
637637192 99.1424 0.178047 2682 2.50587
637571658 96.6725 0.530734 1142 1.99159
637604426 98.6976 0.22873 2457 2.19011
637637194 98.7008 0.22469 2540 2.59561
637571780 94.6429 0.388455 3360 2.41178
637604548 92.8571 0.691771 1386 2.63722
637637316 66.6667 8.2061 33 3.06977
637571782 97.6184 0.258287 3485 2.60322
637604550 96.3156 0.376985 2497 2.77395
637637318 60 8.94427 30 2.90244
637571784 91.8367 0.833932 1078 1.9617
637604552 97.7514 0.299769 2446 1.8393
637637320 98.6048 0.227759 2652 2.35766
637571786 94.804 0.670107 1097 2.40837
637604554 98.4177 0.248193 2528 2.04883
637637322 99.0374 0.184352 2805 2.52262
637575236 97.1139 0.219431 5821 2.55793
637608004 92.8058 0.467263 3058 2.72369
637640772 45.1613 8.93812 31 2.875
637575238 96.8953 0.215564 6474 2.78935
637608006 93.9965 0.374154 4031 2.77256
637640774 27.7778 7.46505 36 3.04348
637575240 93.9487 0.763602 975 1.92831
637608008 97.5542 0.288737 2862 2.01226
637640776 97.7699 0.254628 3363 2.21322
637575242 96.9243 0.484874 1268 2.60582
637608010 98.0379 0.257329 2905 2.61952
637640778 98.2206 0.227661 3372 3.06795
637575364 96.9773 0.21482 6352 2.27705
637608132 93.4184 0.422217 3449 2.30413
637640900 50 7.90569 40 3.02632
637575366 97.6837 0.186303 6519 2.62254
637608134 94.3788 0.353977 4234 2.74673
637640902 13.6364 5.17355 44 2.6875
637575368 95.9807 0.556873 1244 2.07842
637608136 97.8233 0.263021 3078 2.10946
637640904 97.7811 0.253362 3380 2.28702
637575370 96.9412 0.482254 1275 2.83778
637608138 97.3735 0.287971 3084 2.55497
637640906 98.4302 0.211935 3440 2.8206
637575492 97.3989 0.199239 6382 2.66802
637608260 93.3107 0.420623 3528 2.6117
637641028 22.2222 6.929 36 2.78947
637575494 97.1931 0.214778 5914 2.52021
637608262 94.1294 0.37076 4020 2.41225
637641030 25.7143 7.38764 35 3
637575496 96.2393 0.556182 1170 2.2325
637608264 97.7199 0.269403 3070 2.31968
637641032 97.4919 0.26861 3389 2.62374
637575498 97.2125 0.485841 1148 2.49873
637608266 97.676 0.280599 2883 2.46392
637641034 97.9192 0.249693 3268 2.67392
637575620 97.2701 0.20589 6264 2.53203
637608388 92.6288 0.449586 3378 2.33192
637641156 27.0833 6.41422 48 2.65217
637575622 96.8228 0.250305 4910 2.47718
637608390 94.7707 0.380502 3423 2.58538
637641158 31.7073 7.26733 41 2.70833
637575624 94.6266 0.680503 1098 1.56527
637608392 97.7141 0.276058 2931 1.79415
637641160 95.0958 0.367882 3446 1.94286
637575626 98.041 0.413557 1123 2.42024
637608394 97.836 0.271844 2865 2.2927
637641162 98.1624 0.231219 3374 2.55143
637575748 96.6986 0.227853 6149 2.24783
637608516 91.6744 0.485131 3243 2.2247
637641284 10.3448 5.65523 29 2
637575750 97.244 0.204861 6386 2.81133
637608518 93.843 0.385004 3898 2.57376
637641286 24.1379 7.94627 29 2.78571
637575752 96.8096 0.554924 1003 1.90934
637608520 97.3288 0.312748 2658 1.97748
637641288 95.782 0.352684 3248 2.17176
637575754 97.3048 0.49369 1076 1.98372
637608522 98.1022 0.268523 2582 1.98566
637641290 98.1553 0.242067 3090 2.3166
637575876 97.0246 0.222182 5848 2.23326
637608644 94.1481 0.422051 3093 3.10366
637641412 20 6.32456 40 3.90909
637575878 97.2164 0.208063 6251 2.77859
637608646 94 0.380283 3900 2.76886
637641414 26.6667 8.07373 30 2.81818
637575880 93.5897 0.693337 1248 1.88002
637608648 97.255 0.304564 2878 2.00213
637641416 97.4469 0.276634 3251 2.3588
637575882 93.1316 0.723206 1223 2.29052
637608650 95.5478 0.38466 2875 2.40073
637641418 95.7845 0.357745 3155 2.4816
637579332 96.536 0.290776 3955 2.29874
637612100 92.5277 0.635307 1713 1.97053
637644868 80.7692 7.7292 26 2.77586
637579334 93.7836 0.39609 3716 1.97958
637612102 93.6589 0.448767 2949 2.19575
637644870 72.7273 9.49514 22 2.08824
637579336 95.0399 0.646179 1129 1.77934
637612104 97.6885 0.292514 2639 1.91182
637644872 98.3596 0.232419 2987 2.07984
637579338 97.2553 0.494194 1093 2.77841
637612106 98.525 0.234446 2644 2.53112
637644874 99.1614 0.167024 2981 2.97601
637579460 97.444 0.256184 3795 2.55519
637612228 93.3295 0.595762 1754 2.15854
637644996 75 6.52791 44 2.74699
637579462 97.712 0.245315 3715 2.79491
637612230 95.9912 0.347154 3193 2.92718
637644998 67.8571 8.82594 28 3.30909
637579464 97.7876 0.437556 1130 2.09573
637612232 98.013 0.272797 2617 2.05274
637645000 98.5533 0.224299 2834 2.3946
637579466 97.8929 0.425557 1139 2.75045
637612234 98.7617 0.214217 2665 2.51471
637645002 99.1602 0.167247 2977 3.15196
637579588 89.8555 0.498578 3667 2.14873
637612356 90.713 0.710468 1669 2.25656
637645124 69.2308 9.05151 26 2.90476
637579590 96.8895 0.278344 3890 2.68513
637612358 96.7826 0.318118 3077 2.79742
637645126 65.5172 8.82632 29 3.06977
637579592 94.317 0.731024 1003 1.9904
637612360 98.8208 0.214027 2544 2.16102
637645128 99.1397 0.171316 2906 2.39497
637579594 98.3449 0.37654 1148 2.67561
637612362 98.513 0.233359 2690 2.43334
637645130 99.2869 0.15505 2945 2.94
637579716 95.9368 0.312683 3987 2.38511
637612484 92.2049 0.632608 1796 2.43606
637645252 62.5 8.55817 32 2.82051
637579718 97.2869 0.26895 3649 2.34999
637612486 97.9181 0.265958 2882 2.41951
637645254 91.3043 5.87534 23 2.74
637579720 90.6618 0.876103 1103 1.90783
637612488 97.0621 0.327724 2655 1.78414
637645256 98.5394 0.221107 2944 2.15134
637579722 96.5836 0.551981 1083 2.0724
637612490 99.3441 0.158548 2592 2.22558
637645258 99.6112 0.117009 2829 2.71864
637579844 97.5165 0.275924 3181 2.07387
637612612 91.7988 0.720318 1451 2.19954
637645380 70.3704 8.78772 27 2.66667
637579846 97.9592 0.250536 3185 2.49729
637612614 96.1078 0.374162 2672 2.7193
637645382 68.9655 8.59091 29 2.79487
637579848 93.2508 0.841396 889 1.46359
637612616 95.1496 0.457393 2206 1.46058
637645384 98.3991 0.248015 2561 1.67116
637579850 85.8217 1.14324 931 1.76278
637612618 96.6808 0.36953 2350 1.76422
637645386 98.6466 0.22722 2586 2.00787
637579972 98.0436 0.231536 3578 2.23061
637612740 92.9699 0.684733 1394 2.22298
637645508 81.8182 8.22304 22 2.54762
637579974 96.7123 0.281412 4015 2.43144
637612742 96.0149 0.359478 2961 2.51092
637645510 74.1935 7.85898 31 3.03636
637579976 89.7317 0.923228 1081 1.60068
637612744 98.0822 0.271333 2555 1.91227
637645512 98.9945 0.185784 2884 2.38747
637579978 89.9908 0.909462 1089 2.38301
637612746 98.9796 0.195373 2646 2.26732
637645514 99.2182 0.162374 2942 2.61355
637583428 97.3151 0.200214 6518 2.34593
637616196 92.2066 0.474253 3195 2.16301
637648964 40.625 8.68207 32 2.2
637583430 96.3869 0.234409 6338 2.3419
637616198 95.1008 0.330479 4266 2.76551
637648966 20 6.32456 40 2.72222
637583432 96.0766 0.600599 1045 2.13666
637616200 97.5507 0.289136 2858 2.18279
637648968 96.2103 0.333817 3272 2.28523
637583434 96.7257 0.529411 1130 2.31738
637616202 97.7993 0.267894 2999 2.32525
637648970 98.2949 0.223907 3343 2.85442
637583556 96.9333 0.211397 6652 2.3334
637616324 92.1246 0.453352 3530 2.64463
637649092 35.2941 6.69172 51 3.06061
637583558 96.7995 0.220465 6374 2.52229
637616326 92.9837 0.395254 4176 2.48963
637649094 26.8293 6.9196 41 3.25
637583560 96.8924 0.489817 1255 2.31197
637616328 97.6362 0.281187 2919 2.20303
637649096 97.8586 0.247933 3409 2.1854
637583562 97.0702 0.468268 1297 2.70611
637616330 97.3262 0.294916 2992 2.3598
637649098 98.0639 0.235993 3409 2.86776
637583684 88.1763 0.404339 6377 1.63912
637616452 90.0249 0.498822 3609 1.91658
637649220 44.4444 7.40741 45 2.11765
637583686 96.4665 0.230852 6396 2.63152
637616454 94.1063 0.366019 4140 2.97497
637649222 39.2157 6.83661 51 3.0625
637583688 95.5594 0.601979 1171 2.00744
637616456 97.0194 0.311196 2986 1.86373
637649224 97.2395 0.282268 3369 2.13608
637583690 96.8694 0.520818 1118 2.23039
637616458 98.5554 0.22675 2769 2.57331
637649226 98.5161 0.206233 3437 2.86957
637583812 96.4292 0.240827 5937 2.58748
637616580 91.5793 0.480724 3337 2.82569
637649348 27.2727 7.75275 33 2.53846
637583814 96.9626 0.214183 6420 2.06409
637616582 94.0193 0.363867 4247 2.4539
637649350 14.2857 6.613 28 2.5
637583816 94.1376 0.684746 1177 1.59677
637616584 97.4947 0.293575 2834 1.85604
637649352 93.1553 0.44239 3258 1.91565
637583818 97.8504 0.425277 1163 2.20097
637616586 97.4938 0.293678 2833 2.16779
637649354 97.4195 0.269976 3449 2.50814
637583940 97.7553 0.186245 6326 2.12042
637616708 90.9173 0.497529 3336 2.03542
637649476 36.1702 7.00871 47 2.84615
637583942 97.5069 0.226632 4733 2.55736
637616710 94.5764 0.426417 2821 2.88098
637649478 23.8095 9.29429 21 3.33333
637583944 94.6131 0.706531 1021 1.44118
637616712 97.4349 0.30481 2690 1.55812
637649480 97.845 0.251223 3341 1.79425
637583946 97.7893 0.530205 769 2.02371
637616714 97.9432 0.314091 2042 2.12992
637649482 96.9338 0.348587 2446 2.24877
637584068 0 0 6442 0
637616836 0 0 3464 0
637649604 0 0 48 0
637584070 95.3528 0.263315 6391 2.70748
637616838 93.5484 0.391534 3937 2.73837
637649606 47.0588 8.56008 34 3.10256
637584072 0 0 1146 0
637616840 0 0 2831 0
637649608 0 0 3535 0
637584074 96.9751 0.510862 1124 2.68138
637616842 98.0043 0.264015 2806 2.46005
637649610 97.8294 0.25302 3317 2.83508
637587524 97.3161 0.25962 3875 2.30588
637620292 92.7104 0.669224 1509 2.12676
637653060 50 8.83883 32 2.81818
637587526 97.8196 0.241107 3669 2.70895
637620294 96.5996 0.346555 2735 2.48065
637653062 63.3333 8.79815 30 2.72727
637587528 96.6015 0.528136 1177 2.05932
637620296 97.7947 0.286362 2630 2.23406
637653064 98.405 0.233288 2884 2.67777
637587530 98.3036 0.376085 1179 2.67569
637620298 98.9333 0.200503 2625 2.63536
637653066 99.0896 0.177723 2856 2.61922
637587652 97.5943 0.264066 3367 2.41092
637620420 93.1741 0.658885 1465 2.37298
637653188 64.5161 8.59348 31 2.975
637587654 97.7481 0.240079 3819 2.80325
637620422 96.6077 0.343901 2771 2.93052
637653190 65.5172 8.82632 29 2.63043
637587656 97.515 0.455684 1167 2.2799
637620424 98.5714 0.233172 2590 1.86389
637653192 99.0764 0.180299 2815 2.19186
637587658 97.9204 0.429087 1106 2.7375
637620426 98.9907 0.193266 2675 2.47571
637653194 98.9943 0.18911 2784 2.95089
637587780 94.4942 0.365007 3905 2.45219
637620548 85.6613 0.87128 1618 2.18872
637653316 68.6275 6.49739 51 2.91837
637587782 96.6255 0.278365 4208 2.41606
637620550 95.5577 0.371004 3084 2.49669
637653318 72.5 7.06001 40 2.74603
637587784 89.0158 0.926929 1138 1.99657
637620552 98.2262 0.262059 2537 2.08505
637653320 99.0822 0.179159 2833 2.37553
637587786 96.9805 0.509968 1126 2.12515
637620554 98.7796 0.211147 2704 2.22589
637653322 98.6445 0.212862 2951 2.29352
637587908 94.579 0.394046 3302 2.57488
637620676 92.332 0.74812 1265 2.76285
637653444 51.7241 9.27925 29 2.67442
637587910 95.0933 0.365907 3485 2.5674
637620678 94.8659 0.431983 2610 2.3807
637653446 60.7143 9.22962 28 2.04545
637587912 84.8089 1.13847 994 1.68227
637620680 98.1906 0.280006 2266 1.98583
637653448 99.1793 0.182755 2437 2.28903
637587914 93.2543 0.757258 1097 1.66131
637620682 98.6323 0.232942 2486 2.05252
637653450 99.0095 0.186248 2827 2.5399
637588036 0 0 0 0
637620804 0 0 0 0
637653572 0 0 0 0
637588038 92.9734 0.431971 3501 2.14682
637620806 96.0468 0.391361 2479 2.34944
637653574 60.7143 9.22962 28 2.06667
637588040 0 0 0 0
637620808 0 0 0 0
637653576 0 0 0 0
637588042 95.5495 0.621477 1101 2.22094
637620810 97.9302 0.286816 2464 1.97872
637653578 98.8814 0.203076 2682 2.39004
637588164 94.6003 0.367705 3778 2.49299
637620932 92.9177 0.631149 1652 2.8632
637653700 65.7895 7.69602 38 2.45
637588166 94.0188 0.372811 4046 2.53933
637620934 95.6887 0.380261 2853 2.62894
637653702 57.5 7.81625 40 2.6
637588168 93.161 0.728962 1199 1.53657
637620936 98.0278 0.273421 2586 1.8796
637653704 98.5604 0.217947 2987 2.04757
637588170 89.8208 0.86287 1228 2.00062
637620938 91.9337 0.522624 2715 2.17272
637653706 97.4439 0.293322 2895 2.3633
637567076 96.4789 0.322514 3266 2.70886
637599844 77.0833 2.47662 288 2.96286
637632612 61.5385 9.54113 26 2.925
637567078 96.7617 0.225247 6176 2.76531
637599846 74.1497 1.80551 588 2.90672
637632614 45.9459 8.19288 37 2.76087
637567080 96.1881 0.682569 787 2.39576
637599848 95.951 0.42768 2124 2.15526
637632616 96.0899 0.395338 2404 2.66091
637567082 93.5867 0.68936 1263 2.18538
637599850 96.6324 0.318547 3207 2.23197
637632618 96.3403 0.292323 4126 2.91464
637567204 97.0408 0.231185 5373 2.83255
637599972 71.2 2.33841 375 2.98861
637632740 30.4348 9.59439 23 2.71429
637567206 96.7086 0.219725 6593 2.47382
637599974 66.9052 1.99023 559 2.62712
637632742 37.5 8.55817 32 2.8125
637567208 95.594 0.575657 1271 2.57877
637599976 97.3247 0.282957 3252 2.54583
637632744 97.8439 0.228656 4035 2.81092
637567210 94.0891 0.671064 1235 2.67566
637599978 97.3934 0.279013 3261 2.67727
637632746 96.0533 0.30297 4130 2.86506
637567332 96.8649 0.226852 5901 2.45645
637600100 68.2028 2.23538 434 2.77074
637632868 28.5714 9.85808 21 1.85714
637567334 97.5259 0.196248 6265 3.01292
637600102 73.3888 2.015 481 3.09951
637632870 28 8.97998 25 3.23529
637567336 93.155 0.7083 1271 2.03233
637600104 97.2122 0.28502 3336 2.26748
637632872 96.9327 0.261862 4336 2.49347
637567338 94.5516 0.657129 1193 2.52303
637600106 97.7528 0.258279 3293 2.4612
637632874 97.2464 0.25104 4249 2.30881
637567460 96.5102 0.240622 5817 2.63601
637600228 67.4783 1.9536 575 2.55882
637632996 40 6.9282 50 2.84848
637567462 96.9483 0.228448 5669 2.61503
637600230 68.4783 1.97748 552 2.52472
637632998 41.1765 8.44035 34 2.65217
637567464 96.0537 0.546972 1267 2.38384
637600232 97.4992 0.274367 3239 2.27531
637633000 97.0358 0.261166 4217 2.42408
637567466 94.8518 0.617173 1282 2.54359
637600234 97.2727 0.288379 3190 2.64941
637633002 96.2445 0.305965 3861 2.56479
637567588 97.4945 0.212139 5428 2.9359
637600356 69.9454 2.3966 366 2.83791
637633124 26.087 9.15605 23 2.72727
637567590 96.9383 0.215871 6369 2.78531
637600358 78.337 1.92701 457 3.04576
637633126 41.1765 11.9365 17 2.81818
637567592 95.279 0.621375 1165 2.09365
637600360 96.9968 0.305069 3130 2.55022
637633128 96.4413 0.295366 3934 2.68472
637567594 93.5458 0.702335 1224 2.27216
637600362 96.7812 0.312007 3200 2.38415
637633130 95.1487 0.325003 4370 2.5436
637567716 97.5125 0.208344 5588 2.74061
637600484 74.6224 2.39192 331 2.90601
637633252 27.7778 10.5572 18 2.875
637567718 96.8673 0.239303 5299 2.83118
637600486 74.2092 2.15794 411 3.20717
637633254 38.8889 11.4904 18 3
637567720 95.0896 0.603268 1283 2.25221
637600488 97.3759 0.284227 3163 2.24805
637633256 96.6561 0.280872 4097 2.65436
637567722 93.6467 0.719594 1149 2.3867
637600490 96.8633 0.321856 2933 2.60826
637633258 95.4684 0.345751 3619 2.67287
637571172 97.4012 0.300187 2809 2.5347
637603940 75.5319 2.21703 376 2.92325
637636708 41.6667 10.0635 24 2.91892
637571174 96.592 0.283077 4108 2.62862
637603942 81.3953 1.87662 430 2.71222
637636710 55.5556 8.28173 36 2.84783
637571176 97.8664 0.44011 1078 2.2009
637603944 99.0909 0.184722 2640 2.45118
637636712 99.2801 0.160403 2778 2.81487
637571178 79.8982 1.16716 1179 1.92146
637603946 98.9153 0.190715 2950 2.38374
637636714 98.2721 0.228892 3241 2.47258
637571300 96.9877 0.365164 2191 2.60231
637604068 75.1055 2.80875 237 2.88153
637636836 38.4615 13.4932 13 2.85714
637571302 98.1791 0.209736 4064 2.64676
637604070 80.593 2.05325 371 2.93469
637636838 65 10.6654 20 3
637571304 98.7723 0.36788 896 2.61619
637604072 99.3554 0.171711 2172 2.63309
637636840 98.7353 0.233363 2293 2.87332
637571306 98.0268 0.39072 1267 2.19386
637604074 98.8243 0.200435 2892 2.68337
637636842 98.5643 0.217369 2995 2.57122
637571428 97.5951 0.267296 3285 2.49641
637604196 82.0513 2.04836 351 3.01732
637636964 65.3846 9.33009 26 3.02439
637571430 98.311 0.190843 4559 2.87193
637604198 76.0417 2.17815 384 2.99441
637636966 61.5385 9.54113 26 2.9697
637571432 98.3193 0.355297 1309 2.22935
637604200 99.0043 0.180879 3013 2.37169
637636968 98.9124 0.182841 3218 2.58963
637571434 98.3883 0.348849 1303 2.22761
637604202 95.4366 0.378125 3046 2.30671
637636970 98.8873 0.179503 3415 2.59606
637571556 97.423 0.272702 3376 2.70692
637604324 74.5098 2.15756 408 2.91549
637637092 63.8889 8.00538 36 2.97619
637571558 97.8713 0.225779 4087 2.26706
637604326 78.781 1.94254 443 2.72727
637637094 62.5 8.55817 32 3.02778
637571560 98.6497 0.325272 1259 2.26949
637604328 99.411 0.138421 3056 2.51669
637637096 98.94 0.178214 3302 2.67705
637571562 97.8261 0.413797 1242 2.15074
637604330 98.9701 0.184021 3010 2.40229
637637098 98.8715 0.187023 3190 2.51687
637571684 97.3962 0.30935 2650 2.71498
637604452 72.2449 2.86083 245 2.81071
637637220 69.5652 9.59439 23 3.03448
637571686 97.5305 0.255654 3685 2.59711
637604454 78.6325 2.18788 351 2.76645
637637222 57.1429 10.799 21 2.83333
637571688 95.9854 0.59295 1096 2.21627
637604456 99.2734 0.166081 2615 2.54293
637637224 99.1124 0.180369 2704 2.86995
637571690 99.0733 0.278114 1187 2.4
637604458 98.9591 0.195684 2690 2.30463
637637226 98.9073 0.189175 3020 2.63385
637571812 98.0249 0.259006 2886 2.41311
637604580 75.0943 2.65662 265 2.7785
637637348 57.1429 10.799 21 3.2
637571814 97.7469 0.260716 3240 2.607
637604582 78.2468 2.35082 308 2.79887
637637350 66.6667 9.6225 24 2.84211
637571816 98.5395 0.351622 1164 2.32436
637604584 99.1609 0.174231 2741 2.43587
637637352 99.3185 0.155811 2788 2.66825
637571818 99.0291 0.305524 1030 2.35135
637604586 99.3367 0.160336 2563 2.16026
637637354 99.2808 0.164391 2642 2.65185
637575268 96.9407 0.233791 5426 2.47323
637608036 67.1053 2.41018 380 2.57619
637640804 34.6154 9.33009 26 2.44444
637575270 97.1401 0.21247 6154 2.72125
637608038 72.5108 2.07712 462 2.53608
637640806 25.8065 7.85898 31 2.52174
637575272 93.9486 0.655781 1322 2.45525
637608040 97.1622 0.291628 3242 2.46779
637640808 97.0796 0.267168 3972 2.80121
637575274 93.9635 0.671213 1259 2.46651
637608042 96.4186 0.326511 3239 2.36217
637640810 97.2229 0.256462 4105 2.79645
637575396 96.9253 0.232165 5529 2.6333
637608164 72.4409 1.9824 508 2.68036
637640932 38.6364 7.34053 44 2.80556
637575398 97.1219 0.209104 6393 2.82934
637608166 70.0355 1.92896 564 2.95806
637640934 8.33333 7.97856 12 2.91667
637575400 95.9399 0.541184 1330 2.29727
637608168 98.0651 0.241403 3256 2.7168
637640936 97.2026 0.261775 3968 2.67053
637575402 94.6496 0.617757 1327 1.96135
637608170 97.2544 0.285408 3278 2.29256
637640938 97.1577 0.255747 4222 2.72978
637575524 97.1587 0.218694 5772 2.72487
637608292 68.8073 2.21871 436 2.87333
637641060 41.9355 8.86269 31 2.6875
637575526 97.4742 0.205674 5820 2.71888
637608294 68.1641 2.05874 512 2.67951
637641062 36.3636 10.2559 22 2.38462
637575528 94.2797 0.617147 1416 2.04805
637608296 97.4312 0.275018 3309 2.25344
637641064 97.2316 0.254558 4154 2.24143
637575530 95.6619 0.557124 1337 2.38704
637608298 97.511 0.276524 3174 2.26663
637641066 96.7683 0.286649 3806 2.50666
637575652 96.6377 0.245003 5413 2.4327
637608420 72.3356 2.13019 441 2.59429
637641188 45.4545 10.6159 22 2.5
637575654 96.327 0.270959 4819 2.34089
637608422 72.2951 1.81204 610 2.84457
637641190 36.8421 11.0665 19 3.22222
637575656 94.3918 0.64664 1266 2.55759
637608424 97.5412 0.27321 3213 2.3906
637641192 97.048 0.265475 4065 2.48949
637575658 93.9488 0.66411 1289 2.28916
637608426 96.7086 0.308619 3342 2.21415
637641194 95.4505 0.359342 3363 2.27857
637575780 97.385 0.220474 5239 2.88855
637608548 72.5714 2.38479 350 3.09383
637641316 15.7895 8.36547 19 2.8
637575782 96.8459 0.22945 5802 2.96477
637608550 70.3046 2.30191 394 2.69495
637641318 45.4545 10.6159 22 2.8125
637575784 93.4188 0.724898 1170 2.54801
637608552 97.5324 0.275929 3161 2.58362
637641320 97.2154 0.258282 4058 3.05611
637575786 92.1702 0.783703 1175 2.28091
637608554 97.7361 0.267508 3092 2.16336
637641322 96.0638 0.306924 4014 2.39876
637575908 97.2608 0.228311 5111 2.8965
637608676 79.3814 2.05387 388 3.11875
637641444 15.7895 8.36547 19 2.83333
637575910 96.9605 0.222462 5955 2.92453
637608678 71.1364 2.16021 440 2.78895
637641446 26.3158 10.1023 19 3.55556
637575912 94.4151 0.630842 1325 2.61111
637608680 97.2551 0.288559 3206 2.47301
637641448 96.1498 0.311385 3818 2.76592
637575914 94.0382 0.667578 1258 2.64828
637608682 97.1243 0.293877 3234 2.71217
637641450 95.6997 0.323598 3930 2.58728
637579364 97.5809 0.262301 3431 2.78771
637612132 78.2723 2.10999 382 2.85714
637644900 78.7879 7.11647 33 2.7
637579366 97.8573 0.229903 3967 2.59987
637612134 78.1726 2.08104 394 2.7668
637644902 61.5385 9.54113 26 2.66667
637579368 98.2229 0.375489 1238 2.0246
637612136 98.8568 0.19494 2974 2.3555
637644904 98.9237 0.186353 3066 2.47002
637579370 98.3779 0.35975 1233 2.59567
637612138 99.169 0.168926 2888 2.239
637644906 98.6324 0.212115 2998 2.69274
637579492 97.3762 0.274451 3392 2.93702
637612260 81.0811 1.85873 444 2.99659
637645028 61.5385 9.54113 26 2.92308
637579494 97.9231 0.219091 4237 2.85805
637612262 79.3651 1.92707 441 2.95956
637645030 62.5 9.88212 24 3.25641
637579496 99.0678 0.279757 1180 2.14574
637612264 98.9474 0.191169 2850 2.26052
637645032 98.3349 0.226806 3183 2.08485
637579498 98.9674 0.2849 1259 2.09989
637612266 99.0183 0.181404 2954 2.31954
637645034 99.0079 0.180225 3024 2.63329
637579620 97.3069 0.278487 3379 2.49052
637612388 78.5203 2.00631 419 2.73674
637645156 77.7778 9.79908 18 2.91489
637579622 97.908 0.216991 4350 2.87141
637612390 78.0362 2.10449 387 2.93524
637645158 65.5172 8.82632 29 2.92857
637579624 98.8353 0.309468 1202 2.0857
637612392 98.9803 0.182214 3040 1.95907
637645160 98.6765 0.200489 3249 2.4023
637579626 98.1604 0.364518 1359 2.53805
637612394 99.0903 0.17113 3078 2.48653
637645162 98.9278 0.182895 3171 2.93571
637579748 98.3319 0.213541 3597 2.39019
637612516 79.6247 2.08556 373 2.99792
637645284 59.375 8.68207 32 3.17778
637579750 0 0 4085 0
637612518 0 0 360 0
637645286 0 0 22 0
637579752 98.7431 0.312237 1273 2.17596
637612520 99.4223 0.135763 3116 2.31679
637645288 99.0444 0.170811 3244 2.68868
637579754 47.4763 1.40235 1268 1.73903
637612522 99.1228 0.171276 2964 2.51774
637645290 98.912 0.182897 3217 2.75266
637579876 97.8542 0.267426 2936 2.87158
637612644 83.0247 2.08564 324 2.92344
637645412 66.6667 11.1111 18 2.77778
637579878 98.4944 0.201483 3653 2.67993
637612646 77.6435 2.29003 331 2.89688
637645414 73.913 9.15605 23 3.14634
637579880 98.8812 0.308548 1162 2.33006
637612648 99.4549 0.14035 2752 2.4942
637645416 99.2372 0.165821 2753 2.78983
637579882 97.9967 0.404813 1198 2.44451
637612650 99.2155 0.170511 2677 2.5212
637645418 98.7646 0.207533 2833 2.63665
637580004 97.2498 0.319625 2618 2.60192
637612772 82.2404 1.99764 366 2.9589
637645540 75 9.68246 20 3.15625
637580006 97.7919 0.225222 4257 2.90071
637612774 83.1492 1.96737 362 3.01145
637645542 54.1667 10.1707 24 3.0303
637580008 98.6667 0.341962 1125 2.37642
637612776 99.2939 0.161408 2691 3.07097
637645544 99.2397 0.165283 2762 2.94374
637580010 97.9688 0.394294 1280 2.71266
637612778 99.0503 0.17256 3159 2.80528
637645546 98.959 0.175051 3362 2.86869
637583460 96.8761 0.235126 5474 2.58917
637616228 68.4564 2.19791 447 2.59243
637648996 36 9.6 25 2.27273
637583462 96.6229 0.228528 6248 2.21316
637616230 64.9378 2.17343 482 2.48406
637648998 31.25 8.19382 32 2.57143
637583464 96.3696 0.537272 1212 2.04982
637616232 97.6167 0.275598 3063 2.39616
637649000 97.1928 0.259201 4061 2.42058
637583466 94.0031 0.6626 1284 2.36207
637616234 97.7943 0.25886 3219 2.46758
637649002 96.1452 0.304584 3995 2.60702
637583588 97.3897 0.208945 5823 2.66353
637616356 68.9805 2.15442 461 3.018
637649124 28 8.97998 25 3.12
637583590 96.7793 0.221834 6334 2.63846
637616358 69.2446 1.95711 556 2.49834
637649126 35.4839 8.59347 31 3.15
637583592 95.072 0.595989 1319 2.09978
637616360 97.4515 0.274503 3296 2.2526
637649128 96.5847 0.280685 4187 2.37008
637583594 95.5556 0.570468 1305 2.28401
637616362 97.6601 0.265246 3248 2.35719
637649130 96.9847 0.268847 4046 2.57607
637583716 96.3117 0.248015 5775 2.49625
637616484 69.112 2.03005 518 2.56044
637649252 37.931 9.01022 29 2.55172
637583718 97.094 0.213433 6194 2.69957
637616486 72.0217 1.90716 554 2.35426
637649254 46.6667 9.1084 30 2.72414
637583720 95.4006 0.570534 1348 2.40434
637616488 97.4787 0.273234 3292 2.51494
637649256 97.364 0.246874 4211 2.49459
637583722 50.6073 1.42267 1235 2.17544
637616490 54.0709 0.878482 3218 2.34109
637649258 60.5447 0.758785 4149 2.19865
637583844 97.4787 0.213458 5394 2.83439
637616612 68.4932 2.43153 365 2.89141
637649380 36 9.6 25 3
637583846 96.7653 0.224997 6183 2.59117
637616614 69.2308 2.02398 520 2.68687
637649382 29.6296 8.78772 27 2.46667
637583848 93.9173 0.680676 1233 2.26183
637616616 97.1971 0.286544 3318 2.20335
637649384 96.9651 0.272811 3954 2.62674
637583850 92.429 0.742883 1268 2.01632
637616618 96.6415 0.31338 3305 2.46717
637649386 96.2859 0.289025 4281 2.83953
637583972 97.2434 0.223443 5369 2.70961
637616740 75.9615 2.41921 312 2.98072
637649508 34.7826 9.93113 23 2.8125
637583974 97.1506 0.231641 5159 2.95956
637616742 71.2468 2.28312 393 3.09302
637649510 16.6667 8.7841 18 2.75
637583976 92.7637 0.765006 1147 2.26882
637616744 97.127 0.293609 3237 2.42222
637649512 95.9159 0.307679 4138 2.62061
637583978 91.4688 0.828442 1137 2.48788
637616746 97.0332 0.304686 3101 2.68293
637649514 96.5561 0.291253 3920 2.84696
637584100 96.2775 0.255108 5507 2.46701
637616868 74.6331 1.99223 477 2.67055
637649636 46.3415 7.78776 41 2.86111
637584102 96.7166 0.232434 5878 2.76626
637616870 74.4361 1.89125 532 3.04952
637649638 45.4545 8.66784 33 3.39286
637584104 95.4136 0.598664 1221 2.17587
637616872 97.3635 0.282171 3224 2.30629
637649640 96.5269 0.283369 4175 2.68209
637584106 93.3077 0.693067 1300 2.02981
637616874 96.829 0.313608 3122 2.22195
637649642 95.7515 0.316073 4072 2.36716
637587556 96.7447 0.339399 2734 2.66306
637620324 73.7374 2.55349 297 2.72753
637653092 47.8261 10.4159 23 2.2963
637587558 97.5985 0.247345 3831 2.41376
637620326 81.1275 1.93718 408 2.60417
637653094 65.625 8.39617 32 2.72093
637587560 98.7972 0.319509 1164 2.17351
637620328 99.19 0.171995 2716 2.14483
637653096 98.6937 0.21052 2909 2.38226
637587562 98.0284 0.390415 1268 2.81472
637620330 99.1444 0.170382 2922 2.65276
637653098 98.7781 0.196998 3110 2.75937
637587684 97.5561 0.2806 3028 2.76274
637620452 74.7126 2.33002 348 2.85383
637653220 66.6667 13.6083 12 2.84848
637587686 97.5123 0.250721 3859 2.63552
637620454 80 1.98762 405 2.80148
637653222 79.3103 7.52216 29 3.08929
637587688 98.6593 0.322979 1268 2.25205
637620456 99.1944 0.163787 2979 2.25444
637653224 99.0607 0.176672 2981 2.45961
637587690 98.5949 0.328862 1281 2.3323
637620458 98.6232 0.213529 2978 2.21399
637653226 98.7413 0.202898 3019 2.58673
637587812 97.2002 0.28778 3286 2.64562
637620580 75.7576 1.92619 495 2.80104
637653348 53.3333 9.1084 30 2.96825
637587814 97.6661 0.232991 4199 2.56734
637620582 82.2857 1.66627 525 2.90131
637653350 53.8462 9.77675 26 3.07692
637587816 98.5185 0.346592 1215 2.09448
637620584 98.6606 0.207778 3061 2.23818
637653352 98.7036 0.196406 3317 2.71468
637587818 98.2456 0.370741 1254 2.62415
637620586 98.6157 0.21212 3034 2.46218
637653354 98.5272 0.208845 3327 2.66968
637587940 97.6837 0.273631 3022 2.74336
637620708 78.6082 2.08181 388 2.79747
637653476 77.7778 8.00091 27 2.95
637587942 0 0 3649 0
637620710 0 0 392 0
637653478 0 0 22 0
637587944 98.7245 0.327228 1176 2.24959
637620712 99.1092 0.170669 3031 2.27373
637653480 99.1063 0.171231 3021 2.7043
637587946 98.7234 0.327505 1175 2.1347
637620714 99.429 0.138102 2977 2.34577
637653482 99.0317 0.178933 2995 2.61635
637588068 97.3396 0.307201 2744 2.59808
637620836 77.8481 2.33607 316 2.75584
637653604 75 9.68246 20 3.02083
637588070 98.2637 0.224078 3398 2.52431
637620838 71.2598 2.83955 254 2.98418
637653606 68.75 11.5878 16 2.88
637588072 95.0166 0.627118 1204 1.66977
637620840 98.9789 0.185473 2938 2.01377
637653608 98.908 0.189051 3022 2.54227
637588074 98.0017 0.412483 1151 2.63075
637620842 99.1326 0.176281 2767 2.33869
637653610 98.7683 0.201238 3004 2.57416
637588196 97.0516 0.296451 3256 2.35498
637620964 83.2215 1.76742 447 2.75836
637653732 57.5758 8.6034 33 2.96491
637588198 97.8052 0.230083 4055 2.59686
637620966 79.0588 1.9737 425 2.54422
637653734 50 8.83883 32 2.78846
637588200 98.1761 0.376835 1261 2.39654
637620968 98.8084 0.194732 3105 2.28268
637653736 98.9474 0.182273 3135 2.73388
637588202 98.8581 0.303445 1226 2.30553
637620970 99.3709 0.14388 3020 2.32556
637653738 98.7812 0.189179 3364 2.75785
