637566980 99.1062 0.177962 2797 2.77158
637599748 98.8688 0.151669 4862 2.80617
637632516 97.4183 0.185844 7282 3.18748
637566982 98.9149 0.193821 2857 2.77492
637599750 98.6501 0.167598 4741 2.67189
637632518 96.6585 0.204132 7751 2.50884
637566984 95.6989 2.10378 93 2.11765
637599752 98.1132 0.518342 689 2.44673
637632520 98.6979 0.409065 768 2.78672
637566986 100 0 75 2.70833
637599754 99.0398 0.361182 729 2.49474
637632522 98.5294 0.440127 748 2.86345
637567108 99.0857 0.185773 2625 2.72794
637599876 98.6629 0.168669 4637 2.83871
637632644 97.8436 0.174162 6956 3.12477
637567110 99.6182 0.1149 2881 2.73282
637599878 99.1136 0.134577 4851 2.76796
637632646 98.5323 0.132996 8176 3.13213
637567112 97.7528 1.57105 89 2.2
637599880 98.9071 0.38428 732 2.70511
637632648 98.8338 0.409896 686 3.0407
637567114 95.8904 2.32341 73 2.61017
637599882 97.7337 0.560115 706 2.6299
637632650 98.7738 0.406206 734 2.71162
637567236 98.7383 0.211919 2774 2.79723
637600004 98.9204 0.150355 4724 3.10151
637632772 98.1738 0.15931 7064 3.27119
637567238 97.7912 0.294532 2490 2.28611
637600006 97.1402 0.255187 4266 2.32218
637632774 96.7471 0.210064 7132 2.26772
637567240 98.9899 1.00499 99 2.01389
637600008 98.9766 0.384822 684 2.49202
637632776 98.6486 0.424437 740 2.61383
637567242 97.1963 1.59588 107 2.82822
637600010 98.3631 0.489489 672 2.73441
637632778 98.9744 0.360754 780 2.87363
637567364 99.2546 0.166062 2683 2.83322
637600132 98.7836 0.158752 4768 3.02721
637632900 97.8137 0.174812 6998 3.06934
637567366 98.3994 0.244995 2624 3.02191
637600134 98.2403 0.201401 4262 3.14691
637632902 96.4281 0.212285 7643 2.9887
637567368 96.4286 1.75354 112 2.16993
637600136 97.8632 0.545781 702 2.09268
637632904 98.5806 0.424903 775 2.41615
637567370 97.9592 1.42827 98 2.22368
637600138 98.5163 0.465687 674 2.44472
637632906 98.8079 0.394975 755 2.80233
637567492 98.7468 0.213575 2713 2.52499
637600260 98.7463 0.162194 4706 2.81534
637633028 97.9206 0.171474 6925 2.80518
637567494 51.1628 0.9455 2795 2.24914
637600262 99.1035 0.134545 4908 2.91565
637633030 97.7182 0.16674 8020 3.39005
637567496 97.2477 1.56702 109 1.94776
637600264 98.1758 0.544981 603 1.9425
637633032 98.9971 0.377142 698 2.27933
637567498 0 0 117 0
637600266 0 0 676 0
637633034 0 0 713 0
637567620 99.0417 0.187045 2713 2.61667
637600388 98.5174 0.177155 4654 2.69905
637633156 97.0445 0.199964 7173 2.74391
637567622 98.9796 0.195373 2646 2.7335
637600390 98.6194 0.176998 4346 2.83736
637633158 97.4948 0.184374 7185 2.88735
637567624 95.7447 2.0819 94 1.31405
637600392 96.8454 0.694169 634 2.2047
637633160 96.2912 0.700396 728 2.61771
637567626 93.5897 2.77335 78 2.05556
637600394 97.1963 0.603188 749 2.21801
637633162 98.7688 0.407862 731 2.35637
637571076 99.048 0.1934 2521 2.67607
637603844 98.9744 0.165526 3705 2.86056
637636612 98.101 0.190973 5108 3.08674
637571078 98.96 0.202897 2500 2.69691
637603846 99.0051 0.162743 3719 2.84553
637636614 98.2919 0.168505 5913 2.93966
637571080 98.8636 1.12989 88 2.66116
637603848 98.1503 0.458131 865 2.5005
637636616 99.5652 0.216918 920 2.8509
637571082 95.0617 2.4074 81 2.51562
637603850 98.8134 0.355651 927 2.41122
637636618 99.7745 0.159258 887 2.79745
637571204 99.6735 0.115258 2450 3.10857
637603972 99.3245 0.143523 3257 3.43101
637636740 97.6659 0.221965 4627 3.51448
637571206 98.869 0.208839 2564 2.68629
637603974 99.0956 0.164377 3317 2.82859
637636742 97.2447 0.210255 6061 3.00233
637571208 96.875 1.7758 96 2.56154
637603976 98.0176 0.462597 908 2.7178
637636744 99.1926 0.303927 867 2.85982
637571210 96.1039 2.20516 77 2.91071
637603978 98.2143 0.429215 952 2.98996
637636746 98.8038 0.375993 836 3.01147
637571332 98.5056 0.247198 2409 2.69129
637604100 99.1252 0.161736 3315 2.98546
637636868 98.1306 0.203263 4440 3.20388
637571334 99.0177 0.195497 2545 3.05961
637604102 99.2108 0.148551 3548 3.35783
637636870 97.6922 0.187499 6413 3.94976
637571336 96.1538 2.17746 78 1.65487
637604104 99.0868 0.321403 876 2.74695
637636872 99.3039 0.283173 862 2.86106
637571338 97.9798 1.414 99 1.6383
637604106 98.0533 0.44224 976 2.3393
637636874 98.3815 0.429047 865 2.22474
637571460 99.109 0.189124 2469 2.56962
637604228 99.0942 0.164625 3312 2.64649
637636996 97.7264 0.212383 4926 2.8376
637571462 99.2373 0.174318 2491 2.47676
637604230 98.3927 0.213058 3484 2.47152
637636998 98.0757 0.172533 6340 2.48529
637571464 98.9796 1.01519 98 2.26316
637604232 97.9641 0.488733 835 2.62408
637637000 99.3289 0.273071 894 2.7931
637571466 98 1.4 100 2.46429
637604234 98.8962 0.347106 906 2.62548
637637002 99.2341 0.288359 914 2.61092
637571588 99.2794 0.174151 2359 2.1719
637604356 98.2087 0.235132 3182 2.19011
637637124 96.9422 0.256289 4513 2.49397
637571590 99.0574 0.200011 2334 2.40181
637604358 98.9802 0.176613 3236 2.68501
637637126 98.2512 0.178795 5375 2.89159
637571592 98.913 1.08103 92 2.13571
637604360 98.7872 0.363445 907 2.01155
637637128 99.0333 0.320673 931 2.4326
637571594 81.6901 4.58985 71 1.40789
637604362 97.1047 0.559539 898 2.04907
637637130 98.603 0.400445 859 2.28505
637571716 99.0885 0.197988 2304 2.58299
637604484 99.2017 0.155929 3257 2.81915
637637252 97.8851 0.210299 4681 3.02091
637571718 98.9596 0.206988 2403 2.75607
637604486 98.7926 0.192173 3230 2.95269
637637254 97.6845 0.197702 5787 3.12889
637571720 50 5.59017 80 1.96491
637604488 54.9451 1.64936 910 2.00173
637637256 96.5739 0.595193 934 2.45668
637571722 95.5556 2.17228 90 2.30952
637604490 99.1218 0.309109 911 2.3128
637637258 98.4127 0.420844 882 2.53853
637575172 99.1935 0.171241 2728 2.74333
637607940 99.0223 0.14837 4398 2.86539
637640708 97.2936 0.200655 6540 2.90197
637575174 99.3111 0.1575 2758 2.55239
637607942 99.0428 0.142013 4701 2.74766
637640710 98.2883 0.148832 7595 2.98479
637575176 98.9362 1.05816 94 2.26471
637607944 98.2063 0.513138 669 2.43229
637640712 98.2353 0.504912 680 2.67788
637575178 97.1154 1.64124 104 2.38571
637607946 98.3108 0.432447 888 2.38484
637640714 98.5507 0.433795 759 2.60762
637575300 99.395 0.146285 2810 2.67848
637608068 98.7797 0.15925 4753 3.07464
637640836 97.931 0.170621 6960 2.90654
637575302 99.0942 0.180337 2760 2.76286
637608070 98.8124 0.155004 4884 2.78336
637640838 97.82 0.164882 7844 2.94081
637575304 96.6292 1.91304 89 2.53077
637608072 98.399 0.440465 812 2.86819
637640840 99.1139 0.333418 790 3.1582
637575306 99 0.994987 100 2.34899
637608074 98.3355 0.4578 781 2.83168
637640842 98.4944 0.431359 797 3.10029
637575428 98.5215 0.229196 2773 3.1524
637608196 98.898 0.153457 4628 3.10678
637640964 97.3717 0.187663 7267 3.34566
637575430 99.5247 0.131516 2735 2.78634
637608198 99.0298 0.147237 4432 3.45546
637640966 98.0885 0.156677 7638 3.77837
637575432 97.7528 1.57105 89 2.00826
637608200 97.8788 0.560873 660 2.42875
637640968 98.941 0.39814 661 2.82258
637575434 96.6292 1.91304 89 2.18657
637608202 99 0.37607 700 2.34293
637640970 98.9501 0.369231 762 2.57805
637575556 98.6402 0.222024 2721 2.60278
637608324 98.7792 0.159317 4751 2.69982
637641092 97.2375 0.19974 6733 2.97341
637575558 92.5666 0.694641 1426 2.03337
637608326 97.9131 0.294999 2348 2.45342
637641094 90.1052 0.503492 3517 2.30403
637575560 95.3704 2.02194 108 2.25373
637608328 99.1643 0.339727 718 2.45116
637641096 98.5677 0.428749 768 2.78645
637575562 98.1132 1.32152 106 2.43151
637608330 98.2432 0.482938 740 2.34656
637641098 98.8593 0.378053 789 2.7007
637575684 99.1164 0.183427 2603 2.63266
637608452 99.1323 0.136595 4610 2.85586
637641220 98.2761 0.157994 6787 3.05992
637575686 99.0758 0.183986 2705 2.95926
637608454 98.6481 0.169172 4660 2.91709
637641222 97.7874 0.168804 7593 3.0573
637575688 99.0991 0.896833 111 2.32727
637608456 98.3075 0.484438 709 2.03283
637641224 98.6842 0.413343 760 2.44142
637575690 96.6667 1.89215 90 2.09677
637608458 98.3287 0.478417 718 2.15513
637641226 98.9041 0.385327 730 2.55567
637575812 99.1315 0.188695 2418 2.4398
637608580 98.5872 0.181094 4247 2.83966
637641348 97.098 0.210238 6375 2.98985
637575814 99.2717 0.162266 2746 2.47456
637608582 99.2515 0.126046 4676 2.70036
637641350 98.4734 0.142511 7402 3.08311
637575816 99.0566 0.938937 106 2.18243
637608584 98.7074 0.387206 851 2.1328
637641352 99.2386 0.309663 788 2.56863
637575818 92.7083 2.65361 96 2.09302
637608586 95.6688 0.726532 785 1.51429
637641354 94.5504 0.837849 734 1.57314
637579268 99.1322 0.184222 2535 2.74446
637612036 99.3441 0.139386 3354 2.74023
637644804 97.7652 0.203422 5280 3.12806
637579270 98.8907 0.212295 2434 3.01862
637612038 94.2382 0.401579 3367 2.06531
637644806 97.3866 0.204531 6084 3.73768
637579272 93.4783 2.5742 92 2.40909
637612040 98.9316 0.336041 936 2.58127
637644808 99.2593 0.278935 945 2.69957
637579274 96.7033 1.87172 91 2.49306
637612042 99.4975 0.224166 995 2.32632
637644810 77.7251 1.43224 844 1.92043
637579396 99.3472 0.162665 2451 2.90339
637612164 98.8614 0.179005 3513 2.98306
637644932 97.5719 0.219863 4901 2.97633
637579398 99.0234 0.194356 2560 2.87431
637612166 98.5256 0.204932 3459 3.39894
637644934 97.8862 0.185581 6008 3.77826
637579400 0 0 90 0
637612168 99.1444 0.301208 935 2.83945
637644936 99.3318 0.271859 898 2.65453
637579402 99.0654 0.930201 107 2.32895
637612170 98.7052 0.356786 1004 2.31103
637644938 98.9955 0.333135 896 2.66122
637579524 99.0841 0.194375 2402 2.63816
637612292 99.0994 0.161029 3442 2.82166
637645060 98.2077 0.189336 4910 3.02727
637579526 98.7286 0.223313 2517 2.91379
637612294 98.4776 0.205591 3547 2.72923
637645062 97.3244 0.198964 6578 2.95074
637579528 95.3271 2.04037 107 2.35417
637612296 98.0435 0.456623 920 2.57062
637645064 99.3888 0.272521 818 2.87835
637579530 96.9388 1.74014 98 2.14094
637612298 98.836 0.348917 945 2.35108
637645066 98.7571 0.372423 885 2.66637
637579652 99.3413 0.164134 2429 2.33503
637612420 99.1299 0.158159 3448 2.80458
637645188 97.9093 0.200936 5070 3.05288
637579654 98.8487 0.216322 2432 2.54404
637612422 98.3452 0.219301 3384 2.85203
637645190 97.1577 0.214877 5981 2.89181
637579656 97.6744 1.6252 86 1.76562
637612424 98.8127 0.393422 758 1.94097
637645192 99.4709 0.263849 756 2.34852
637579658 96.2264 1.85085 106 2.14375
637612426 98.2863 0.412059 992 2.38933
637645194 98.2418 0.435679 910 2.80633
637579780 98.696 0.240555 2224 2.19883
637612548 98.929 0.188303 2988 2.35718
637645316 97.9468 0.213018 4432 2.41434
637579782 98.4361 0.262271 2238 2.52866
637612550 99.1806 0.166571 2929 2.58025
637645318 97.7123 0.202264 5464 2.57572
637579784 90.7216 2.94581 97 1.30081
637612552 97.8818 0.480768 897 1.92384
637645320 98.913 0.341853 920 2.31211
637579786 98.0198 1.38628 101 2.14504
637612554 98.587 0.389129 920 2.07536
637645322 98.481 0.435151 790 2.16172
637579908 98.8534 0.215442 2442 2.7408
637612676 99.1998 0.150623 3499 2.82435
637645444 98.1156 0.197855 4723 2.68455
637579910 98.8854 0.209472 2512 2.74415
637612678 99.0896 0.1602 3515 3.01653
637645446 97.3367 0.202722 6308 2.90978
637579912 97.619 1.66343 84 1.71538
637612680 97.2399 0.533775 942 2.20091
637645448 96.6268 0.595544 919 2.01349
637579914 96.5517 1.69415 116 2.31788
637612682 99.1878 0.285982 985 2.10469
637645450 99.1794 0.308894 853 2.39503
637583364 99.2639 0.163991 2717 2.80623
637616132 99.1236 0.136276 4678 3.06202
637648900 97.9545 0.168702 7040 3.39762
637583366 99.1812 0.17003 2809 2.68277
637616134 98.6234 0.170891 4649 2.74756
637648902 97.0088 0.193425 7756 2.90932
637583368 93.1035 3.32725 58 2.23529
637616136 98.8391 0.43621 603 2.64345
637648904 99.1163 0.359152 679 2.84994
637583370 97.8947 1.47289 95 2.60811
637616138 99.0854 0.371686 656 2.58302
637648906 99.5856 0.238738 724 2.68306
637583492 99.5477 0.12517 2874 2.94191
637616260 99.0451 0.140126 4817 3.04096
637649028 98.2062 0.155913 7247 3.23617
637583494 99.3303 0.15313 2837 2.78199
637616262 89.4573 0.44285 4809 1.87689
637649030 90.5264 0.330234 7864 2.03032
637583496 93.0233 2.74709 86 1.82883
637616264 98.4932 0.450896 730 2.53837
637649032 99.115 0.332999 791 2.77943
637583498 95.5224 2.52661 67 2.92453
637616266 98.646 0.508275 517 2.89739
637649034 98.7784 0.458907 573 3.1467
637583620 98.7059 0.223815 2550 2.74557
637616388 98.5283 0.191818 3941 2.89384
637649156 97.8401 0.194226 5602 3.06037
637583622 98.0648 0.265761 2687 2.4308
637616390 98.8169 0.155771 4818 3.19965
637649158 96.497 0.206385 7936 2.88169
637583624 97.3684 1.83616 76 2.31858
637616392 99.2948 0.314269 709 2.40071
637649160 99.5 0.249374 800 2.70049
637583626 99.0741 0.92163 108 2.67742
637616394 98.6647 0.442122 674 2.76063
637649162 98.4944 0.431359 797 2.91823
637583748 99.3127 0.161437 2619 2.37379
637616516 98.5217 0.181998 4397 2.88327
637649284 97.6457 0.182782 6881 2.98907
637583750 96.2695 0.360659 2761 1.91116
637616518 98.5492 0.174657 4687 2.57223
637649286 96.2958 0.210919 8018 2.61083
637583752 97.1831 1.9636 71 1.86364
637616520 95.0495 0.815811 707 1.56463
637649288 95.3608 0.755048 776 1.75689
637583754 98.2456 1.22961 114 2.21656
637616522 98.5294 0.461609 680 1.98297
637649290 99.2084 0.32187 758 2.46469
637583876 97.2608 0.316179 2665 1.99123
637616644 97.072 0.246464 4679 2.15768
637649412 95.3331 0.252758 6964 2.1371
637583878 99.0008 0.194984 2602 2.18472
637616646 0 0 4391 0
637649414 97.286 0.198977 6669 3.10445
637583880 97.6744 1.6252 86 2.34646
637616648 99.0826 0.372817 654 1.75525
637649416 99.2157 0.318937 765 2.19136
637583882 96.0396 1.94059 101 2.0979
637616650 97.0492 0.685176 610 2.05767
637649418 99.5448 0.262232 659 2.38636
637584004 99.0615 0.17976 2877 2.56623
637616772 98.7419 0.161398 4769 2.85255
637649540 97.4908 0.186223 7054 3.14546
637584006 0 0 2921 0
637616774 0 0 4749 0
637649542 0 0 7430 0
637584008 97.9798 1.414 99 1.54098
637616776 98.4756 0.478366 656 2.4433
637649544 99.0279 0.341999 823 2.76923
637584010 96.6292 1.91304 89 2
637616778 98.3533 0.492396 668 1.97862
637649546 99.3464 0.29134 765 2.25076
637587460 99.0639 0.194275 2457 2.91038
637620228 99.0638 0.162202 3525 2.90295
637652996 97.9788 0.201078 4898 3.19287
637587462 98.7614 0.22474 2422 2.88599
637620230 83.7051 0.650033 3228 3.08623
637652998 97.5941 0.202322 5736 3.23136
637587464 96.5909 1.9344 88 2.53448
637620232 98.9341 0.319661 1032 2.56518
637653000 99.373 0.255151 957 2.73147
637587466 97.7012 1.60674 87 2.31783
637620234 98.2774 0.391767 1103 2.30808
637653002 99.1257 0.307763 915 2.70354
637587588 98.987 0.201564 2468 2.92485
637620356 98.9731 0.175202 3311 3.07666
637653124 97.2042 0.242694 4614 3.27618
637587590 98.8884 0.212729 2429 3.06031
637620358 98.8293 0.188793 3246 3.2204
637653126 97.9725 0.184744 5820 3.44214
637587592 97.8261 1.52039 92 2.28889
637620360 99.0161 0.295194 1118 2.47984
637653128 98.8688 0.355695 884 2.49326
637587594 100 0 101 2.21477
637620362 98.1445 0.421706 1024 2.38535
637653130 99.8871 0.112803 886 2.37736
637587716 98.9226 0.206228 2506 2.67183
637620484 98.7682 0.184554 3572 2.64018
637653252 97.2767 0.233786 4847 2.81706
637587718 98.7476 0.220013 2555 2.74536
637620486 98.9238 0.171394 3624 2.61227
637653254 97.2132 0.210124 6136 2.9799
637587720 98.1982 1.26254 111 2.37419
637620488 99.3378 0.249477 1057 2.69008
637653256 99.4715 0.235746 946 2.98307
637587722 98.8764 1.11727 89 2.60606
637620490 98.8024 0.343643 1002 2.56436
637653258 99.3933 0.246921 989 2.74562
637587844 98.6301 0.236824 2409 2.17257
637620612 98.9028 0.184437 3190 2.45135
637653380 97.6749 0.221115 4645 2.66823
637587846 98.5206 0.241408 2501 2.26943
637620614 98.86 0.188908 3158 2.64502
637653382 97.3732 0.215261 5520 2.69305
637587848 96.0396 1.94059 101 1.83594
637620616 99.2153 0.260523 1147 2.11562
637653384 99.1761 0.290087 971 2.49706
637587850 98.0392 1.37282 102 2.47761
637620618 98.426 0.403188 953 1.9916
637653386 99.2 0.30116 875 2.44809
637587972 98.8336 0.22742 2229 2.49124
637620740 99.1943 0.157373 3227 2.97451
637653508 96.89 0.268494 4180 3.25738
637587974 98.8899 0.225334 2162 2.48348
637620742 98.9824 0.176234 3243 2.60218
637653510 97.0174 0.232978 5331 2.69802
637587976 92.2078 3.0547 77 1.625
637620744 96.7339 0.550907 1041 1.88225
637653512 96.0177 0.650367 904 2.20273
637587978 91.358 3.12203 81 1.61
637620746 98.3235 0.403195 1014 1.92011
637653514 99.1272 0.328452 802 2.25778
637588100 99.0673 0.193569 2466 2.69166
637620868 98.637 0.199584 3375 2.71725
637653636 97.8031 0.213042 4734 2.90602
637588102 98.407 0.24986 2511 2.74793
637620870 98.1306 0.226241 3584 2.87407
637653638 97.2021 0.2141 5933 2.96986
637588104 98.9247 1.06947 93 2.45113
637620872 98.6111 0.356111 1080 2.00976
637653640 99.1862 0.286561 983 2.35855
637588106 98.8764 1.11727 89 2.2517
637620874 98.8981 0.316342 1089 2.59984
637653642 98.8975 0.346725 907 2.5815
637567012 96.513 0.315358 3384 3.03965
637599780 96.857 0.237941 5377 3.16005
637632548 98.1946 0.188582 4985 3.75636
637567014 95.6117 0.355123 3327 2.24308
637599782 90.7265 0.391902 5478 1.75961
637632550 96.3668 0.27517 4624 2.02451
637567016 74.026 4.99708 77 2.52475
637599784 96.9456 0.425305 1637 2.37659
637632552 96.8815 0.39627 1924 2.44485
637567018 70.5882 4.51156 102 1.74219
637599786 97.5478 0.378237 1672 2.19153
637632554 96.4194 0.420228 1955 2.30404
637567140 97.3247 0.282957 3252 2.83094
637599908 96.6385 0.249799 5206 2.90854
637632676 98.1599 0.195456 4728 3.5311
637567142 96.9312 0.296263 3389 2.27002
637599910 96.1319 0.257455 5610 2.59353
637632678 98.3221 0.183734 4887 2.73164
637567144 83.3333 4.58735 66 2.17476
637599912 96.9968 0.431433 1565 2.36758
637632680 97.1326 0.377637 1953 2.78774
637567146 75 4.51447 92 2.10377
637599914 96.7967 0.424953 1717 2.27644
637632682 97.0468 0.382 1964 2.42821
637567268 96.9572 0.295223 3385 2.70633
637600036 96.7323 0.242257 5386 2.92584
637632804 98.1982 0.188208 4995 3.08451
637567270 96.9923 0.294746 3358 2.53037
637600038 96.5998 0.247042 5382 2.74088
637632806 98.4561 0.178086 4793 2.96493
637567272 67.1429 5.61391 70 2.34328
637600040 96.9358 0.418371 1697 1.8241
637632808 95.6414 0.454389 2019 1.88418
637567274 67.1875 5.86913 64 1.65116
637600042 97.4239 0.383329 1708 2.42419
637632810 97.0494 0.391951 1864 2.6926
637567396 97.5347 0.272214 3245 2.81514
637600164 95.7728 0.274574 5370 3.01538
637632932 98.3385 0.184209 4815 3.58537
637567398 97.598 0.287763 2831 2.18832
637600166 97.263 0.241434 4567 2.67551
637632934 98.3911 0.189397 4413 2.88778
637567400 81.1765 4.23991 85 2.125
637600168 96.7027 0.425763 1759 1.98548
637632936 95.9916 0.45049 1896 2.30769
637567402 66.1538 5.86915 65 1.68116
637600170 96.9283 0.45081 1465 1.96029
637632938 96.6168 0.461163 1537 2.61155
637567524 97.4288 0.278579 3228 2.51776
637600292 97.2033 0.229773 5149 2.79506
637633060 98.1167 0.195553 4832 3.18586
637567526 98.3484 0.224984 3209 2.26204
637600294 97.0247 0.228852 5512 2.65844
637633062 98.1593 0.190135 4998 2.81234
637567528 81.8182 4.3954 77 1.6044
637600296 96.1226 0.482792 1599 1.85091
637633064 97.8791 0.331767 1886 2.08904
637567530 76.5306 4.2811 98 1.79688
637600298 96.9191 0.437782 1558 2.00251
637633066 96.9697 0.388488 1947 2.29063
637567652 97.1098 0.292209 3287 2.67532
637600420 96.1761 0.266504 5178 2.99949
637633188 97.9398 0.203883 4854 3.32035
637567654 97.391 0.279266 3258 2.20557
637600422 96.6612 0.257112 4882 2.55255
637633190 98.432 0.190052 4273 2.85336
637567656 86.2069 3.69694 87 2.5
637600424 96.9856 0.437701 1526 2.2491
637633192 96.7501 0.409285 1877 2.52238
637567658 73.1481 4.26459 108 1.84874
637600426 96.5347 0.454982 1616 2.37811
637633194 94.8305 0.522017 1799 2.43921
637571108 98.5142 0.217434 3096 2.8486
637603876 98.5455 0.184865 4194 2.86728
637636644 97.9763 0.312833 2026 3.29006
637571110 98.6224 0.206243 3194 2.39519
637603878 98.3496 0.201468 3999 2.7218
637636646 97.8202 0.340885 1835 2.62476
637571112 98.5611 0.71423 278 2.06608
637603880 98.9098 0.255569 1651 2.26216
637636648 98.9057 0.23749 1919 2.35897
637571114 98.6799 0.655694 303 2.23418
637603882 99.1725 0.228555 1571 1.97787
637636650 98.5722 0.278006 1821 2.17489
637571236 98.2137 0.243168 2967 2.65993
637604004 97.9713 0.231863 3697 2.60215
637636772 98.2085 0.309059 1842 2.80401
637571238 98.3062 0.232891 3070 2.58961
637604006 96.4981 0.306467 3598 2.2072
637636774 97.6258 0.361975 1769 2.95744
637571240 98.3278 0.741569 299 1.95238
637604008 99.0117 0.245842 1619 1.91064
637636776 98.3589 0.29716 1828 1.94676
637571242 97.4522 0.889224 314 2.12393
637604010 97.0403 0.42528 1588 2.00427
637636778 98.3398 0.300585 1807 2.50957
637571364 98.0583 0.256945 2884 2.94901
637604132 98.0435 0.228312 3680 2.86514
637636900 97.3932 0.375247 1803 3.22818
637571366 97.599 0.275744 3082 2.76025
637604134 98.471 0.195885 3924 2.74026
637636902 97.7455 0.332272 1996 3.14164
637571368 97.6351 0.883202 296 1.90157
637604136 98.1215 0.339733 1597 1.84048
637636904 98.1636 0.316726 1797 1.98472
637571370 98.7805 0.606026 328 2.06628
637604138 97.4149 0.398475 1586 2.05699
637636906 98.4043 0.289008 1880 2.50177
637571492 98.2213 0.262778 2530 2.39589
637604260 98.3691 0.214249 3495 2.92945
637637028 97.0913 0.405321 1719 3.03265
637571494 95.915 0.35783 3060 2.1047
637604262 98.2847 0.207753 3906 2.44336
637637030 97.9918 0.31833 1942 2.80716
637571496 98.9547 0.60034 287 2.22902
637604264 99.0838 0.243749 1528 2.02344
637637032 98.4204 0.307326 1646 2.54411
637571498 97.8125 0.817705 320 2.41387
637604266 98.8991 0.258056 1635 2.41604
637637034 98.9663 0.235926 1838 2.48365
637571620 97.8739 0.27384 2775 2.86754
637604388 97.9989 0.231855 3648 3.01308
637637156 96.9526 0.408332 1772 3.43654
637571622 98.3136 0.243904 2787 2.02531
637604390 98.4952 0.205143 3522 2.14039
637637158 98.0618 0.339295 1651 2.50867
637571624 98.8889 0.637927 270 2.40919
637604392 98.6675 0.282196 1651 2.17258
637637160 98.306 0.306642 1771 2.53538
637571626 99.0291 0.557807 309 1.98652
637604394 96.6038 0.454252 1590 1.62401
637637162 92.853 0.620969 1721 2.01329
637571748 97.3077 0.302658 2860 2.588
637604516 53.472 0.836331 3557 2.51703
637637284 98.2436 0.317852 1708 3.33624
637571750 98.8136 0.199352 2950 1.98708
637604518 98.6282 0.196642 3499 2.40829
637637286 97.4244 0.374827 1786 2.66803
637571752 98.8166 0.588204 338 1.874
637604520 51.6328 1.24045 1623 1.87067
637637288 98.7364 0.267702 1741 2.32993
637571754 83.7134 2.10739 307 1.53964
637604522 98.6817 0.285767 1593 1.82469
637637290 98.3973 0.300453 1747 2.11086
637575204 97.3601 0.318226 2538 2.9264
637607972 96.4613 0.29064 4041 3.03697
637640740 98.3036 0.220851 3419 3.42633
637575206 93.212 0.441843 3241 1.69052
637607974 96.4925 0.249957 5417 2.75826
637640742 98.1984 0.195962 4607 2.88703
637575208 75.3623 5.18743 69 2.42529
637607976 97.1927 0.45499 1318 2.373
637640744 97.5703 0.389327 1564 2.65125
637575210 71.8182 4.28949 110 2.125
637607978 92.3686 0.63125 1769 2.05066
637640746 95.3476 0.481543 1913 2.20218
637575332 97.5617 0.265962 3363 2.75218
637608100 96.4833 0.251928 5346 3.04306
637640868 98.229 0.191517 4743 3.05602
637575334 97.678 0.263244 3273 2.37479
637608102 97.1424 0.221287 5669 2.83125
637640870 98.5568 0.172484 4781 2.99469
637575336 70.5128 5.16301 78 2.5625
637608104 96.9247 0.397548 1886 2.26863
637640872 96.8284 0.378469 2144 2.41642
637575338 73.6264 4.61935 91 2.08943
637608106 97.7298 0.3505 1806 2.14571
637640874 91.3023 0.604522 2173 2.38232
637575460 97.8118 0.253297 3336 2.45234
637608228 96.8245 0.240359 5322 2.68413
637640996 98.4297 0.175276 5031 2.99904
637575462 96.15 0.353581 2961 1.81248
637608230 97.2823 0.237861 4673 2.56146
637640998 98.3359 0.190546 4507 2.73958
637575464 67.2414 6.16264 58 1.64
637608232 97.4984 0.390553 1599 1.76243
637641000 94.7584 0.475796 2194 1.8084
637575466 72.2222 6.09519 54 2.12121
637608234 97.4843 0.392735 1590 2.36212
637641002 91.8467 0.635886 1852 2.44514
637575588 96.8444 0.310538 3169 2.49936
637608356 96.3391 0.260682 5190 2.87184
637641124 98.6495 0.167668 4739 3.1873
637575590 98.0958 0.243474 3151 2.50135
637608358 96.7084 0.304507 3433 2.65047
637641126 98.771 0.212631 2685 2.81399
637575592 74.6667 5.02203 75 1.48837
637608360 96.9947 0.414455 1697 1.89721
637641128 96.6102 0.40405 2006 1.99385
637575594 65.8228 5.33633 79 1.44318
637608362 97.6703 0.368687 1674 2.13086
637641130 97.1916 0.369984 1994 2.36783
637575716 97.5845 0.275524 3105 2.70854
637608484 96.3703 0.260565 5152 2.78646
637641252 98.1148 0.194689 4880 3.72164
637575718 94.7654 0.397911 3133 1.71332
637608486 93.6377 0.333886 5344 1.83655
637641254 96.1047 0.277768 4852 1.94755
637575720 75 5.78638 56 1.89535
637608488 97.2856 0.403615 1621 1.82134
637641256 95.8446 0.463611 1853 1.98705
637575722 75.3425 5.04468 73 1.63333
637608490 97.2171 0.409041 1617 1.8365
637641258 95.2512 0.499765 1811 2.07677
637575844 97.5486 0.275923 3141 2.75122
637608612 96.716 0.253744 4933 2.67445
637641380 98.0913 0.206255 4401 3.0954
637575846 96.5874 0.316906 3282 2.38197
637608614 96.697 0.246227 5268 2.77071
637641382 98.5652 0.175338 4600 2.93533
637575848 73.75 4.91927 80 2.08411
637608616 97.338 0.387237 1728 2.17448
637641384 52.5355 1.12449 1972 2.26309
637575850 65.2778 5.61074 72 1.33333
637608618 87.6868 0.80335 1673 1.33281
637641386 88.0682 0.736733 1936 1.41044
637579300 98.212 0.236785 3132 2.4338
637612068 98.6043 0.188602 3869 2.43798
637644836 98.0938 0.310382 1941 2.88248
637579302 99.0517 0.175264 3058 2.41258
637612070 98.143 0.22475 3608 2.64735
637644838 98.4564 0.289444 1814 2.94942
637579304 99.3651 0.447529 315 1.89095
637612072 98.0464 0.341961 1638 1.93535
637644840 97.8529 0.335818 1863 2.1736
637579306 99.3846 0.433801 325 2.31164
637612074 98.4076 0.315926 1570 2.29268
637644842 98.6361 0.27091 1833 2.6829
637579428 97.5718 0.284652 2924 2.63471
637612196 97.8942 0.230086 3894 2.96891
637644964 97.5815 0.352251 1902 3.37646
637579430 98.9912 0.180267 3073 2.59156
637612198 98.8021 0.175562 3840 2.6523
637644966 97.46 0.369721 1811 2.84932
637579432 98.6928 0.649309 306 2.70935
637612200 99.0361 0.2398 1660 2.41212
637644968 98.4749 0.286002 1836 2.86498
637579434 99.4318 0.400622 352 2.10827
637612202 98.9348 0.256961 1596 2.12981
637644970 98.0445 0.322708 1841 2.25663
637579556 99.1047 0.185843 2569 2.60664
637612324 99.1398 0.153823 3604 2.85732
637645092 99.1086 0.221846 1795 3.3912
637579558 98.497 0.217587 3127 2.2985
637612326 98.7179 0.180144 3900 2.5361
637645094 98.2296 0.296585 1977 2.8514
637579560 97.8648 0.862347 281 1.85034
637612328 98.6514 0.299519 1483 1.71256
637645096 99.1363 0.229825 1621 1.96378
637579562 99.0881 0.524054 329 2.52783
637612330 99.0315 0.240955 1652 2.38226
637645098 98.3069 0.301498 1831 2.5892
637579684 98.2626 0.23883 2993 2.86939
637612452 98.2246 0.208828 3999 2.80404
637645220 97.929 0.316237 2028 3.13968
637579686 97.2269 0.30196 2957 2.24195
637612454 98.4463 0.197385 3926 2.33497
637645222 98.3428 0.290512 1931 2.94439
637579688 94.8718 1.44193 234 1.72872
637612456 97.8127 0.382409 1463 1.83333
637645224 98.5108 0.284463 1813 2.21759
637579690 96.6867 0.982295 332 1.88095
637612458 98.2511 0.327609 1601 2.01889
637645226 99.018 0.23032 1833 2.64542
637579812 98.5469 0.230978 2684 2.5589
637612580 98.0186 0.237882 3432 2.57999
637645348 96.3067 0.446145 1787 3.14834
637579814 98.8395 0.210652 2585 2.31713
637612582 98.545 0.208476 3299 2.23949
637645350 97.5271 0.381391 1658 2.70101
637579816 98.0392 0.86825 255 1.97349
637612584 98.4059 0.31013 1631 1.54665
637645352 98.5705 0.295925 1609 1.70924
637579818 99.3569 0.453266 311 2.26991
637612586 98.5675 0.310343 1466 1.85752
637645354 99.0335 0.248339 1552 2.11585
637579940 97.9354 0.259484 3003 2.68784
637612708 98.6122 0.189301 3819 2.7747
637645476 98.1492 0.314466 1837 3.27173
637579942 98.5075 0.216078 3149 2.42059
637612710 98.7481 0.17593 3994 2.53976
637645478 97.8139 0.329709 1967 2.7911
637579944 98.2353 0.714054 340 2.43984
637612712 98.7093 0.279835 1627 2.20659
637645480 98.3435 0.299927 1811 2.49445
637579946 98.7988 0.596982 333 2.39679
637612714 99.095 0.240768 1547 2.33561
637645482 98.8147 0.251214 1856 2.55641
637583396 97.3516 0.280153 3285 2.71414
637616164 96.1779 0.263735 5285 2.61787
637648932 98.0982 0.197455 4785 3.0179
637583398 97.466 0.279703 3157 2.49588
637616166 96.5968 0.251409 5201 2.72697
637648934 98.3452 0.18702 4653 2.84093
637583400 80.7018 5.22713 57 2.4875
637616168 96.5109 0.470834 1519 2.09985
637648936 96.7033 0.418528 1820 2.59161
637583402 61.25 5.44683 80 2.22892
637616170 94.3543 0.587947 1541 1.9005
637648938 95.6275 0.487278 1761 2.41182
637583524 97.2108 0.282146 3406 2.67853
637616292 96.5317 0.250535 5334 2.92173
637649060 97.8711 0.20081 5167 3.19504
637583526 97.6778 0.256598 3445 2.51453
637616294 96.6909 0.241194 5500 2.20017
637649062 98.1195 0.196348 4786 2.40379
637583528 62.6866 5.90857 67 2.26966
637616296 97.325 0.384937 1757 2.01941
637649064 96.6395 0.406638 1964 2.3166
637583530 70.1754 6.05958 57 1.5
637616298 90.4793 0.752071 1523 2.2039
637649066 91.3193 0.62352 2039 2.39614
637583652 96.6163 0.314272 3310 2.41049
637616420 96.2409 0.256941 5480 2.7012
637649188 97.9504 0.202849 4879 2.87724
637583654 97.6538 0.269525 3154 2.49424
637616422 96.7321 0.240901 5447 2.76148
637649190 97.9201 0.205812 4808 2.85612
637583656 71.4286 4.92904 84 2.42727
637616424 97.5876 0.367725 1741 2.44995
637649192 96.8213 0.400475 1919 2.52865
637583658 67.1233 5.49819 73 1.95455
637616426 89.916 0.712716 1785 1.77133
637649194 96.8803 0.414044 1763 2.33346
637583780 97.5563 0.275058 3151 2.94652
637616548 96.9746 0.243258 4958 2.97341
637649316 98.1046 0.196804 4801 3.00706
637583782 87.1345 0.587399 3249 1.52254
637616550 96.7271 0.243323 5347 2.59258
637649318 98.6203 0.167395 4856 2.79066
637583784 78.6667 4.73036 75 2.27
637616552 96.78 0.431079 1677 2.01763
637649320 96.4844 0.435072 1792 2.39929
637583786 69.3333 5.32444 75 1.88298
637616554 96.2175 0.463785 1692 1.62732
637649322 90.3907 0.677201 1894 1.67056
637583908 97.7591 0.261116 3213 2.86307
637616676 97.0211 0.233431 5304 3.0622
637649444 98.2406 0.188046 4888 3.61386
637583910 97.4419 0.287774 3010 2.1873
637616678 96.5097 0.263757 4842 2.42288
637649446 98.2415 0.201261 4265 2.8081
637583912 82.6087 4.56304 69 2.08411
637616680 94.016 0.58912 1621 1.9359
637649448 92.9855 0.61491 1725 2.07539
637583914 65 6.15765 60 1.22059
637616682 93.1868 0.682003 1365 1.48068
637649450 96.3987 0.472497 1555 2.30304
637584036 96.6706 0.309315 3364 2.66399
637616804 95.9564 0.27014 5317 2.91884
637649572 98.0816 0.195958 4900 3.18707
637584038 97.4736 0.268969 3404 2.29259
637616806 97.0216 0.231931 5372 2.56267
637649574 98.1306 0.198534 4654 2.90702
637584040 81.3559 5.07036 59 2.0641
637616808 97.4209 0.383772 1706 1.98627
637649576 96.7826 0.401988 1927 2.04802
637584042 67.5 5.23659 80 1.59259
637616810 97.6259 0.366338 1727 2.21589
637649578 93.862 0.55941 1841 2.26402
637587492 97.9788 0.25616 3018 2.47293
637620260 98.1433 0.218294 3824 2.58735
637653028 97.6792 0.341924 1939 3.05573
637587494 98.5793 0.220287 2886 2.42002
637620262 98.753 0.182703 3689 2.54849
637653030 97.0325 0.401527 1786 2.62153
637587496 99.3902 0.429846 328 2.49346
637620264 98.0097 0.34301 1658 2.31493
637653032 98.6006 0.272509 1858 2.46355
637587498 99.2228 0.446971 386 2.3157
637620266 98.173 0.330509 1642 2.11205
637653034 98.3978 0.29513 1810 2.25105
637587620 96.8467 0.32007 2981 2.89336
637620388 98.6992 0.184612 3767 3.06631
637653156 97.6178 0.350864 1889 3.32135
637587622 98.8443 0.197048 2942 2.45048
637620390 98.6602 0.194115 3508 2.66572
637653158 98.6049 0.277065 1792 2.94705
637587624 99.3846 0.433801 325 1.85277
637620392 98.3686 0.311395 1655 1.89231
637653160 98.5352 0.285157 1775 2.12289
637587626 99.0854 0.525644 328 2.68959
637620394 99.0335 0.248339 1552 2.53831
637653162 98.7634 0.262019 1779 2.73421
637587748 97.8135 0.262237 3110 2.5923
637620516 98.4784 0.19333 4009 2.70923
637653284 97.3817 0.358312 1986 3.10663
637587750 95.176 0.386847 3068 2.29204
637620518 97.7151 0.232959 4114 2.35327
637653286 97.1443 0.372808 1996 2.58092
637587752 99.6951 0.304413 328 2.01737
637620520 98.5303 0.291777 1701 1.91272
637653288 98.3252 0.298268 1851 2.23993
637587754 98.4985 0.666431 333 2.09403
637620522 97.0024 0.417523 1668 1.94597
637653290 97.7225 0.343344 1888 2.27657
637587876 98.5602 0.220566 2917 2.59144
637620644 98.1818 0.220098 3685 3.04432
637653412 97.6017 0.349348 1918 3.44115
637587878 98.8851 0.192988 2960 2.21274
637620646 98.8048 0.183321 3514 2.54266
637653414 97.6325 0.360968 1774 2.82277
637587880 99.4565 0.383252 368 2.02842
637620648 97.574 0.374259 1690 1.83803
637653416 98.685 0.272396 1749 2.10526
637587882 98.7179 0.636904 312 2.38661
637620650 99.306 0.208523 1585 2.02533
637653418 98.8423 0.251156 1814 2.13142
637588004 97.593 0.292694 2742 2.75949
637620772 98.1651 0.223774 3597 2.8456
637653540 98.2301 0.320268 1695 3.36877
637588006 99.0787 0.179854 2822 2.26069
637620774 98.4593 0.208035 3505 2.50872
637653542 97.7714 0.352858 1750 2.8067
637588008 99.3789 0.43783 322 2.25241
637620776 98.8568 0.275687 1487 2.00493
637653544 97.8056 0.473565 957 2.45571
637588010 96.5616 0.975366 349 2.07341
637620778 99.1049 0.238163 1564 2.28213
637653546 98.7104 0.273158 1706 2.59134
637588132 95.2712 0.385982 3024 2.64507
637620900 98.4131 0.203234 3781 2.77792
637653668 98.3042 0.292685 1946 3.11386
637588134 96.1599 0.339541 3203 1.95132
637620902 89.5915 0.479016 4064 1.79812
637653670 93.8058 0.552282 1905 1.98482
637588136 98.2609 0.703796 345 2.24539
637620904 96.8281 0.420855 1734 2.00091
637653672 98.3684 0.29064 1900 2.09478
637588138 100 0 397 2.50545
637620906 98.5384 0.296166 1642 2.27545
637653674 98.5439 0.273158 1923 2.35141
637567044 94.0206 0.298605 6305 2.48584
637599812 92.4769 0.448673 3456 2.34476
637632580 43.75 7.16027 48 2.59615
637567046 95.6611 0.255445 6361 2.0127
637599814 92.999 0.397144 4128 2.07174
637632582 39.2857 6.52633 56 2.38095
637567048 92.2731 0.800372 1113 1.45996
637599816 95.8288 0.382438 2733 1.61691
637632584 95.9238 0.338623 3410 1.91458
637567050 94.0273 0.692227 1172 1.87649
637599818 97.0031 0.31645 2903 2.03031
637632586 98.0984 0.23729 3313 2.67551
637567172 96.8217 0.225698 6041 2.44077
637599940 93.0015 0.443104 3315 2.35288
637632708 29.0323 8.15249 31 2.44444
637567174 94.247 0.285757 6640 2.17761
637599942 93.6082 0.370233 4365 2.04227
637632710 29.6296 8.78772 27 2.6
637567176 93.5053 0.735044 1124 1.48234
637599944 97.1449 0.31462 2802 1.75824
637632712 94.6291 0.388349 3370 1.95002
637567178 91.9696 0.790131 1183 2.23348
637599946 97.2503 0.305087 2873 2.19974
637632714 97.4502 0.269862 3412 2.58888
637567300 95.0766 0.269206 6459 2.28498
637600068 93.4366 0.415631 3550 2.26181
637632836 21.875 7.30792 32 3
637567302 96.7353 0.223716 6310 2.63804
637600070 93.7175 0.372907 4234 2.57468
637632838 22.8571 7.09782 35 2.86667
637567304 92.3325 0.755906 1239 1.52765
637600072 97.2414 0.304139 2900 1.69247
637632840 89.6677 0.529058 3310 1.71234
637567306 97.7518 0.444557 1112 2.53846
637600074 94.2609 0.43378 2875 1.97772
637632842 97.7852 0.256337 3296 2.33016
637567428 94.1444 0.299443 6148 2.3069
637600196 91.0535 0.476484 3588 2.07055
637632964 58.1818 6.65112 55 2.46
637567430 95.1164 0.297681 5242 2.17367
637600198 93.7633 0.393949 3768 2.29343
637632966 36.5854 7.5224 41 3
637567432 93.2796 0.749479 1116 1.89703
637600200 97.4058 0.299661 2814 1.89492
637632968 48.9583 0.862395 3360 2.04779
637567434 87.1345 1.14505 855 1.75107
637600202 83.0821 0.767202 2388 1.60825
637632970 74.2065 0.835645 2741 1.70824
637567556 95.9336 0.251896 6148 1.83863
637600324 91.4216 0.487568 3299 2.18661
637633092 30 8.3666 30 2.63158
637567558 92.4886 0.324684 6590 1.9559
637600326 92.8267 0.39704 4224 1.76201
637633094 12.5 5.84634 32 1.8
637567560 91.9932 0.792089 1174 1.60119
637600328 96.9664 0.327894 2736 1.57155
637633096 95.3067 0.370416 3260 1.63014
637567562 96.5841 0.530794 1171 2.19021
637600330 96.9729 0.323324 2808 2.09769
637633098 97.0021 0.293799 3369 2.26462
637567684 96.3028 0.239234 6221 2.03005
637600452 92.4854 0.450793 3420 2.27347
637633220 26.6667 8.07373 30 2.63636
637567686 97.0097 0.225892 5685 2.37519
637600454 92.8135 0.4302 3604 2.36676
637633222 11.1111 6.04812 27 2.75
637567688 95.0435 0.64003 1150 1.8268
637600456 97.6003 0.289633 2792 1.86096
637633224 97.7832 0.256567 3293 2.13979
637567690 93.0762 0.751532 1141 1.9606
637600458 88.4504 0.608165 2762 1.46534
637633226 80.6321 0.724643 2974 1.70339
637571140 96.7391 0.276037 4140 2.0233
637603908 92.7419 0.622692 1736 2.11753
637636676 68.4211 7.54053 38 2.37313
637571142 94.4808 0.385165 3515 2.56508
637603910 96.5162 0.345735 2813 2.50481
637636678 57.5758 8.6034 33 2.64444
637571144 98.2363 0.390875 1134 1.92113
637603912 98.4016 0.247631 2565 2.03539
637636680 99.1495 0.166087 3057 2.38302
637571146 97.9964 0.422877 1098 2.3742
637603914 98.7266 0.223666 2513 2.30808
637636682 98.9648 0.188019 2898 2.74621
637571268 97.01 0.283382 3612 2.26673
637604036 91.5018 0.754764 1365 2.19763
637636804 52 9.992 25 2.45652
637571270 93.7856 0.407602 3508 2.4798
637604038 96.1766 0.357513 2877 2.23034
637636806 66.6667 7.85674 36 2.69565
637571272 84.2584 1.09858 1099 1.61201
637604040 97.3476 0.319718 2526 1.78732
637636808 98.5661 0.219669 2929 1.77888
637571274 98.0548 0.410661 1131 2.51585
637604042 98.2797 0.251449 2674 2.18861
637636810 98.7767 0.205515 2861 2.60156
637571396 96.4316 0.313418 3503 2.03405
637604164 90.1141 0.82308 1315 1.72611
637636932 64.2857 9.05522 28 2.35556
637571398 95.171 0.346359 3831 2.49896
637604166 95.6969 0.358335 3207 2.63191
637636934 62.8571 8.16735 35 2.15789
637571400 91.8047 0.809903 1147 1.78369
637604168 97.9043 0.284833 2529 1.73875
637636936 98.6187 0.222526 2751 2.01806
637571402 97.5494 0.434713 1265 2.2184
637604170 98.624 0.224647 2689 2.11813
637636938 99.1784 0.167026 2921 2.53784
637571524 97.9793 0.226478 3860 2.80543
637604292 91.0824 0.674939 1783 3.12025
637637060 65.7895 7.69602 38 3.43103
637571526 92.5231 0.427516 3785 2.06677
637604294 95.4545 0.378039 3036 2.23495
637637062 59.0909 7.41215 44 2.50769
637571528 88.7993 0.944051 1116 1.44614
637604296 96.376 0.36311 2649 1.51246
637637064 98.5973 0.217518 2923 1.67016
637571530 95.4881 0.5945 1219 1.96649
637604298 98.0038 0.274041 2605 1.79273
637637066 98.5399 0.221032 2945 2.22946
637571652 92.7368 0.442369 3442 2.2691
637604420 92.7693 0.696434 1383 2.36259
637637188 58.0645 8.86269 31 2.86667
637571654 94.236 0.407003 3279 2.21602
637604422 95.2972 0.41062 2658 2.12376
637637190 76.6667 7.72202 30 2.12727
637571656 94.6976 0.644989 1207 1.61624
637604424 97.0466 0.345291 2404 1.8874
637637192 98.9324 0.204363 2529 2.17712
637571658 93.6937 0.729594 1110 1.7398
637604426 98.7132 0.229632 2409 1.94927
637637194 99.085 0.185914 2623 2.29198
637571780 93.137 0.43391 3395 2.15336
637604548 93.4148 0.646236 1473 2.32233
637637316 65.2174 9.93113 23 2.81818
637571782 96.292 0.32161 3452 2.39972
637604550 95.8091 0.408176 2410 2.50376
637637318 61.7647 8.33418 34 2.57143
637571784 90.239 0.936648 1004 1.65
637604552 95.4487 0.429857 2351 1.55262
637637320 98.8261 0.206293 2726 2.03053
637571786 94.4341 0.698267 1078 2.21438
637604554 97.8193 0.288211 2568 1.78592
637637322 99.0106 0.189461 2729 2.26601
637575236 96.8203 0.234509 5598 2.37177
637608004 92.4714 0.477371 3055 2.45504
637640772 35.1351 7.84828 37 2.625
637575238 96.4796 0.234739 6164 2.54971
637608006 94.4134 0.365976 3938 2.49845
637640774 25 7.21688 36 3
637575240 94.3649 0.712663 1047 1.71661
637608008 97.6166 0.281454 2937 1.75539
637640776 97.2607 0.280137 3395 1.96888
637575242 96.351 0.552685 1151 2.33684
637608010 98.31 0.244426 2781 2.35893
637640778 97.6861 0.258943 3371 2.79551
637575364 96.2059 0.239717 6352 2.06418
637608132 92.7148 0.448158 3363 2.01668
637640900 50 7.21688 48 2.54545
637575366 96.5337 0.226541 6520 2.34122
637608134 93.9258 0.367211 4231 2.42311
637640902 28.2051 7.20574 39 2.05
637575368 93.693 0.670095 1316 1.81669
637608136 97.0559 0.309191 2989 1.91108
637640904 97.7331 0.252134 3485 2.03644
637575370 96.5883 0.499832 1319 2.68507
637608138 97.5727 0.275035 3131 2.30621
637640906 97.7685 0.254778 3361 2.609
637575492 97.0074 0.213833 6349 2.4107
637608260 91.7461 0.454183 3671 2.33668
637641028 34.4828 8.82632 29 2.77778
637575494 97.1589 0.216706 5878 2.30804
637608262 93.8299 0.377248 4068 2.12612
637641030 33.3333 7.02728 45 2.70588
637575496 96.4404 0.533085 1208 1.94241
637608264 96.9404 0.309067 3105 2.07462
637641032 96.5293 0.30746 3544 2.41192
637575498 97.1664 0.501674 1094 2.20457
637608266 97.1171 0.31185 2879 2.22575
637641034 97.2452 0.286356 3267 2.39765
637575620 96.5905 0.233464 6042 2.25506
637608388 90.4527 0.515715 3247 2.04122
637641156 31.1111 6.90122 45 2.68
637575622 96.1258 0.323345 3562 2.20857
637608390 93.8648 0.474385 2559 2.24738
637641158 31.25 6.69023 48 2.47368
637575624 93.8238 0.725477 1101 1.46143
637608392 96.9046 0.330507 2746 1.55881
637641160 93.6571 0.424608 3295 1.67426
637575626 97.1915 0.481985 1175 2.1358
637608394 96.9794 0.322645 2814 2.04051
637641162 98.0874 0.238646 3294 2.2664
637575748 95.9751 0.251399 6112 1.99373
637608516 92.2035 0.487323 3027 1.95909
637641284 23.5294 10.2879 17 2.875
637575750 96.6848 0.226569 6244 2.55046
637608518 94.6525 0.3616 3871 2.22093
637641286 18.5185 7.47568 27 3.125
637575752 96.1538 0.589004 1066 1.63094
637608520 96.8553 0.33568 2703 1.68355
637641288 94.232 0.409456 3242 1.90757
637575754 96.9501 0.522762 1082 1.71572
637608522 96.8046 0.335139 2754 1.75
637641290 97.6398 0.272958 3093 2.02546
637575876 96.6202 0.238519 5740 1.96299
637608644 93.1179 0.455036 3095 2.79148
637641412 29.0323 8.15249 31 2.61538
637575878 96.593 0.232177 6105 2.55468
637608646 93.2742 0.404401 3836 2.47808
637641414 26.087 9.15605 23 2.36364
637575880 89.6211 0.87533 1214 1.60435
637608648 96.7184 0.338318 2773 1.70825
637641416 96.472 0.321735 3288 2.06555
637575882 92.0663 0.798009 1147 2.08249
637608650 93.5691 0.46366 2799 2.18573
637641418 95.1545 0.373678 3302 2.28073
637579332 95.3141 0.333654 4012 2.08135
637612100 92.0821 0.653928 1705 1.76986
637644868 62.5 8.55817 32 2.12195
637579334 91.514 0.467914 3547 1.74222
637612102 92.6378 0.48782 2866 1.87761
637644870 42.8571 9.3522 28 2.17857
637579336 92.5764 0.774737 1145 1.588
637612104 96.7568 0.348081 2590 1.61683
637644872 98.7608 0.205256 2905 1.83152
637579338 97.7169 0.451378 1095 2.4963
637612106 98.5513 0.236435 2554 2.2873
637644874 99.1159 0.172609 2941 2.73005
637579460 96.1959 0.316459 3654 2.34325
637612228 92.2695 0.627588 1811 1.96843
637644996 61.5385 7.7903 39 2.27397
637579462 97.5591 0.250006 3810 2.58257
637612230 95.8638 0.355185 3143 2.71095
637644998 72.5 7.06001 40 2.60714
637579464 96.8224 0.536221 1070 1.71719
637612232 97.507 0.312635 2487 1.7736
637645000 98.8252 0.200297 2894 2.11041
637579466 98.0144 0.419099 1108 2.54169
637612234 98.0407 0.269032 2654 2.23077
637645002 99.2632 0.160199 2850 2.95001
637579588 86.6125 0.560567 3690 1.94169
637612356 91.5435 0.676609 1691 2.06527
637645124 75 7.65466 32 2.94545
637579590 96.0533 0.311695 3902 2.46495
637612358 96.2171 0.34602 3040 2.54744
637645126 59.2593 9.45607 27 2.9
637579592 91.7861 0.848576 1047 1.70368
637612360 98.1221 0.268499 2556 1.85619
637645128 99.0328 0.181895 2895 2.04959
637579594 97.7509 0.436103 1156 2.49181
637612362 98.3672 0.252913 2511 2.17305
637645130 99.1842 0.165838 2942 2.6722
637579716 95.0051 0.346872 3944 2.12725
637612484 90.6909 0.70306 1708 2.15039
637645252 75 6.52791 44 2.71154
637579718 94.9241 0.364577 3625 2.09084
637612486 97.2867 0.306987 2801 2.17352
637645254 95.4545 4.44095 22 2.51667
637579720 85.66 1.08006 1053 1.60774
637612488 95.0602 0.434263 2490 1.55702
637645256 97.5442 0.294125 2769 1.81968
637579722 93.9963 0.727592 1066 1.8969
637612490 99.3618 0.159043 2507 1.95477
637645258 99.498 0.133821 2789 2.45138
637579844 95.808 0.349286 3292 1.8059
637612612 91.4381 0.723648 1495 1.89242
637645380 75 8.18317 28 2.64516
637579846 97.8344 0.259759 3140 2.21577
637612614 95.871 0.394541 2543 2.44144
637645382 63.1579 7.82518 38 2.5814
637579848 90.1827 1.00533 876 1.34854
637612616 91.152 0.594364 2283 1.34129
637645384 97.6022 0.303304 2544 1.4859
637579850 81.1937 1.31131 888 1.56893
637612618 95.5471 0.424776 2358 1.50034
637645386 98.1413 0.274497 2421 1.74209
637579972 97.367 0.263798 3684 1.96621
637612740 91.9273 0.734651 1375 1.9754
637645508 85 7.98436 20 2.35897
637579974 95.686 0.321768 3987 2.23403
637612742 95.6839 0.370285 3012 2.26382
637645510 43.75 8.76951 32 2.87879
637579976 86.1909 1.05027 1079 1.45341
637612744 97.7723 0.299759 2424 1.67717
637645512 98.9007 0.19635 2820 2.09217
637579978 88.5894 0.95301 1113 2.10423
637612746 99.1047 0.185843 2569 2.02372
637645514 99.191 0.168005 2843 2.37601
637583428 97.564 0.191424 6486 2.06512
637616196 92.0737 0.473507 3255 1.96674
637648964 33.3333 7.54851 39 2.22727
637583430 95.3805 0.262671 6386 2.11021
637616198 95.4657 0.325724 4080 2.46531
637648966 22.2222 6.929 36 2.63158
637583432 95.3922 0.656455 1020 1.82517
637616200 97.7371 0.281858 2784 1.95492
637648968 94.8718 0.376511 3432 2.02387
637583434 96.7257 0.529411 1130 2.0365
637616202 97.2397 0.306243 2862 2.08372
637648970 98.1829 0.234402 3247 2.62381
637583556 96.3944 0.228033 6684 2.08188
637616324 92.0435 0.457821 3494 2.34994
637649092 37.7778 7.22744 45 2.80645
637583558 96.0346 0.242403 6481 2.29005
637616326 91.6264 0.430284 4144 2.2152
637649094 34.2105 7.69602 38 3
637583560 96.0925 0.547199 1254 2.0849
637616328 97.505 0.284482 3006 1.95104
637649096 97.2167 0.277215 3521 1.90355
637583562 97.4507 0.452001 1216 2.48483
637616330 96.6068 0.330229 3006 2.13309
637649098 98.0844 0.237145 3341 2.63726
637583684 84.1294 0.453574 6490 1.48268
637616452 89.0077 0.517882 3648 1.59624
637649220 41.4634 7.69404 41 1.82143
637583686 95.4727 0.257555 6516 2.3815
637616454 93.6452 0.374948 4233 2.67066
637649222 39.6552 6.42327 58 2.97222
637583688 95.0577 0.622086 1214 1.6988
637616456 96.0245 0.360158 2943 1.62141
637649224 96.5184 0.31355 3418 1.81922
637583690 96.9479 0.515375 1114 1.98219
637616458 97.7024 0.286125 2742 2.32739
637649226 97.9932 0.246402 3239 2.6207
637583812 95.3682 0.271286 6002 2.34668
637616580 92.8943 0.44963 3265 2.55419
637649348 30.4348 9.59439 23 3.2
637583814 95.7646 0.251314 6422 1.78903
637616582 92.8863 0.398496 4161 2.17627
637649350 29.4118 7.81425 34 2.21429
637583816 92.7273 0.78299 1100 1.45635
637616584 96.8794 0.327422 2820 1.6193
637649352 90.8979 0.505253 3241 1.67484
637583818 97.8315 0.420637 1199 1.92554
637616586 97.0651 0.317389 2828 1.88021
637649354 96.5961 0.317534 3261 2.21277
637583940 97.135 0.206488 6527 1.83675
637616708 88.4558 0.553347 3335 1.79542
637649476 15.1515 6.24156 33 2.85714
637583942 96.6623 0.26443 4614 2.29826
637616710 92.9598 0.484849 2784 2.57052
637649478 13.3333 6.20633 30 2.71429
637583944 91.3424 0.877078 1028 1.33659
637616712 95.7138 0.391035 2683 1.40802
637649480 96.468 0.327797 3171 1.53846
637583946 96.3245 0.66987 789 1.78643
637616714 97.3917 0.35357 2032 1.8738
637649482 94.9066 0.452964 2356 1.99145
637584068 0 0 6384 0
637616836 0 0 3385 0
637649604 0 0 44 0
637584070 94.4915 0.291252 6136 2.48152
637616838 93.6845 0.388951 3911 2.41775
637649606 30.4348 6.78426 46 3
637584072 0 0 1119 0
637616840 0 0 2833 0
637649608 0 0 3370 0
637584074 96.7063 0.539832 1093 2.46565
637616842 97.5018 0.294841 2802 2.24002
637649610 97.686 0.257316 3414 2.57079
637587524 96.686 0.290305 3802 2.06991
637620292 91.2739 0.712252 1570 1.91622
637653060 65.625 8.39617 32 2.31111
637587526 97.9823 0.233758 3618 2.47314
637620294 95.6105 0.393457 2711 2.21045
637653062 75 8.83883 24 2.65517
637587528 94.6218 0.653941 1190 1.77676
637620296 97.4654 0.308004 2604 1.99795
637653064 98.9554 0.189712 2872 2.37101
637587530 98.4496 0.362586 1161 2.51107
637620298 98.5518 0.233217 2624 2.41111
637653066 99.3066 0.158531 2740 2.43674
637587652 96.3343 0.321804 3410 2.17213
637620420 92.1109 0.718659 1407 2.07957
637653188 65.7895 7.69602 38 2.55738
637587654 98.5782 0.192102 3798 2.63141
637620422 96.2474 0.354255 2878 2.67089
637653190 57.5758 8.6034 33 2.71739
637587656 96.0644 0.581521 1118 1.98794
637620424 97.7726 0.291726 2559 1.69691
637653192 99.1097 0.177268 2808 1.92331
637587658 98.7296 0.33737 1102 2.47716
637620426 98.068 0.270573 2588 2.24452
637653194 99.2219 0.161608 2956 2.75651
637587780 91.5326 0.438053 4039 2.27729
637620548 83.3848 0.925066 1619 2.01999
637653316 64.8148 6.49861 54 2.59494
637587782 94.7122 0.350958 4066 2.19891
637620550 95.8787 0.360947 3033 2.21556
637653318 71.4286 6.03682 56 2.41176
637587784 86.067 1.02833 1134 1.78521
637620552 97.6628 0.295726 2610 1.79607
637653320 98.6237 0.213458 2979 2.07275
637587786 96.2901 0.548823 1186 1.89358
637620554 98.2374 0.260432 2553 1.98327
637653322 98.904 0.189737 3011 2.12309
637587908 93.1733 0.44528 3208 2.37541
637620676 92.4806 0.734212 1290 2.35899
637653444 47.8261 10.4159 23 2.42308
637587910 93.9964 0.413654 3298 2.35548
637620678 94.1223 0.468729 2518 2.03251
637653446 70.8333 9.27805 24 1.77551
637587912 84.1889 1.16904 974 1.50264
637620680 97.6829 0.320682 2201 1.71215
637653448 98.5513 0.24309 2416 1.94797
637587914 91.1193 0.865197 1081 1.43525
637620682 98.5141 0.233187 2692 1.79262
637653450 99.3318 0.156958 2694 2.28213
637588036 0 0 0 0
637620804 0 0 0 0
637653572 0 0 0 0
637588038 90.7264 0.49149 3483 1.94013
637620806 95.6503 0.421212 2345 2.01717
637653574 63.6364 10.2559 22 2.02703
637588040 0 0 0 0
637620808 0 0 0 0
637653576 0 0 0 0
637588042 95.3271 0.615195 1177 1.98615
637620810 97.4624 0.326153 2325 1.7171
637653578 99.2787 0.164888 2634 2.10412
637588164 94.8368 0.361933 3738 2.33727
637620932 92.4886 0.673624 1531 2.55913
637653700 60 7.30297 45 2.38235
637588166 92.6892 0.416197 3912 2.32578
637620934 95.8826 0.375965 2793 2.36117
637653702 70.2703 7.51416 37 2.32468
637588168 88.4712 0.923095 1197 1.3598
637620936 96.818 0.345757 2577 1.61151
637653704 97.8986 0.261955 2998 1.77613
637588170 88.6326 0.910999 1214 1.73782
637620938 91.5165 0.539846 2664 1.98085
637653706 97.2131 0.298038 3050 2.14652
637567076 96.7953 0.31067 3214 2.53761
637599844 68.9349 2.51708 338 2.77519
637632612 31.25 8.19382 32 2.93333
637567078 96.6732 0.228459 6162 2.57178
637599846 72.9636 1.84901 577 2.72675
637632614 42.1053 6.53959 57 2.82
637567080 94.1799 0.851498 756 2.20244
637599848 96.1538 0.413972 2158 2.00822
637632616 96.5166 0.377921 2354 2.46198
637567082 93.2767 0.696164 1294 1.97168
637599850 96.9397 0.302827 3235 2.01315
637632618 95.8475 0.310887 4118 2.72872
637567204 97.1218 0.227102 5420 2.65363
637599972 69.9095 2.18158 442 2.8
637632740 32.1429 8.82594 28 3.375
637567206 96.7841 0.218322 6530 2.25891
637599974 63.0832 2.17343 493 2.2218
637632742 40 8.28079 35 2.6
637567208 94.449 0.659066 1207 2.39313
637599976 97.9832 0.247612 3223 2.31218
637632744 97.7374 0.234482 4022 2.67558
637567210 94.0532 0.66155 1278 2.45314
637599978 96.9936 0.297576 3293 2.47828
637632746 96.1647 0.294587 4250 2.69528
637567332 97.5906 0.201888 5769 2.31495
637600100 70.6422 2.18097 436 2.72043
637632868 38.7097 8.74832 31 2.40909
637567334 97.3605 0.201536 6327 2.80054
637600102 74.6362 1.98385 481 2.94872
637632870 38.4615 13.4932 13 3.07692
637567336 93.3594 0.695951 1280 1.77389
637600104 97.2171 0.287637 3270 2.07407
637632872 97.0273 0.2619 4205 2.28123
637567338 93.8611 0.682227 1238 2.33756
637600106 97.6737 0.267264 3181 2.21937
637632874 96.7782 0.276922 4066 2.15338
637567460 96.4129 0.251585 5464 2.40101
637600228 69.6858 1.97604 541 2.36479
637632996 34.0426 6.91185 47 2.59524
637567462 96.652 0.23879 5675 2.40572
637600230 70.5993 1.97155 534 2.2592
637632998 21.875 7.30792 32 2.70833
637567464 95.3604 0.605439 1207 2.14897
637600232 97.2371 0.290434 3185 2.06883
637633000 97.2068 0.255691 4153 2.19496
637567466 95.4211 0.597709 1223 2.30118
637600234 97.0588 0.300467 3162 2.47614
637633002 96.2366 0.312026 3720 2.3529
637567588 97.3577 0.218019 5412 2.77736
637600356 72.1106 2.2479 398 2.82705
637633124 37.037 9.29349 27 2.53333
637567590 96.4797 0.233657 6221 2.56406
637600358 73.6051 2.04184 466 2.94898
637633126 35.2941 11.5904 17 3
637567592 93.2836 0.720772 1206 1.82827
637600360 97.2638 0.290992 3143 2.37205
637633128 96.504 0.291295 3976 2.45084
637567594 93.3917 0.700977 1256 2.07446
637600362 96.9772 0.300701 3242 2.17349
637633130 95.7877 0.309874 4202 2.32101
637567716 88.2929 0.429169 5612 2.57168
637600484 67.8233 2.6238 317 2.63609
637633252 35.7143 12.806 14 3.14286
637567718 96.9117 0.241872 5116 2.64453
637600486 69.2118 2.29097 406 2.91579
637633254 48 9.992 25 2.875
637567720 93.8625 0.686603 1222 2.02366
637600488 97.246 0.29117 3159 2.0457
637633256 96.3777 0.290354 4141 2.48013
637567722 91.8896 0.801888 1159 2.14869
637600490 96.4772 0.33608 3009 2.43177
637633258 95.7684 0.33589 3592 2.45721
637571172 96.4887 0.348411 2791 2.32609
637603940 75.2747 2.26123 364 2.69099
637636708 40.7407 9.45607 27 3
637571174 97.7191 0.231333 4165 2.41318
637603942 78.5894 2.05874 397 2.61154
637636710 58.6957 7.25975 46 2.80702
637571176 98.4671 0.368925 1109 1.98319
637603944 99.1682 0.176592 2645 2.25516
637636712 98.7323 0.21291 2761 2.59541
637571178 75.3884 1.23171 1223 1.77352
637603946 98.5411 0.218325 3016 2.22599
637636714 97.6288 0.270533 3163 2.26456
637571300 97.0103 0.359753 2241 2.40143
637604068 71.8062 2.98638 227 2.58528
637636836 73.3333 11.418 15 2.95833
637571302 97.8495 0.229391 3999 2.46783
637604070 77.2959 2.11586 392 2.788
637636838 81.8182 8.22304 22 2.95918
637571304 98.6051 0.384154 932 2.34502
637604072 99.1304 0.198623 2185 2.48459
637636840 98.5935 0.254973 2133 2.7603
637571306 98.1644 0.379219 1253 1.96212
637604074 98.4657 0.226953 2933 2.47325
637636842 98.4501 0.226737 2968 2.35646
637571428 98.0296 0.281593 2436 2.30353
637604196 86.1538 2.14198 260 2.83944
637636964 64.7059 11.5904 17 2.88235
637571430 98.0644 0.206694 4443 2.71229
637604198 77.1084 2.06236 415 2.73451
637636966 75 8.83883 24 2.7381
637571432 98.2741 0.414961 985 1.97528
637604200 98.672 0.240847 2259 2.16142
637636968 98.7435 0.231856 2308 2.38254
637571434 98.336 0.360086 1262 2.04779
637604202 94.0013 0.427601 3084 2.08106
637636970 98.7897 0.190202 3305 2.37226
637571556 96.983 0.292754 3414 2.4946
637604324 78.866 2.07262 388 2.71888
637637092 58.6207 9.14572 29 2.92453
637571558 97.1547 0.259282 4112 2.0313
637604326 79.1768 1.99801 413 2.58657
637637094 54.1667 10.1707 24 3.0303
637571560 98.9764 0.282445 1270 2.06398
637604328 99.5106 0.126052 3065 2.28248
637637096 98.91 0.183237 3211 2.45539
637571562 97.8459 0.417879 1207 1.94688
637604330 99.0007 0.181538 3002 2.17802
637637098 98.419 0.22639 3036 2.2963
637571684 96.9925 0.339759 2527 2.53857
637604452 73.2558 2.75566 258 2.83391
637637220 58.3333 14.2319 12 3.14286
637571686 97.8636 0.239302 3651 2.42071
637604454 77.37 2.31395 327 2.66903
637637222 72.2222 10.5572 18 3.26316
637571688 96.3652 0.557241 1128 2.04997
637604456 99.2314 0.171211 2602 2.30237
637637224 98.7236 0.214376 2742 2.6971
637571690 98.4307 0.366977 1147 2.17095
637604458 99.2679 0.163094 2732 2.13797
637637226 98.8878 0.192535 2967 2.44172
637571812 97.2342 0.310803 2784 2.20601
637604580 73.7643 2.71264 263 2.65772
637637348 82.3529 9.24594 17 2.5
637571814 98.3513 0.226741 3154 2.39495
637604582 78.125 2.43597 288 2.6455
637637350 83.3333 10.7583 12 2.71429
637571816 98.2175 0.395018 1122 2.0891
637604584 99.559 0.127029 2721 2.18269
637637352 99.0316 0.185471 2788 2.48914
637571818 98.9011 0.329506 1001 2.11633
637604586 99.0959 0.187661 2544 1.96849
637637354 99.3318 0.161529 2544 2.42712
637575268 96.968 0.236783 5244 2.27981
637608036 74.3276 2.15996 409 2.41975
637640804 41.6667 10.0635 24 2.4
637575270 97.2752 0.210498 5982 2.54604
637608038 71.308 2.07759 474 2.39388
637640806 35.8974 7.68134 39 2.3125
637575272 94.0758 0.663492 1266 2.27456
637608040 97.8824 0.255949 3164 2.26049
637640808 97.5894 0.244319 3941 2.6404
637575274 94.4134 0.648806 1253 2.21295
637608042 95.9863 0.346221 3214 2.20486
637640810 96.3255 0.295443 4055 2.60576
637575396 96.3329 0.251996 5563 2.45842
637608164 70.7566 2.05704 489 2.60762
637640932 33.3333 9.07218 27 2.39024
637575398 96.8095 0.22309 6206 2.65393
637608166 69.0979 2.02445 521 2.93322
637640934 44.4444 9.56292 27 2.7
637575400 94.1363 0.661356 1262 2.11741
637608168 97.7812 0.256799 3290 2.52456
637640936 97.3631 0.253916 3982 2.49344
637575402 93.532 0.663066 1376 1.73656
637608170 97.9385 0.249248 3250 2.08802
637640938 97.0038 0.26394 4172 2.56698
637575524 97.5311 0.203897 5792 2.55052
637608292 68.172 2.16014 465 2.74741
637641060 35.1351 7.84828 37 2.90909
637575526 97.7327 0.194358 5866 2.54411
637608294 69.1235 2.06194 502 2.49365
637641062 30 10.247 20 2.3
637575528 95.5414 0.549065 1413 1.83087
637608296 97.8781 0.249141 3346 2.03787
637641064 96.8158 0.273744 4114 2.0408
637575530 94.8798 0.613912 1289 2.15625
637608298 97.7161 0.262454 3240 2.06682
637641066 97.247 0.264943 3814 2.26483
637575652 96.9175 0.239163 5223 2.2471
637608420 66.6667 2.20755 456 2.46386
637641188 18.75 9.75781 16 2.61538
637575654 95.1794 0.3586 3568 2.0879
637608422 68.7764 2.12849 474 2.64349
637641190 21.2121 7.11647 33 2.58824
637575656 95.16 0.614681 1219 2.31104
637608424 97.0928 0.297044 3199 2.16667
637641192 96.6436 0.282935 4052 2.29236
637575658 94.3155 0.655176 1249 2.08261
637608426 97.1403 0.289176 3322 1.96639
637641194 94.5175 0.435197 2736 2.07045
637575780 97.357 0.225283 5070 2.71789
637608548 74.5614 2.355 342 2.92895
637641316 29.0323 8.15249 31 2.83333
637575782 97.0265 0.222687 5818 2.81179
637608550 71.2446 2.09673 466 2.56238
637641318 15 7.98436 20 3
637575784 93.6719 0.702536 1201 2.33861
637608552 97.9233 0.254892 3130 2.34979
637641320 97.0989 0.266577 3964 2.85445
637575786 93.3172 0.708596 1242 2.02595
637608554 97.7124 0.270273 3060 1.97989
637641322 96.1301 0.302813 4057 2.21936
637575908 97.388 0.226077 4977 2.72181
637608676 77.0531 2.0666 414 2.92889
637641444 27.7778 10.5572 18 2.75
637575910 96.7803 0.232246 5777 2.78907
637608678 72.5173 2.14539 433 2.56349
637641446 11.1111 7.40741 18 3.25
637575912 95.4163 0.578026 1309 2.41494
637608680 96.556 0.322664 3194 2.26978
637641448 96.4857 0.298207 3813 2.58946
637575914 93.4817 0.695968 1258 2.47002
637608682 96.9085 0.307422 3170 2.48647
637641450 96.0282 0.309644 3978 2.38767
637579364 97.7739 0.250846 3459 2.58896
637612132 80.3109 2.02398 386 2.61331
637644900 56.6667 9.0472 30 2.7234
637579366 97.8596 0.228318 4018 2.45069
637612134 76.8786 2.26658 346 2.71429
637644902 53.8462 9.77675 26 2.64103
637579368 98.2573 0.376968 1205 1.75998
637612136 98.9684 0.181419 3102 2.16188
637644904 98.9912 0.177435 3172 2.27497
637579370 98.9717 0.295308 1167 2.45033
637612138 98.905 0.195592 2831 2.0571
637644906 98.7104 0.210645 2869 2.49225
637579492 97.0265 0.292899 3363 2.79782
637612260 81.2785 1.86389 438 2.91119
637645028 46.1538 9.77675 26 2.74468
637579494 98.3141 0.199802 4152 2.72456
637612262 81.7156 1.8365 443 2.79785
637645030 62.8571 8.16735 35 2.82353
637579496 98.3264 0.371092 1195 1.93667
637612264 99.1216 0.174912 2846 2.13761
637645032 98.1252 0.24817 2987 2.13624
637579498 98.5821 0.322977 1340 1.92921
637612266 98.5155 0.222126 2964 2.10484
637645034 98.6859 0.203875 3120 2.44977
637579620 97.7719 0.252716 3411 2.27068
637612388 78.4367 2.13516 371 2.65432
637645156 64.5161 8.59348 31 2.94
637579622 97.9221 0.220443 4187 2.68762
637612390 82.3204 2.0051 362 2.72895
637645158 76.9231 8.26286 26 3
637579624 97.5845 0.435642 1242 1.79221
637612392 98.3068 0.235083 3012 1.79098
637645160 98.5144 0.21283 3231 2.20607
637579626 98.0551 0.39312 1234 2.34609
637612394 99.1907 0.161208 3089 2.2588
637645162 98.9956 0.176659 3186 2.70694
637579748 97.4687 0.271057 3358 2.22433
637612516 76.5043 2.26947 349 2.83295
637645284 66.6667 10.2869 21 2.71795
637579750 0 0 4083 0
637612518 0 0 404 0
637645286 0 0 21 0
637579752 98.66 0.332756 1194 1.94397
637612520 99.2188 0.158848 3072 2.09465
637645288 98.7077 0.198115 3250 2.51544
637579754 45.9278 1.44401 1191 1.57614
637612522 99.0318 0.182082 2892 2.29454
637645290 98.373 0.223786 3196 2.52485
637579876 97.3898 0.293549 2950 2.71753
637612644 80.7018 2.33764 285 2.78608
637645412 65 10.6654 20 2.89189
637579878 98.3056 0.216889 3541 2.49698
637612646 75.0809 2.46066 309 2.58942
637645414 60 12.6491 15 2.92308
637579880 98.6268 0.330751 1238 2.14439
637612648 99.3076 0.158301 2744 2.33745
637645416 98.972 0.189912 2821 2.61329
637579882 98.7614 0.31783 1211 2.20308
637612650 99.0211 0.194811 2554 2.24808
637645418 99.23 0.163539 2857 2.44652
637580004 96.6603 0.350014 2635 2.47634
637612772 83.3333 1.91685 378 2.81903
637645540 73.6842 10.1023 19 2.91892
637580006 97.8462 0.220918 4318 2.74287
637612774 81.4621 1.98568 383 2.77698
637645542 87.5 6.75077 24 3.13953
637580008 98.5632 0.368301 1044 2.21124
637612776 99.3187 0.160037 2642 2.89517
637645544 99.1972 0.16672 2865 2.75789
637580010 98.9575 0.287627 1247 2.55996
637612778 99.2344 0.159036 3004 2.59821
637645546 98.8134 0.1865 3371 2.70797
637583460 96.9442 0.230081 5596 2.43895
637616228 63.7532 2.43731 389 2.41089
637648996 38.0952 10.5971 21 2.63158
637583462 96.4092 0.238244 6099 2.06707
637616230 67.5299 2.08996 502 2.28073
637648998 37.5 9.88212 24 2.23529
637583464 94.5705 0.64506 1234 1.80602
637616232 97.7728 0.263217 3143 2.17804
637649000 97.1485 0.260955 4068 2.19958
637583466 93.1298 0.73667 1179 2.13476
637616234 97.4181 0.281414 3176 2.27167
637649002 96.2917 0.298111 4018 2.4033
637583588 96.925 0.228849 5691 2.49172
637616356 71.2153 2.09065 469 2.76536
637649124 38.4615 9.54113 26 2.76667
637583590 96.9663 0.217297 6230 2.46294
637616358 66.9708 2.0091 548 2.295
637649126 27.2727 9.49515 22 2.9375
637583592 94.0935 0.675215 1219 1.87608
637616360 97.6807 0.261223 3320 2.03241
637649128 96.9035 0.268377 4166 2.2024
637583594 95.4032 0.574878 1327 2.03861
637616362 98.0006 0.245501 3251 2.13374
637649130 97.4315 0.246246 4127 2.35089
637583716 96.4631 0.242621 5796 2.29058
637616484 72.7103 1.92584 535 2.46967
637649252 24.3243 7.05339 37 2.25
637583718 96.8388 0.220524 6295 2.52842
637616486 70.7563 1.86483 595 2.14771
637649254 33.3333 9.6225 24 2.80769
637583720 95.6857 0.563953 1298 2.17804
637616488 97.097 0.295046 3238 2.24744
637649256 97.1488 0.252371 4349 2.30214
637583722 50.3247 1.42448 1232 1.97841
637616490 51.2576 0.891864 3141 2.2184
637649258 59.6946 0.763633 4126 2.03563
637583844 96.8627 0.238935 5323 2.70295
637616612 71.7868 2.51972 319 2.80423
637649380 19.0476 8.56891 21 3
637583846 96.4513 0.236585 6115 2.42169
637616614 70.8171 2.00517 514 2.4313
637649382 17.6471 9.24594 17 3
637583848 93.9967 0.681215 1216 2.06118
637616616 96.6387 0.32402 3094 2.0265
637649384 97.0756 0.271055 3864 2.42449
637583850 92.6494 0.741688 1238 1.86054
637616618 96.478 0.319821 3322 2.24525
637649386 95.6596 0.317301 4124 2.63406
637583972 97.1345 0.226116 5444 2.52416
637616740 71.1816 2.43139 347 2.84576
637649508 39.2857 9.22962 28 2.72222
637583974 96.712 0.250219 5079 2.82259
637616742 74.3455 2.23448 382 2.97727
637649510 16.6667 7.60726 24 2.83333
637583976 92.1778 0.800575 1125 2.14323
637616744 96.9859 0.302957 3185 2.237
637649512 95.3516 0.326727 4152 2.41621
637583978 90.583 0.874668 1115 2.3009
637616746 96.6905 0.322225 3082 2.45236
637649514 96.1548 0.306841 3927 2.62014
637584100 96.7523 0.233604 5758 2.23802
637616868 80.0399 1.78573 501 2.45277
637649636 36.6667 8.79815 30 3.2
637584102 96.6196 0.23856 5739 2.57227
637616870 77.7328 1.87185 494 2.86963
637649638 34.375 8.39617 32 2.95455
637584104 95.1365 0.628324 1172 1.90695
637616872 97.0553 0.294559 3294 2.03237
637649640 95.8907 0.311382 4064 2.48192
637584106 93.2952 0.715171 1223 1.92312
637616874 96.4166 0.323911 3293 2.03269
637649642 95.2094 0.33136 4154 2.13125
637587556 97.2421 0.309925 2792 2.47863
637620324 68.6709 2.60926 316 2.50284
637653092 50 11.7851 18 2.52381
637587558 97.7616 0.238658 3842 2.2442
637620326 85.3731 1.9307 335 2.36653
637653094 66.6667 9.07218 27 2.4359
637587560 98.3677 0.371407 1164 1.92577
637620328 98.9948 0.192479 2686 1.98489
637653096 98.6521 0.220096 2745 2.13514
637587562 98.19 0.366097 1326 2.65043
637620330 99.1358 0.175649 2777 2.46816
637653098 98.8014 0.19586 3087 2.59914
637587684 96.8144 0.31825 3045 2.62315
637620452 78.6111 2.16115 360 2.71711
637653220 66.6667 9.6225 24 2.90698
637587686 98.2188 0.210986 3930 2.4591
637620454 80.4296 1.93821 419 2.58052
637653222 72.4138 8.29961 29 3.02
637587688 97.8673 0.406038 1266 1.99691
637620456 99.1292 0.173395 2871 2.05499
637653224 98.7728 0.200508 3015 2.27308
637587690 98.3687 0.361787 1226 2.11915
637620458 98.94 0.18638 3019 1.99612
637653226 98.4992 0.219616 3065 2.36118
637587812 96.9466 0.300646 3275 2.50075
637620580 81 1.75442 500 2.53115
637653348 46.1538 9.77675 26 2.60784
637587814 97.2639 0.253843 4130 2.34497
637620582 79.1837 1.8341 490 2.77761
637653350 55.5556 8.28173 36 3.02041
637587816 97.8879 0.40982 1231 1.87789
637620584 98.9392 0.183671 3111 2.02898
637653352 98.5276 0.210951 3260 2.51113
637587818 98.0769 0.388754 1248 2.37789
637620586 99.1867 0.161992 3074 2.22659
637653354 98.4296 0.214006 3375 2.49734
637587940 97.5844 0.279291 3022 2.6004
637620708 80.1917 2.25277 313 2.64938
637653476 70.3704 8.78772 27 2.68293
637587942 0 0 3553 0
637620710 0 0 381 0
637653478 0 0 19 0
637587944 98.9641 0.285803 1255 1.95643
637620712 99.682 0.105838 2830 2.10857
637653480 99.1941 0.160536 3102 2.54608
637587946 97.893 0.408834 1234 1.92597
637620714 99.1919 0.167829 2846 2.14867
637653482 99.19 0.164668 2963 2.44791
637588068 97.5268 0.298394 2709 2.42156
637620836 78.125 2.43597 288 2.46629
637653604 62.5 12.1031 16 2.43243
637588070 97.9284 0.245028 3379 2.26593
637620838 71.9231 2.78691 260 2.80625
637653606 65 10.6654 20 2.95833
637588072 92.5926 0.759824 1188 1.51409
637620840 98.6653 0.215073 2847 1.80776
637653608 98.9659 0.187826 2901 2.3424
637588074 98.3592 0.373315 1158 2.43677
637620842 98.9721 0.193254 2724 2.09651
637653610 98.7402 0.2058 2937 2.36439
637588196 97.1093 0.298618 3148 2.15779
637620964 84.4581 1.63839 489 2.62312
637653732 48.5714 8.44809 35 2.96226
637588198 97.825 0.230635 4000 2.44161
637620966 78.2328 1.91574 464 2.35453
637653734 48.9362 7.2916 47 2.63934
637588200 98.6134 0.333966 1226 2.19086
637620968 98.3172 0.231397 3090 2.11056
637653736 99.3819 0.14136 3074 2.56651
637588202 98.3151 0.373572 1187 2.05306
637620970 99.1762 0.160899 3156 2.1022
637653738 98.6679 0.201785 3228 2.54008
