637566989 42.4647 0.446248 12269 1.22659
637632525 65.4535 0.512766 8600 1.44835
637566993 14.5729 0.312647 12736 1.21585
637632529 23.0742 0.395755 11333 1.68569
637566997 25.0577 1.47257 866 1.45213
637632533 13.5819 0.286804 14269 1.55642
637567001 7.57318 0.257093 10590 1.20109
637632537 5.4609 0.233746 9449 1.26611
637567005 38.2878 0.447083 11821 1.22212
637632541 54.0643 0.57908 7406 1.4129
637567117 19.1324 0.429993 8368 1.22499
637632653 34.3848 0.686521 4787 1.26185
637567121 43.0494 0.436714 12855 1.36577
637632657 41.619 0.455496 11711 1.37914
637567125 6.49442 0.218377 12734 1.31197
637632661 23.2688 0.344628 15033 1.53751
637567129 19.4124 0.350571 12729 1.40086
637632665 24.3362 0.393979 11863 1.69039
637567133 43.3297 0.454615 11881 1.426
637632669 57.0366 0.555891 7930 1.49211
637567245 23.2573 0.379913 12366 1.20299
637632781 42.9489 0.560984 7786 1.65013
637567249 17.0779 0.378402 9890 1.67472
637632785 27.0147 0.463065 9195 1.18607
637567253 28.8621 0.43477 10862 1.41263
637632789 27.6708 0.382816 13657 1.53416
637567257 14.4638 0.311429 12756 1.21706
637632793 21.4361 0.383548 11448 1.28381
637567261 36.5635 0.42905 12600 1.17747
637632797 57.3524 0.529469 8725 1.51799
637567373 30.8493 0.419814 12104 1.19676
637632909 53.5144 0.5659 7768 1.63315
637567377 20.7604 0.352982 13203 1.34921
637632913 28.4349 0.416725 11718 1.70587
637567381 19.0227 0.373013 11071 1.2997
637632917 18.3497 0.324928 14191 1.31988
637567385 18.2102 0.598573 4157 2.21934
637632921 24.9072 0.445331 9431 1.53342
637567389 43.7191 0.44314 12530 1.25726
637632925 70.492 0.477943 9106 1.43893
637567501 23.983 0.393484 11775 1.42177
637633037 46.7433 0.573492 7569 1.49563
637567505 14.4337 0.339456 10718 1.23326
637633041 27.5229 4.27794 109 1.34884
637567509 22.7514 0.367418 13019 1.20124
637633045 24.2929 0.354909 14601 1.4202
637567513 9.15079 0.255319 12753 1.42879
637633049 14.9388 0.33106 11594 1.70655
637567517 39.9762 0.451192 11787 1.20631
637633053 53.7132 0.531742 8793 1.50415
637567629 20.9403 0.37517 11762 1.30549
637633165 46.8196 0.584863 7279 1.4675
637567633 21.5817 0.364575 12733 1.35637
637633169 22.4701 0.387349 11611 1.67383
637567637 21.2199 0.354798 13280 1.25566
637633173 25.7208 0.362575 14533 1.79154
637567641 19.5249 0.349819 12840 1.24468
637633177 24.5824 0.398493 11675 1.59124
637567645 18.5321 0.377152 10614 1.16819
637633181 23.7385 0.50942 6976 1.42999
637567757 24.1574 0.404728 11185 1.31132
637633293 34.5298 0.564115 7104 1.5433
637567761 33.3146 0.422763 12430 1.22202
637633297 32.0114 0.433172 11599 1.32778
637567765 17.2973 0.333033 12898 1.21926
637633301 15.1157 0.301329 14131 1.34112
637567769 45.174 0.446701 12412 1.19488
637633305 54.569 0.462735 11578 1.34235
637567773 29.1345 0.416531 11900 1.27222
637633309 52.4075 0.582456 7352 1.65904
637567885 17.1068 0.355079 11247 1.39068
637633421 19.1289 0.463238 7209 1.45063
637567889 21.4846 0.362107 12865 1.41043
637633425 28.2637 0.418817 11559 1.4157
637567893 25.8621 0.37748 13456 1.26894
637633429 35.7055 0.396342 14614 1.28725
637567897 26.8988 0.393608 12692 1.54327
637633433 17.3713 0.353 11519 1.45795
637567901 35.3703 0.44577 11504 1.2501
637633437 53.2785 0.557049 8022 1.85912
637568013 20.8604 0.38628 11064 1.2304
637633549 43.8886 0.59933 6856 1.43011
637568017 19.2341 0.347384 12873 1.2263
637633553 26.4416 0.409761 11584 1.60029
637568021 31.4026 0.410619 12776 1.35882
637633557 20.2139 0.335749 14307 1.6375
637568025 38.8272 0.432374 12705 1.23603
637633561 47.7231 0.466968 11441 1.43802
637568029 19.1955 0.364337 11685 1.31313
637633565 48.0471 0.568189 7732 1.76226
637568141 22.9272 0.396271 11253 1.22189
637633677 38.1192 0.582834 6944 1.84316
637568145 15.4992 0.322148 12620 1.50517
637633681 25.9785 0.41033 11421 1.70426
637568149 20.7769 0.365357 12331 1.2352
637633685 19.7221 0.33938 13746 1.43045
637568153 22.4217 0.370905 12644 1.20182
637633689 21.8836 0.389725 11255 1.35806
637568157 37.6047 0.549984 7757 1.34075
637633693 58.3642 0.688723 5123 1.74512
637568269 30.4593 0.416455 12213 1.38063
637633805 52.7046 0.560621 7931 1.46664
637568273 33.0909 0.41613 12786 1.2985
637633809 35.1358 0.446925 11410 1.63826
637568277 28.9785 0.397583 13020 1.32218
637633813 29.6537 0.381644 14322 1.51446
637568281 26.6451 0.392473 12689 1.36744
637633817 34.1441 0.435774 11841 1.68328
637568285 30.9224 0.420924 12056 1.39564
637633821 59.304 0.559815 7701 1.64152
637568397 33.0782 0.431483 11890 1.26007
637633933 47.5799 0.589836 7169 1.62135
637568401 21.0984 0.361139 12764 1.21644
637633937 29.8577 0.426227 11528 1.58792
637568405 19.1144 0.34416 13053 1.28471
637633941 19.1958 0.330492 14201 1.49753
637568409 19.8832 0.352158 12845 1.24975
637633945 35.3986 0.447351 11427 1.57733
637568413 24.8606 0.40031 11657 1.32556
637633949 38.2756 0.586594 6866 1.29122
637569037 42.7749 0.476782 10768 1.2283
637634573 55.3701 0.451842 12104 1.31645
637569041 14.6221 0.328752 11551 1.3236
637634577 20.0529 0.369866 11719 1.37539
637569045 41.9248 1.64114 904 1.55186
637634581 24.4116 0.379846 12789 1.3605
637569049 12.7216 0.339292 9645 1.19483
637634585 14.0672 0.353474 9675 1.50893
637569053 19.2224 0.384204 10519 1.18341
637634589 21.2851 0.391058 10956 1.57319
637569165 26.8865 0.492724 8097 1.33719
637634701 32.612 0.530462 7810 1.45003
637569169 37.9548 0.450605 11598 1.33476
637634705 28.5202 0.412257 11995 1.73774
637569173 17.722 0.355386 11545 1.33321
637634709 27.7505 0.383605 13625 1.5438
637569177 10.111 0.277542 11799 1.31362
637634713 11.915 0.2951 12052 1.22869
637569181 35.6692 0.465202 10603 1.25042
637634717 40.9671 0.464495 11209 1.44674
637569293 26.8862 0.434382 10418 1.28129
637634829 44.2728 0.465354 11393 1.39074
637569297 20.5902 0.423511 9116 1.31347
637634833 32.225 0.475639 9654 1.54856
637569301 21.7558 0.409546 10149 1.28181
637634837 23.9012 0.384404 12309 1.43248
637569305 21.2722 0.378401 11696 1.22756
637634841 29.9056 0.42225 11757 1.707
637569309 48.3376 0.476295 11008 1.2276
637634845 56.544 0.450729 12095 1.42924
637569421 36.1657 0.472675 10333 1.15431
637634957 35.1055 0.452321 11135 1.54518
637569425 0 0 11960 0
637634961 5.61017 0.211841 11800 1.20513
637569429 16.0815 0.362782 10254 1.2447
637634965 21.178 0.36279 12683 1.477
637569433 11.3594 0.790581 1611 1.10538
637634969 16.4044 0.371955 9912 1.65539
637569437 48.4282 0.48196 10752 1.31194
637634973 50.6889 0.452747 12194 1.32848
637569549 25.9831 0.432129 10299 1.29407
637635085 33.1261 0.446737 11100 1.4096
637569553 27.0097 0.416401 11370 1.41548
637635089 24.1935 3.84585 124 1.58974
637569557 27.4191 0.417267 11430 1.26929
637635093 20.293 0.353144 12970 1.37407
637569561 12.7318 0.30885 11648 1.24513
637635097 9.0223 0.263824 11793 1.317
637569565 53.9282 0.493036 10221 1.28881
637635101 69.8291 0.4151 12227 1.37811
637569677 24.7611 0.424079 10359 1.28154
637635213 27.7434 0.433245 10680 1.43577
637569681 11.0654 0.293629 11414 1.25776
637635217 18.5566 0.358426 11764 1.72166
637569685 16.1895 0.337019 11946 1.2877
637635221 18.6949 0.341401 13041 1.46874
637569689 18.016 0.354036 11784 1.44324
637635225 20.6879 0.372375 11833 1.56644
637569693 27.9199 0.473135 8990 1.23357
637635229 34.0318 0.472166 10070 1.34664
637569805 20.3062 0.40244 9992 1.1666
637635341 32.6047 0.452117 10750 1.43846
637569809 27.3135 0.417699 11379 1.24727
637635345 35.9252 0.44447 11652 1.3941
637569813 16.7601 0.346902 11593 1.30781
637635349 15.813 0.3229 12768 1.52171
637569817 28.8133 0.423061 11460 1.28067
637635353 37.2698 0.446483 11728 1.29811
637569821 38.938 0.472717 10640 1.31576
637635357 33.4907 0.458601 10591 1.52654
637569933 42.768 0.492433 10094 1.18234
637635469 50.597 0.488637 10469 1.46577
637569937 6.6638 0.231109 11645 1.25614
637635473 8.19504 0.253689 11690 1.42641
637569941 26.7913 0.400073 12254 1.2697
637635477 30.8816 0.406096 12943 1.56231
637569945 23.975 0.397907 11512 1.26765
637635481 22.5648 0.38471 11806 1.52206
637569949 29.329 0.451582 10164 1.27549
637635485 43.3025 0.464991 11355 1.45889
637570061 24.5688 0.431098 9972 1.19428
637635597 37.4251 0.483446 10020 1.43718
637570065 23.854 0.396358 11562 1.20611
637635601 26.1301 0.404603 11791 1.70395
637570069 18.5683 0.363317 11455 1.33158
637635605 24.0003 0.377803 12779 1.51934
637570073 20.4343 0.376562 11466 1.12536
637635609 32.5809 0.435869 11562 1.2336
637570077 21.0207 0.402889 10228 1.32547
637635613 49.3803 0.47903 10893 1.5582
637570189 13.8107 0.348444 9804 1.21336
637635725 30.12 0.456887 10083 1.43549
637570193 11.9353 0.303047 11445 1.27824
637635729 22.1328 0.386082 11562 1.52211
637570197 17.0267 0.357321 11065 1.29378
637635733 16.0597 0.332519 12192 1.40019
637570201 13.414 0.317966 11488 1.28066
637635737 9.87055 0.275254 11742 1.44381
637570205 28.6991 0.566332 6380 1.31998
637635741 30.7967 0.551623 7004 1.44211
637570317 30.9491 0.445266 10779 1.23035
637635853 39.4127 0.462383 11169 1.40421
637570321 27.1747 0.411432 11691 1.16558
637635857 27.0047 0.414053 11498 1.51428
637570325 19.2383 0.364647 11685 1.20136
637635861 22.3108 0.368103 12792 1.56125
637570329 8.30153 0.25697 11528 1.23985
637635865 17.5539 0.349148 11872 1.39297
637570333 21.6568 0.401711 10514 1.44851
637635869 27.3553 0.422661 11124 1.48245
637570445 20.2628 0.398076 10196 1.15888
637635981 23.0365 0.408129 10644 1.4012
637570449 20.1491 0.373408 11539 1.38871
637635985 25.1453 0.401093 11700 1.38834
637570453 15.9483 0.337576 11763 1.17876
637635989 22.0066 0.367943 12678 1.53775
637570457 30.6399 0.428099 11596 1.24884
637635993 29.7804 0.420261 11840 1.43134
637570461 20.0118 0.396458 10184 1.22148
637635997 23.8744 0.419046 10350 1.52336
637567021 28.0273 0.38291 13758 1.13303
637632557 44.4366 0.53861 8511 1.39595
637567025 6.67508 0.267297 8719 1.15501
637599793 12.4438 0.385354 7337 1.3295
637632561 14.5947 0.45364 6057 1.37066
637567029 31.1534 0.564613 6728 1.22468
637599797 22.4556 0.465179 8047 1.23155
637632565 29.8464 0.52655 7552 1.26184
637567033 0 0 2 0
637599801 12.6871 0.429179 6014 1.30702
637632569 16.6723 0.485911 5884 1.77489
637567037 38.7288 0.419753 13468 1.21596
637632573 49.6404 0.547424 8342 1.24697
637567149 15.951 0.320336 13065 1.12783
637632685 18.5328 0.447542 7538 1.2263
637567153 11.9816 0.348565 8680 1.30621
637599921 20.2732 0.465223 7468 1.27042
637632689 24.4219 0.554133 6011 1.7293
637567157 19.2952 0.491659 6442 1.17901
637599925 28.1723 0.476481 8913 1.32162
637632693 18.6976 0.439275 7878 1.4249
637567161 10.6828 0.330355 8743 1.25018
637599929 14.748 0.410012 7479 1.33478
637632697 20.3821 0.512555 6177 1.32472
637567165 15.092 0.312845 13093 1.27017
637632701 26.9837 0.504599 7738 1.55156
637567277 24.1979 0.371675 13278 1.26911
637632813 45.094 0.534299 8673 1.47182
637567281 17.5159 0.479647 6280 1.14294
637600049 26.9438 0.515475 7408 1.31074
637632817 28.2526 0.693726 4212 1.52232
637567285 21.2366 0.509757 6437 1.39606
637600053 22.4576 0.465861 8024 1.46201
637632821 14.0478 0.39484 7745 1.35867
637567289 23.6143 0.523378 6585 1.24817
637600057 33.2222 0.623978 5698 1.50035
637632825 32.1054 0.683274 4669 1.46585
637567293 19.7695 0.339035 13799 1.17804
637632829 35.5514 0.504926 8987 1.57049
637567405 18.783 0.339157 13262 1.22538
637632941 31.852 0.514786 8191 1.39567
637567409 19.6994 0.426017 8716 1.22786
637600177 26.9081 0.740165 3590 1.39584
637632945 31.9656 1.01862 2096 1.67968
637567413 15.6474 0.453776 6410 1.16948
637600181 15.9543 0.412379 7885 1.27526
637632949 13.8925 0.395958 7630 1.21295
637567417 13.2953 0.42142 6491 1.2993
637600185 17.2562 0.445044 7209 1.3623
637632953 24.4501 0.683414 3955 1.3092
637567421 25.6732 0.373168 13703 1.31215
637632957 45.6608 0.537255 8596 1.39891
637567533 0.775881 0.0754239 13533 1.21138
637633069 39.646 0.519358 8871 1.66347
637567537 12.5348 0.356717 8616 1.18648
637600305 18.2299 0.44949 7378 1.34441
637633073 25.8716 0.550039 6339 1.42566
637567541 13.152 0.414349 6653 1.2441
637600309 17.1996 0.417686 8163 1.40325
637633077 12.7851 0.375884 7892 1.47991
637567545 20.5418 0.471371 7346 1.25809
637600313 23.1915 0.558584 5709 1.32646
637633081 21.6883 0.606325 4620 1.3802
637567549 33.9232 0.406532 13563 1.16344
637633085 49.3181 0.526442 9019 1.44409
637567661 13.9448 0.301984 13159 1.23628
637633197 40.6608 0.560212 7688 1.40911
637567665 11.3985 0.341516 8659 1.34905
637600433 27.08 0.516433 7404 1.55398
637633201 24.921 0.55773 6015 1.43253
637567669 16.1225 0.442001 6922 1.29923
637600437 21.5859 0.461568 7945 1.43693
637633205 23.5524 0.47659 7927 1.40799
637567673 15.7794 0.386333 8904 1.25326
637600441 30.4462 0.527169 7620 1.44902
637633209 20.1766 0.513163 6116 1.43635
637567677 14.2999 0.348489 10091 1.31219
637633213 19.942 0.507324 6203 1.47663
637567789 12.9802 0.291961 13251 1.14628
637633325 8.43453 0.319283 7576 1.31512
637567793 31.8641 0.507879 8417 1.17377
637600561 35.5326 0.56586 7154 1.14508
637633329 39.4342 0.634152 5939 1.39466
637567797 18.5474 0.480624 6540 1.56194
637600565 9.6907 0.330378 8018 1.23097
637633333 18.6376 0.439821 7839 1.21457
637567801 34.8303 0.580024 6747 1.16257
637600569 40.6277 0.648539 5735 1.37006
637633337 43.9435 0.860466 3327 1.35264
637567805 18.0855 0.331304 13497 1.23095
637633341 26.1795 0.484761 8224 1.61228
637567917 16.9641 0.327056 13169 1.24538
637633453 21.3121 0.471452 7545 1.56572
637567921 24.3747 0.462005 8636 1.35178
637600689 26.5271 0.511516 7449 1.28384
637633457 28.6328 0.581219 6049 1.49822
637567925 23.3048 0.50459 7020 1.17653
637600693 32.9814 0.524003 8050 1.75696
637633461 29.9751 0.524053 7643 1.27685
637567929 21.2734 0.442326 8560 1.21793
637600697 24.1347 0.494658 7483 1.21486
637633465 17.9432 0.492995 6058 1.26442
637567933 12.9722 0.291456 13290 1.16538
637633469 15.1117 0.416779 7385 1.20355
637568045 27.7194 0.387955 13312 1.19235
637633581 30.869 0.53413 7480 1.54935
637568049 16.0185 0.39402 8665 1.10981
637600817 25.5588 0.506174 7426 1.36104
637633585 30.16 0.586476 6124 1.43494
637568053 21.6941 0.508726 6564 1.24018
637600821 26.2068 0.491145 8017 1.4555
637633589 26.9531 0.501735 7821 1.40694
637568057 15.3579 0.387728 8647 1.35814
637600825 24.5315 0.492554 7631 1.19383
637633593 21.527 0.529509 6025 1.2049
637568061 6.30734 0.228321 11336 1.19965
637633597 23.3804 0.51068 6869 1.53153
637568173 18.5171 0.338385 13177 1.16073
637633709 29.8802 0.534056 7346 1.19919
637568177 28.7199 0.483502 8757 1.37595
637600945 20.5827 0.46955 7414 1.19274
637633713 31.4779 0.589919 6198 1.14851
637568181 19.0319 0.480549 6673 1.21365
637600949 19.4861 0.444544 7939 1.25907
637633717 17.2141 0.426754 7825 1.23432
637568185 16.3589 0.401145 8503 1.26637
637600953 21.1229 0.476501 7338 1.19395
637633721 24.0244 0.541407 6227 1.20585
637568189 19.189 0.340931 13341 1.28438
637633725 27.1032 0.507635 7667 1.38197
637568301 17.6242 0.329132 13402 1.14234
637633837 31.5252 0.503444 8517 1.64701
637568305 5.12523 0.237453 8624 1.27368
637601073 21.337 0.480987 7255 1.43225
637633841 26.3256 0.573206 5903 1.28007
637568309 16.1482 0.454394 6558 1.21627
637601077 19.1489 0.440192 7990 1.28292
637633845 30.7663 0.522007 7817 1.33666
637568313 16.2748 0.397287 8633 1.15795
637601081 25.734 0.508507 7391 1.1402
637633849 22.8662 0.542769 5987 1.25695
637568317 41.9392 0.418351 13913 1.26365
637633853 54.1253 0.541753 8460 1.42626
637568429 12.5229 0.283322 13647 1.26849
637633965 37.654 0.543272 7954 1.59196
637568433 20.1102 0.429432 8712 1.19811
637601201 26.8833 0.51058 7540 1.53347
637633969 25.7407 0.556284 6177 1.43532
637568437 27.7426 0.54331 6791 1.32179
637601205 33.504 0.527453 8008 1.4617
637633973 31.9025 0.53079 7711 1.37471
637568441 24.0388 0.461946 8557 1.18267
637601209 27.3893 0.507488 7722 1.39865
637633977 36.0778 0.611369 6170 1.57253
637568445 34.2285 0.406425 13629 1.23706
637633981 42.8203 0.561533 7765 1.18055
637569069 30.2557 0.591954 6022 1.19188
637601837 34.3437 0.521819 8281 1.14433
637634605 37.1157 0.608184 6310 1.30952
637569073 9.81129 0.265999 12506 1.19571
637634609 13.4757 0.331941 10582 1.3551
637569077 3.04953 0.167332 10559 1.12105
637634613 20.8625 0.382765 11269 1.52258
637569081 40 21.9089 5 1.79487
637634617 17.5571 0.376688 10201 1.34952
637569085 4.69568 0.270591 6112 1.1258
637601853 5.07219 0.245868 7965 1.26965
637634621 24.0711 0.543383 6190 1.25287
637569197 19.179 0.51383 5871 1.29002
637601965 21.4032 0.461571 7896 1.75121
637634733 25.8105 0.585647 5583 1.33811
637569201 8.38771 0.247286 12566 1.13116
637634737 14.2668 0.340061 10577 1.27565
637569205 19.0805 0.376796 10875 1.25945
637634741 16.828 0.340287 12087 1.45572
637569209 18.9019 0.350021 12512 1.23189
637634745 10.0885 0.29382 10507 1.6016
637569213 18.8316 0.50583 5974 1.73633
637601981 20.6861 0.456591 7870 1.35626
637634749 25.0043 0.569048 5791 1.359
637569325 21.0907 0.541965 5666 1.23886
637602093 35.9162 0.529542 8208 1.47525
637634861 40.1445 0.621042 6230 1.38346
637569329 19.2236 0.38966 10227 1.1176
637634865 22.0297 0.439609 8888 1.32427
637569333 16.6278 0.366939 10296 1.16752
637634869 4.4784 0.193815 11388 1.4322
637569337 15.3498 0.37425 9277 1.30765
637634873 31.9138 0.520157 8031 1.34258
637569341 25.2417 0.560901 5998 1.20356
637602109 32.0326 0.507386 8457 1.49819
637634877 40.0736 0.606757 6523 1.62762
637569453 21.7233 0.557144 5478 1.21429
637602221 13.9575 0.385146 8096 1.30785
637634989 33.3277 0.612964 5914 1.24163
637569457 5.55022 0.204753 12504 1.10233
637634993 9.28843 0.478366 3682 1.21148
637569461 25.463 0.432379 10152 1.1801
637634997 21.2132 0.382759 11408 1.19321
637569465 11.3037 0.307314 10616 1.12618
637635001 12.2226 0.360683 8247 1.2278
637569469 25.9431 0.5861 5593 1.31158
637602237 29.1771 0.497497 8349 1.22575
637635005 37.5503 0.614358 6213 1.26402
637569581 30.4172 0.597878 5921 1.36819
637602349 38.3953 0.53952 8126 1.57279
637635117 45.8503 0.623526 6386 1.48976
637569585 17.7454 0.342583 12437 1.14567
637635121 20.3344 0.388989 10706 1.23266
637569589 3.04011 0.170022 10197 1.20108
637635125 3.32367 0.16548 11734 1.63136
637569593 12.3559 0.317302 10756 1.13241
637635129 14.2259 0.381932 8365 1.44444
637569597 26.4079 0.569029 6002 1.16254
637602365 34.543 0.529192 8074 1.384
637635133 44.5933 0.620463 6418 1.46797
637569709 21.1137 0.529351 5944 1.26251
637602477 25.7366 0.490567 7942 1.48311
637635245 31.7818 0.620617 5629 1.36578
637569713 12.0359 0.292638 12363 1.20138
637635249 15.0096 0.349223 10460 1.40201
637569717 22.8327 0.404396 10774 1.21191
637635253 11.4591 0.296667 11528 1.57783
637569721 14.7627 0.313675 12789 1.20031
637635257 20.2393 0.390008 10613 1.37626
637569725 13.7786 0.456934 5690 2.03086
637602493 21.1986 0.546656 5590 1.31469
637635261 19.0884 0.590324 4432 1.30865
637569837 26.6798 0.566196 6102 1.20654
637602605 26.5533 0.493773 7999 1.14103
637635373 24.2096 0.570882 5630 1.28957
637569841 0 0 12168 0
637635377 42.933 0.49073 10174 1.21028
637569845 16.1736 0.362034 10344 1.1776
637635381 12.2058 0.303927 11601 1.50376
637569849 20.3115 0.412726 9502 1.19125
637635385 28.4592 0.544271 6873 1.15387
637569853 21.0425 0.516211 6235 1.14481
637602621 33.4562 0.523006 8139 1.35315
637635389 34.5487 0.605337 6171 1.26979
637569965 21.7488 0.538586 5867 1.3153
637602733 33.8373 0.528905 8003 1.30385
637635501 40.7265 0.649297 5726 1.44828
637569969 20.6877 0.363497 12418 1.35033
637635505 22.8673 0.411407 10421 1.75526
637569973 23.1879 0.404512 10885 1.2126
637635509 29.2601 0.427496 11326 1.43021
637569977 19.5534 0.35934 12182 1.67986
637635513 19.7469 0.388347 10508 1.54053
637569981 9.37296 0.372434 6124 1.36788
637602749 15.8042 0.410826 7884 1.18061
637635517 10.7468 0.41799 5490 1.21501
637570093 21.2601 0.536821 5809 1.12442
637602861 16.0922 0.406959 8153 1.1619
637635629 14.111 0.477525 5315 1.2099
637570097 13.0386 0.302463 12394 1.1642
637635633 15.9037 0.356778 10507 1.2828
637570101 17.0541 0.367113 10496 1.13967
637635637 16.1619 0.344894 11391 1.3
637570105 10.236 0.272994 12329 1.29284
637635641 17.6296 0.372403 10471 1.56535
637570109 16.9784 0.538273 4865 1.14556
637602877 27.3852 0.534945 6949 1.17938
637635645 29.1009 0.646395 4938 1.21226
637570221 8.81895 0.372893 5783 1.35392
637602989 14.0827 0.390048 7953 1.21361
637635757 16.3598 0.509604 5269 1.2794
637570225 12.0802 0.291783 12475 1.25909
637635761 14.8884 0.344682 10666 1.37575
637570229 13.6446 0.335774 10451 1.39975
637635765 15.9181 0.343657 11333 1.62426
637570233 16.3097 0.335992 12091 1.37243
637635769 18.6254 0.379316 10534 1.55776
637570237 14.4317 0.462543 5772 1.24284
637603005 15.233 0.400058 8068 1.21532
637635773 21.9604 0.555188 5560 1.28671
637570349 25.6994 0.585189 5576 1.11522
637603117 34.1611 0.516957 8416 1.43729
637635885 31.91 0.595062 6136 1.346
637570353 17.9058 0.347314 12186 1.1978
637635889 17.6385 0.374503 10358 1.51257
637570357 6.44654 0.243447 10176 1.31316
637635893 9.8923 0.278238 11514 1.5207
637570361 16.6358 0.33409 12425 1.16182
637635897 13.6446 0.335774 10451 1.56608
637570365 29.637 0.587926 6033 1.17237
637603133 30.5052 0.502609 8392 1.20789
637635901 33.1187 0.597184 6211 1.39944
637570477 21.6833 0.535721 5917 1.28668
637603245 26.9208 0.487121 8291 1.30022
637636013 29.7302 0.595408 5893 1.43957
637570481 7.05817 0.227705 12652 1.44927
637636017 8.71152 0.272789 10687 1.50796
637570485 16.198 0.356094 10705 1.2501
637636021 12.0216 0.306098 11288 1.2516
637570489 20.5727 0.364587 12293 1.16179
637636025 21.7633 0.394007 10968 1.48807
637570493 19.8194 0.50176 6312 1.32153
637603261 20.0346 0.444705 8101 1.15072
637636029 14.2956 0.461323 5757 1.30942
637567053 38.7937 0.708888 4725 1.13069
637632589 37.579 0.691401 4907 1.20314
637567057 89.6709 0.684816 1975 1.52126
637632593 85.3583 0.524964 4535 1.37286
637567061 24.7394 0.635932 4604 1.10813
637632597 27.8529 0.632063 5030 1.131
637567065 9.98357 0.429664 4868 1.20811
637632601 13.8876 0.524809 4342 1.25826
637567069 30.8041 0.677848 4639 1.11375
637632605 38.5251 0.690794 4963 1.21319
637567181 27.2309 1.35017 1087 1.13086
637632717 8.79486 0.407902 4821 1.30052
637567185 15.1816 0.482418 5533 1.10799
637632721 14.4019 0.520634 4548 1.25586
637567189 27.0364 0.635406 4886 1.16125
637632725 11.7155 0.443519 5258 1.40175
637567193 11.169 0.429756 5372 1.18627
637632729 12.9205 0.500636 4489 1.31001
637567197 15.491 0.515884 4919 1.2297
637632733 15.8797 0.545442 4490 1.20578
637567309 39.5538 0.706056 4796 1.11241
637632845 40.7741 0.703242 4883 1.18479
637567313 21.9581 0.66535 3871 1.14028
637632849 28.7121 0.748131 3657 1.20302
637567317 13.3087 0.500488 4606 1.25467
637632853 3.74749 0.26886 4990 1.32267
637567321 14.7611 0.474473 5589 1.14225
637632857 8.52189 0.406015 4729 1.40554
637567325 18.4072 0.552393 4922 1.15004
637632861 25.0642 0.609071 5063 1.22875
637567437 27.7108 0.674815 4399 1.13867
637632973 27.2086 0.640884 4822 1.18819
637567441 18.1682 0.528244 5328 1.18189
637632977 24.5472 0.628222 4693 1.26095
637567445 20.2405 0.599557 4491 1.09114
637632981 15.4932 0.506727 5099 1.24649
637567449 7.43521 0.40827 4129 1.09671
637632985 13.0111 0.559157 3620 1.1854
637567453 7.86984 0.409062 4333 1.19212
637632989 30.8596 0.646366 5107 1.20938
637567565 28.8359 0.660837 4699 1.1325
637633101 33.5351 0.682005 4792 1.29417
637567569 12.1644 0.447858 5327 1.16785
637633105 12.1743 0.483857 4567 1.27314
637567573 13.1019 0.504965 4465 1.12281
637633109 12.6562 0.468284 5041 1.16539
637567577 11.897 0.424196 5825 1.19143
637633113 16.2536 0.551274 4479 1.24192
637567581 18.118 0.553297 4846 1.26701
637633117 36.1248 0.688201 4872 1.17558
637567693 20.8817 0.596067 4650 1.12868
637633229 30.4953 0.668352 4745 1.19246
637567697 6.55916 0.333244 5519 1.11452
637633233 15.5807 0.535372 4589 1.18026
637567701 20.3875 0.591126 4645 1.1054
637633237 17.3697 0.534385 5026 1.1956
637567705 12.3693 0.438274 5643 1.26564
637633241 9.72489 0.432699 4689 1.87294
637567709 9.87312 0.420017 5044 1.15059
637633245 20.6484 0.79522 2591 1.27986
637567821 10.365 0.440178 4795 1.14802
637633357 19.9876 0.57376 4858 1.19703
637567825 27.5604 0.604249 5468 1.11008
637633361 32.4405 0.711366 4331 1.25336
637567829 5.6896 0.399802 3357 1.15088
637633365 10 9.48683 10 1
637567833 32.4449 0.63692 5403 1.1039
637633369 25.4005 0.663287 4307 1.19192
637567837 13.9769 0.49749 4858 1.14355
637633373 14.4907 0.503948 4879 1.35365
637567949 21.5385 0.600915 4680 1.14848
637633485 25.5863 0.63139 4776 1.21609
637567953 11.1609 0.43018 5358 1.25557
637633489 22.3409 0.621341 4494 1.21355
637567957 26.8094 0.648206 4670 1.24125
637633493 22.4885 0.590031 5007 1.15449
637567961 27.0713 0.606284 5371 1.2627
637633497 15.4648 0.532873 4604 1.54518
637567965 23.0848 0.603878 4869 1.14672
637633501 18.97 0.574332 4660 1.38474
637568077 25.2501 0.640697 4598 1.13215
637633613 21.2598 0.588958 4826 1.43187
637568081 16.3265 0.510447 5243 1.096
637633617 12.8113 0.500617 4457 1.31497
637568085 17.9621 0.566419 4593 1.46983
637633621 20.2608 0.569287 4985 1.40708
637568089 18.934 0.543456 5197 1.18831
637633625 9.49833 0.437795 4485 1.5437
637568093 32.4458 0.686044 4657 1.22945
637633629 32.4836 0.67149 4864 1.24105
637568205 16.9937 0.542665 4790 1.14897
637633741 22.0814 0.593109 4891 1.43015
637568209 12.7768 0.475786 4923 1.12332
637633745 0 0 0 0
637568213 4.86155 0.312672 4731 1.18407
637633749 7.35991 0.36679 5068 1.32424
637568217 20.0885 0.543924 5426 1.35872
637633753 15.4336 0.535289 4555 1.2548
637568221 27.4131 0.635889 4921 1.14269
637633757 27.6015 0.650118 4728 1.17184
637568333 18.2446 0.567161 4637 1.13894
637633869 21.6834 0.583365 4990 1.37324
637568337 27.4006 0.606664 5405 1.12698
637633873 26.6575 0.669721 4359 1.34052
637568341 6.47862 0.365397 4538 1.20615
637633877 4.96454 0.304875 5076 1.40394
637568345 7.6555 0.367832 5225 1.21395
637633881 11.6613 0.484857 4382 1.30404
637568349 35.4949 0.775308 3809 1.12412
637633885 26.4093 0.707285 3885 1.23256
637568461 71.1937 0.661763 4683 1.23197
637633997 81.3021 0.549311 5038 1.34789
637568465 22.6835 0.5753 5299 1.12094
637634001 26.2941 0.647889 4617 1.2737
637568469 15.9783 0.529191 4794 1.2362
637634005 22.445 0.584913 5088 1.59577
637568473 12.6684 0.448747 5494 1.19381
637634009 21.5682 0.599552 4706 1.40359
637568477 0 0 5096 0
637634013 0 0 4787 0
637571149 35.0317 0.705474 4573 1.20075
637636685 38.9742 0.767662 4036 1.2286
637571153 31.377 1.10232 1772 1.1103
637636689 24.5292 0.668538 4142 1.26587
637571157 32.5868 0.701427 4465 1.13093
637636693 53.68 0.705189 5000 1.1544
637571161 8.15542 0.399891 4684 1.12824
637636697 13.3659 0.51881 4302 1.27621
637571165 17.5632 0.559266 4629 1.16297
637636701 20.5286 0.647023 3897 1.31402
637571277 37.2117 1.56497 954 1.12179
637636813 22.1825 0.688831 3638 1.18843
637571281 28.913 0.642625 4977 1.13054
637636817 25.6369 0.658541 4396 1.17477
637571285 26.3925 0.627292 4937 1.17728
637636821 18.0266 0.515347 5564 1.49262
637571289 8.41652 0.388425 5109 1.25354
637636825 7.32636 0.401875 4204 1.34264
637571293 14.6316 0.515027 4709 1.15702
637636829 16.2555 0.594555 3851 1.16989
637571405 36.2146 0.720157 4454 1.10938
637636941 42.6225 0.792182 3897 1.20956
637571409 26.0542 0.733489 3581 1.15339
637636945 30.6387 0.781905 3476 1.24477
637571413 33.7896 0.714445 4383 1.17478
637636949 33.2434 0.678823 4816 1.31267
637571417 15.3456 0.503613 5122 1.16574
637636953 13.8242 0.531951 4210 1.28717
637571421 10.4497 0.44446 4737 1.10298
637636957 9.2437 0.462201 3927 1.17407
637571533 29.4216 0.65732 4806 1.13226
637637069 35.4605 0.743776 4137 1.22217
637571537 18.468 0.52342 5496 1.31731
637637073 13.6989 0.512333 4504 1.21581
637571541 4.5713 0.308892 4572 1.15854
637637077 10.7893 0.432568 5144 1.64408
637571545 4.87066 0.328603 4291 1.14595
637637081 10.596 0.522273 3473 1.19122
637571549 26.9256 0.651539 4635 1.1432
637637085 32.5691 0.720462 4231 1.12038
637571661 33.208 0.70051 4520 1.10273
637637197 28.8166 0.719446 3963 1.23591
637571665 17.6187 0.52924 5182 1.41283
637637201 20.5545 0.62473 4184 1.59571
637571669 10.7291 0.629894 2414 1.12291
637637205 9.83364 0.572527 2705 1.18214
637571673 17.8905 0.54068 5025 1.18863
637637209 27.4637 0.678051 4333 1.13979
637571677 23.251 0.608652 4817 1.2212
637637213 23.6711 0.687827 3819 1.41348
637571789 18.5769 0.567661 4694 1.10982
637637325 29.1821 0.738431 3790 1.2412
637571793 19.9754 0.572569 4876 1.13699
637637329 14.4695 0.553267 4043 1.33985
637571797 18.2607 0.561988 4726 1.10065
637637333 14.9054 0.510654 4864 1.21706
637571801 9.44131 0.407968 5137 1.23927
637637337 13.8983 0.538284 4130 1.22201
637571805 22.7313 0.620492 4562 1.13162
637637341 23.4164 0.682315 3852 1.22857
637571917 10.3813 0.439067 4826 1.2843
637637453 11.3074 0.522108 3679 1.29247
637571921 20.7308 0.566643 5118 1.09381
637637457 20.1826 0.614148 4271 1.17225
637571925 8.56633 0.482671 3362 1.17287
637637461 8.33333 7.97856 12 1
637571929 19.2877 0.550443 5138 1.23816
637637465 19.9359 0.627164 4058 1.24483
637571933 7.29483 0.383175 4606 1.1875
637637469 14.8312 0.572793 3850 1.27857
637572045 27.3565 0.652474 4668 1.08162
637637581 30.1318 0.730422 3946 1.24194
637572049 6.44851 0.340771 5195 1.15038
637637585 19.726 0.611621 4233 1.20956
637572053 23.9613 0.61216 4862 1.1143
637637589 26.5302 0.625431 4983 1.37119
637572057 20.5163 0.564743 5113 1.13831
637637593 17.6568 0.585442 4242 1.23645
637572061 27.9957 0.657354 4665 1.34203
637637597 28.8114 0.71715 3988 1.21523
637572173 2.90847 0.245746 4676 1.23214
637637709 9.32003 0.471041 3809 1.23841
637572177 12.9271 0.474231 5005 1.1857
637637713 18.2938 0.589447 4302 1.32775
637572181 15.0834 0.523482 4674 1.49915
637637717 14.0569 0.491842 4994 1.40604
637572185 13.0739 0.498459 4574 1.18314
637637721 17.0374 0.578333 4226 1.24423
637572189 27.4312 0.654431 4648 1.17795
637637725 37.1691 0.782403 3815 1.16504
637572301 21.1699 0.59798 4667 1.13111
637637837 24.7276 0.686713 3947 1.18641
637572305 15.1584 0.568589 3978 1.19316
637637841 0 0 0 0
637572309 19.9171 0.606022 4343 1.17889
637637845 24.1984 0.630376 4616 1.52482
637572313 14.1776 0.498926 4888 1.16438
637637849 19.8862 0.627737 4043 1.40111
637572317 24.6414 0.630513 4671 1.17659
637637853 32.3383 0.756929 3819 1.1939
637572429 21.8371 0.608086 4616 1.17799
637637965 24.1713 0.683618 3922 1.29685
637572433 0 0 5113 0
637637969 0 0 4367 0
637572437 10.033 0.445646 4545 1.20192
637637973 9.62828 0.420413 4923 1.28904
637572441 21.0225 0.572481 5066 1.29479
637637977 21.8237 0.628361 4321 1.61533
637572445 17.2179 0.568254 4414 1.1139
637637981 29.6805 0.742379 3787 1.18141
637572557 37.1811 0.704649 4704 1.11398
637638093 35.5214 0.753223 4037 1.25721
637572561 23.9199 0.639924 4444 1.09356
637638097 33.2528 0.771808 3726 1.23546
637572565 20 0.592674 4555 1.19208
637638101 21.031 0.584034 4869 1.21032
637572569 11.0954 0.446903 4939 1.19138
637638105 15.1989 0.552388 4224 1.16497
637572573 30.3456 0.675665 4630 1.13119
637638109 35.1987 0.772318 3824 1.24014
637567085 16.3043 3.85132 92 1.35
637632621 18 5.43323 50 1.29412
637567089 10.5413 0.946334 1053 1.2
637632625 6.19883 0.476119 2565 1.22008
637567093 27.6786 0.922543 2352 1.09601
637632629 21.904 0.830688 2479 1.25395
637567097 11.2706 0.847291 1393 1.28947
637632633 4.03536 0.385783 2602 1.23151
637567101 14.0244 2.71149 164 1.16216
637632637 3.8961 2.20516 77 1.28571
637567213 15.3846 4.47519 65 1.27273
637632749 14.2857 5.39949 42 1.125
637567217 3.79347 0.620137 949 1.10317
637632753 6.2423 0.49026 2435 1.31579
637567221 22.2363 0.854172 2370 1.15896
637632757 19.3127 0.823294 2299 1.38006
637567225 4.51228 0.534706 1507 1.27632
637632761 8.87902 0.547103 2703 1.28571
637567229 17.3709 2.5959 213 1.14062
637632765 26.087 6.47431 46 1.5
637567341 30.9055 2.05025 508 1.10843
637632877 18.4107 1.08712 1271 1.432
637567345 16.169 0.993593 1373 1.04518
637632881 18.3052 0.784318 2431 1.14217
637567349 16.915 0.784765 2282 1.12234
637632885 18.2507 0.751618 2641 1.24545
637567353 14.2142 0.873808 1597 1.17516
637632889 15.7913 0.686938 2818 1.23586
637567357 13.017 1.17365 822 1.18085
637632893 8.07018 0.609815 1995 1.11111
637567469 34.8592 2.82765 284 1.12879
637633005 38.7549 1.35909 1285 1.1755
637567473 38.756 3.36999 209 1.07921
637633009 35.6086 1.14204 1758 1.11487
637567477 20.3742 1.06031 1443 1.1276
637633013 27.6105 1.13155 1561 1.21305
637567481 19.6407 1.37484 835 1.05854
637633017 18.1009 0.937971 1685 1.18462
637567485 42.8571 2.88615 294 1.16883
637633021 26.3194 1.15289 1459 1.15281
637567597 20.7383 0.944656 1842 1.11775
637633133 26.443 0.837666 2772 1.21956
637567601 18.0838 0.675547 3246 1.11083
637633137 25.08 0.708049 3748 1.25742
637567605 9.13994 0.485514 3523 1.18824
637633141 9.81357 0.478716 3862 1.36505
637567609 14.2472 0.605349 3334 1.17675
637633145 17.2913 0.607981 3869 1.32478
637567613 13.0933 0.787898 1833 1.21008
637633149 24.5315 0.787144 2988 1.39391
637567725 15.6296 0.988331 1350 1.14182
637633261 16.5692 1.64155 513 1.27011
637567729 11.2642 0.553126 3267 1.12972
637633265 15.1279 0.567549 3986 1.36154
637567733 17.0138 0.617986 3697 1.12981
637633269 15.1964 0.564302 4047 1.26049
637567737 11.264 0.529873 3560 1.50508
637633273 15.5854 0.577417 3946 1.25899
637567741 16.6544 1.01138 1357 1.25419
637633277 28.482 1.78543 639 1.60248
637567853 24.6914 3.38795 162 1.11628
637633389 16.6667 7.60726 24 1.2
637567857 0 0 3214 0
637633393 0.0274801 0.0274763 3639 1
637567861 23.8326 0.823467 2677 1.13758
637633397 28.5714 17.0747 7 1
637567865 20.8799 0.759488 2864 1.16685
637633401 27.9102 0.742356 3651 1.55628
637567869 4.73684 1.5411 190 1.3125
637633405 7.40741 5.0401 27 1.83333
637567981 17.318 1.04749 1305 1.10938
637633517 19.8294 1.84109 469 1.27536
637567985 18.5474 0.673351 3332 1.14882
637633521 18.1297 0.621798 3839 1.32007
637567989 11.8789 0.513815 3965 1.13361
637633525 13.6145 0.532349 4150 1.6057
637567993 13.2613 0.587465 3333 1.22759
637633529 16.7269 0.599626 3874 1.30573
637567997 24.3077 1.18967 1300 1.254
637633533 28.4254 2.03976 489 1.39382
637568109 15.3801 0.872405 1710 1.1566
637633645 17.8464 0.701306 2981 1.29229
637568113 9.01109 0.615537 2164 1.21564
637633649 11.399 0.634456 2509 1.33282
637568117 11.193 0.511655 3797 1.27778
637633653 14.6127 0.560194 3976 1.41013
637568121 17.5109 0.834742 2073 1.68421
637633657 17.4578 0.751879 2549 1.33026
637568125 23.1808 1.02227 1704 1.27564
637633661 19.9206 0.726548 3022 1.38907
637568237 12.7262 0.805217 1713 1.23193
637633773 20.6173 0.700327 3337 1.3233
637568241 9.65226 0.532365 3077 1.45269
637633777 19.7497 0.928605 1838 1.30329
637568245 13.857 0.558125 3832 1.2
637633781 17.8795 0.605937 3999 1.26974
637568249 12.5918 0.620459 2859 1.22532
637633785 8.94914 0.442149 4168 1.25538
637568253 17.3628 0.925253 1676 1.39468
637633789 21.435 0.708061 3359 1.59065
637568365 13.2911 0.814307 1738 1.1197
637633901 20.6124 0.734038 3037 1.42516
637568369 12.5222 0.568781 3386 1.37483
637633905 16.4333 0.602346 3785 1.38797
637568373 9.4703 0.478914 3738 1.25536
637633909 12.1641 0.510861 4094 1.37015
637568377 14.4197 0.601396 3412 1.29829
637633913 18.0255 0.620404 3839 1.41398
637568381 21.1017 1.18782 1180 1.19022
637633917 16.3043 0.803055 2116 1.32667
637568493 11.4358 1.13442 787 1.15385
637634029 22.5497 1.13447 1357 1.07
637568497 26.0014 1.1429 1473 1.10606
637634033 19.1863 0.846662 2163 1.13382
637568501 4.70723 0.507445 1742 1.25581
637634037 9.21409 0.673344 1845 1.29167
637568505 18.1199 1.00532 1468 1.17325
637634041 16.2017 0.815198 2043 1.17422
637568509 18.5366 1.35703 820 1.05789
637634045 15.2716 0.909283 1565 1.18679
637571181 12.987 2.70886 154 1.1
637636717 0 0 22 1
637571185 12.7753 1.1078 908 1.10857
637636721 17.0291 0.657835 3265 1.35624
637571189 21.1451 0.666369 3755 1.0919
637636725 17.3072 0.599586 3981 1.18164
637571193 8.10718 0.505888 2911 1.26234
637636729 8.53726 0.465985 3596 1.34259
637571197 18.5629 3.00868 167 1.32432
637636733 9.67742 5.31003 31 1.5
637571309 0 0 0 0
637636845 9.33333 2.37518 150 1.15
637571313 0 0 3387 0
637636849 0 0 3868 0
637571317 17.7503 0.63288 3645 1.13142
637636853 17.2913 0.607981 3869 1.40726
637571321 13.379 0.587642 3356 1.26844
637636857 12.4025 0.531491 3846 1.30787
637571325 11.7938 0.857126 1416 1.23673
637636861 16.7286 1.60911 538 1.20652
637571437 20.6312 0.978278 1711 1.29873
637636973 22.6703 0.770756 2951 1.42467
637571441 23.6146 1.06579 1588 1.11464
637636977 19.8342 0.712055 3136 1.25638
637571445 13.7514 0.571133 3636 1.12325
637636981 13.3469 0.541725 3941 1.40576
637571449 19.4384 0.755719 2742 1.22525
637636985 13.3729 0.55887 3709 1.16395
637571453 20.2168 0.935005 1845 1.23346
637636989 28.1563 0.836485 2891 1.40734
637571565 39.0445 1.40016 1214 1.08754
637637101 26.2558 1.00135 1931 1.14826
637571569 30.1448 1.04346 1934 1.09169
637637105 28.804 0.851859 2826 1.11353
637571573 23.6387 0.872902 2369 1.12224
637637109 22.5976 0.810291 2664 1.13164
637571577 0 0 1536 0
637637113 0 0 2335 0
637571581 22.6399 1.20962 1197 1.17676
637637117 21.399 0.933538 1930 1.3495
637571693 42.2404 1.68727 857 1.14557
637637229 35.0265 1.09733 1890 1.33716
637571697 22.3235 0.993719 1756 1.15059
637637233 17.7175 0.716593 2839 1.29336
637571701 11.0224 0.885066 1252 1.2449
637637237 7.72502 0.710769 1411 1.22826
637571705 15.5251 0.865195 1752 1.12114
637637241 19.5021 0.736773 2892 1.39976
637571709 16.9184 1.18976 993 1.16667
637637245 23.1839 0.95787 1941 1.22277
637571821 12.5899 1.98962 278 1.42308
637637357 22.2222 6.19748 45 1.27778
637571825 11.0565 0.777211 1628 1.21839
637637361 12.8802 0.649134 2663 1.43353
637571829 16.9052 0.792613 2236 1.24125
637637365 13.5149 0.782482 1909 1.23956
637571833 11.1296 0.740046 1806 1.35311
637637369 11.0983 0.616615 2595 1.17341
637571837 0 0 301 0
637637373 0 0 55 0
637571949 17.4699 2.94712 166 1.22222
637637485 26.9841 5.59233 63 1.04545
637571953 43.6 1.1854 1750 1.15224
637637489 29.0582 0.88838 2612 1.21881
637571957 66.724 1.12865 1743 1.14905
637637493 70.6564 2.00063 518 1.32412
637571961 27.7108 1.07204 1743 1.13534
637637497 28.8123 0.876632 2669 1.67071
637571965 10.3261 2.24332 184 1.13043
637637501 11.8644 4.20991 59 1.66667
637572077 26.3441 1.44445 930 1.14917
637637613 21.2928 1.12891 1315 1.24342
637572081 26.6458 1.107 1595 1.16814
637637617 24.3891 0.940002 2087 1.32366
637572085 9.95286 0.685182 1909 1.16871
637637621 14.8032 0.813657 1905 1.3855
637572089 13.218 0.841734 1619 1.21294
637637625 11.788 0.717655 2019 1.79621
637572093 0 0 945 0
637637629 0 0 1342 0
637572333 12.1911 0.766718 1821 1.13959
637637869 18.5036 0.684229 3221 1.27263
637572337 13.1589 0.672999 2523 1.22243
637637873 27.897 1.69636 699 1.38559
637572341 21.123 0.703552 3366 1.1373
637637877 16.5359 0.611162 3695 1.43217
637572345 16.2009 0.801945 2111 1.11798
637637881 18.249 0.742372 2707 1.35227
637572349 15.8277 0.863198 1788 1.36522
637637885 21.5778 0.726396 3207 1.28163
637572589 17.4679 1.07479 1248 1.17284
637638125 29.9107 2.16322 448 1.54297
637572593 17.5 0.916182 1720 1.23246
637638129 20.2481 0.895211 2015 1.58814
637572597 18.6663 0.631334 3809 1.19177
637638133 15.2596 0.560096 4122 1.69948
637572601 10.8298 0.542769 3278 1.17538
637638137 15.347 0.577908 3890 1.64995
637572605 23.9394 1.17449 1320 1.20863
637638141 22.7533 1.83321 523 1.35931
637575661 23.994 1.16573 1342 1.08628
637641197 30.8407 0.971479 2260 1.21169
637575665 35.5452 0.906508 2788 1.08333
637641201 19.4063 0.706548 3133 1.1259
637575669 21.179 0.767627 2833 1.10664
637641205 19.5453 0.704649 3167 1.36034
637575673 18.5771 0.99822 1518 1.10309
637641209 5.09499 0.456927 2316 1.24771
637575677 29.0059 1.23597 1348 1.14426
637641213 23.0632 0.888837 2246 1.12927
637579757 24.7934 2.7758 242 1.15972
637645293 18.1908 1.20967 1017 1.1465
637579761 28.9951 1.84167 607 1.13357
637645297 24.7494 1.08024 1596 1.13455
637579765 21.2621 1.2749 1030 1.08777
637645301 30.1821 1.3519 1153 1.17315
637579769 0 0 257 0
637645305 0 0 1028 0
637579773 17.0213 2.74095 188 1.16239
637645309 39.9402 1.54572 1004 1.11993
