637566980 98.7614 0.282387 1534 1.81695
637599748 96.7004 0.345886 2667 1.82235
637632516 96.3483 0.299742 3916 2.16706
637566982 98.22 0.333388 1573 2.0362
637599750 97.2903 0.312823 2694 1.84673
637632518 91.6487 0.428577 4167 1.81198
637566984 93.0233 3.88497 43 1.35484
637599752 96.2366 0.986714 372 1.52778
637632520 98.6239 0.55793 436 1.61162
637566986 95.5556 3.07207 45 1.74627
637599754 96.0396 0.970295 404 1.56061
637632522 98.6486 0.547946 444 1.79121
637567108 99.0251 0.259288 1436 1.94098
637599876 97.8749 0.286107 2541 2.04962
637632644 97.2744 0.264875 3779 2.25946
637567110 99.1287 0.240604 1492 1.81965
637599878 98.3388 0.242895 2769 1.94775
637632646 98.041 0.206778 4492 2.18428
637567112 94.6429 3.00896 56 1.52308
637599880 97.0976 0.862306 379 1.68957
637632648 98.2051 0.672283 390 2.0664
637567114 100 0 54 1.825
637599882 96.6667 0.908962 390 1.66814
637632650 98.5782 0.576307 422 1.93666
637567236 99.0613 0.241224 1598 1.87431
637600004 98.5513 0.233305 2623 2.23507
637632772 97.6898 0.239364 3939 2.37974
637567238 92.0741 0.735236 1350 1.47156
637600006 90.2921 0.613615 2328 1.44376
637632774 88.3605 0.507386 3995 1.5397
637567240 90.9091 3.87638 55 1.34247
637600008 95.1219 1.06383 410 1.4814
637632776 96.7816 0.846196 435 1.41333
637567242 96.5517 2.39589 58 1.47368
637600010 97.2081 0.829949 394 1.8385
637632778 97.8102 0.721891 411 1.75901
637567364 98.7101 0.294005 1473 1.98027
637600132 98.2102 0.258722 2626 2.14066
637632900 97.8211 0.233749 3901 2.20266
637567366 98.0716 0.360898 1452 2.07995
637600134 97.3005 0.320569 2556 2.28599
637632902 95.3098 0.329593 4115 2.08008
637567368 98 1.9799 50 1.32836
637600136 91.623 1.41747 382 1.25806
637632904 96 0.979796 400 1.36935
637567370 95.7447 2.94425 47 1.44118
637600138 93.7662 1.23216 385 1.38337
637632906 97.4118 0.770217 425 1.61583
637567492 97.4288 0.417238 1439 1.54797
637600260 98.0226 0.279679 2478 1.8628
637633028 95.651 0.335213 3702 1.91684
637567494 49.6881 1.31622 1443 1.47905
637600262 96.1738 0.369719 2692 2.11063
637633030 97.1818 0.249488 4400 2.46066
637567496 88.0952 4.99703 42 1.30952
637600264 88.5714 1.70063 350 1.26829
637633032 95.0867 1.16201 346 1.45312
637567498 0 0 46 0
637600266 0 0 367 0
637633034 0 0 377 0
637567620 97.5661 0.406373 1438 1.64684
637600388 96.3064 0.371893 2572 1.72405
637633156 95.2489 0.337284 3978 1.86086
637567622 98.0742 0.367038 1402 1.74085
637600390 97.1737 0.337857 2406 1.86358
637633158 95.6522 0.324232 3956 1.87055
637567624 61.7021 7.09069 47 1.19444
637600392 91.4209 1.45007 373 1.33492
637633160 97.2362 0.821726 398 1.42012
637567626 90.7692 3.59031 65 1.39189
637600394 93.6842 1.24783 380 1.3785
637633162 93.8272 1.19586 405 1.39104
637571076 97.9592 0.375083 1421 1.73227
637603844 95.6701 0.462089 1940 2.05635
637636612 96.086 0.364154 2836 2.156
637571078 98.2759 0.348891 1392 1.89692
637603846 98.9289 0.227129 2054 1.90845
637636614 97.0131 0.294191 3348 2.0222
637571080 100 0 48 1.56716
637603848 94.9416 0.966611 514 1.46333
637636616 97.6608 0.667319 513 1.64706
637571082 98.5714 1.41833 70 1.4375
637603850 96.5447 0.823424 492 1.5539
637636618 99.0329 0.430411 517 1.66614
637571204 99.0291 0.267962 1339 2.33856
637603972 98.2415 0.318221 1706 2.65989
637636740 97.5639 0.308088 2504 2.75687
637571206 97.808 0.402556 1323 1.82473
637603974 97.2564 0.386523 1786 2.04925
637636742 96.7485 0.31064 3260 2.08148
637571208 96 2.77128 50 1.46875
637603976 98.4615 0.539728 520 1.79392
637636744 98.5011 0.56228 467 1.77342
637571210 97.8261 2.15015 46 2.01471
637603978 98.5019 0.525685 534 2.03529
637636746 98.7421 0.51028 477 2.1066
637571332 97.3098 0.448575 1301 1.76634
637604100 98.3589 0.29716 1828 2.05718
637636868 97.6384 0.306405 2456 2.26382
637571334 98.4848 0.320575 1452 2.21369
637604102 98.7127 0.255804 1942 2.64409
637636870 97.8586 0.242996 3549 2.99299
637571336 80 6.32455 40 1.13636
637604104 97.3832 0.690164 535 1.7753
637636872 98.1891 0.598132 497 1.72947
637571338 90.1961 4.16398 51 1.14286
637604106 96.4215 0.828238 503 1.3906
637636874 95.966 0.906598 471 1.35727
637571460 97.9561 0.38931 1321 1.68915
637604228 94.3195 0.548946 1778 1.8154
637636996 96.2753 0.356662 2819 1.98209
637571462 97.2242 0.432766 1441 1.61204
637604230 94.1514 0.536233 1915 1.70241
637636998 94.7849 0.381632 3394 1.72178
637571464 90.6977 4.42955 43 1.4386
637604232 97.561 0.695446 492 1.575
637637000 96.9072 0.786107 485 1.58864
637571466 89.3617 4.49741 47 1.63158
637604234 93.8689 1.10306 473 1.54635
637637002 94.6257 0.987975 521 1.4424
637571588 85.1562 0.947499 1408 1.44992
637604356 80.1998 0.965922 1702 1.50436
637637124 83.1607 0.732909 2607 1.6486
637571590 95.6727 0.570729 1271 1.44487
637604358 97.0408 0.400423 1791 1.73882
637637126 97.3565 0.299193 2875 1.96944
637571592 89.6552 3.99885 58 1.37975
637604360 84.4898 1.63536 490 1.28512
637637128 92.8862 1.1589 492 1.36266
637571594 40.9091 7.41215 44 1.16667
637604362 91.6667 1.27759 468 1.34369
637637130 94.6392 1.02278 485 1.39818
637571716 96.6317 0.493582 1336 1.68869
637604484 97.6177 0.363192 1763 1.83
637637252 96.9318 0.335638 2640 2.02632
637571718 97.9381 0.385616 1358 1.75683
637604486 98.7611 0.268678 1695 2.04914
637637254 97.1074 0.298805 3146 2.1363
637571720 37.5 6.46936 56 1.34146
637604488 43.8384 2.2302 495 1.28679
637637256 88.9943 1.36328 527 1.33972
637571722 94.1176 3.29478 51 1.44776
637604490 96.1538 0.865234 494 1.32778
637637258 95.4357 0.950648 482 1.45234
637575172 98.5185 0.313504 1485 1.76261
637607940 97.9132 0.292024 2396 1.89697
637640708 93.3207 0.410554 3698 1.85194
637575174 98.4032 0.323334 1503 1.84473
637607942 97.9497 0.278727 2585 1.84915
637640710 97.4647 0.243106 4181 2.15013
637575176 98.1818 1.80158 55 1.30882
637607944 96.6942 0.938392 363 1.5253
637640712 96.338 0.996878 355 1.62361
637575178 92.8571 3.44152 56 1.58333
637607946 95.4955 0.984291 444 1.36566
637640714 96.7901 0.875855 405 1.54141
637575300 98.0112 0.348062 1609 2.05375
637608068 98.5294 0.2368 2584 2.20067
637640836 96.9162 0.280669 3794 2.07624
637575302 98.5658 0.303563 1534 1.86068
637608070 96.2203 0.361823 2778 1.89488
637640838 96.85 0.263886 4381 2.09033
637575304 96.3636 2.52411 55 1.88406
637608072 99.3603 0.368124 469 2.10358
637640840 99.5349 0.328122 430 2.18854
637575306 94.3396 3.17418 53 1.45833
637608074 98.3834 0.606069 433 2.05534
637640842 98.8067 0.530473 419 2.21196
637575428 96.4761 0.475444 1504 2.29348
637608196 98.5016 0.241248 2536 2.33453
637640964 97.6178 0.245384 3862 2.50314
637575430 99.3271 0.212088 1486 1.97318
637608198 97.8158 0.302484 2335 2.48062
637640966 96.2399 0.293461 4202 2.5589
637575432 88.6792 4.35222 53 1.46154
637608200 93.6548 1.22811 394 1.50355
637640968 96.7089 0.897652 395 1.61111
637575434 94.6429 3.00896 56 1.45455
637608202 96.144 0.976241 389 1.42826
637640970 97.0183 0.814539 436 1.56481
637575556 97.66 0.396582 1453 1.67457
637608324 93.5294 0.487165 2550 1.77479
637641092 93.392 0.40551 3753 1.87987
637575558 70.4117 1.3367 1166 1.39648
637608326 82.3978 0.889044 1835 1.46268
637641094 69.5549 0.848257 2943 1.6425
637575560 91.4894 4.07022 47 1.5082
637608328 94.3152 1.17704 387 1.43852
637641096 97.0899 0.864553 378 1.58799
637575562 95.2381 2.68303 63 1.57471
637608330 96.1446 0.945092 415 1.40042
637641098 96.875 0.853069 416 1.57283
637575684 99.1953 0.241642 1367 1.70625
637608452 97.793 0.286578 2628 1.93924
637641220 97.5439 0.254292 3705 2.11886
637575686 98.3806 0.327878 1482 2.02689
637608454 97.4557 0.309176 2594 1.93426
637641222 96.3596 0.29474 4038 2.10856
637575688 92.7536 3.12105 69 1.27586
637608456 93.4884 1.18984 430 1.28138
637641224 97.8261 0.679938 460 1.42535
637575690 88.1356 4.20991 59 1.32895
637608458 89.2473 1.60614 372 1.28288
637641226 92.4479 1.34839 384 1.36009
637575812 96.8839 0.4624 1412 1.48295
637608580 97.408 0.324887 2392 1.86297
637641348 96.1365 0.323643 3546 2.06831
637575814 96.469 0.476377 1501 1.61687
637608582 97.3204 0.318236 2575 1.75933
637641350 96.9653 0.267283 4119 2.04345
637575816 90.566 4.01506 53 1.45161
637608584 93.6575 1.12065 473 1.28265
637641352 98.6842 0.533623 456 1.39619
637575818 91.6667 3.56812 60 1.36111
637608586 73.7844 2.02224 473 1.15385
637641354 75.8373 2.09376 418 1.22062
637579268 97.5592 0.419676 1352 1.76208
637612036 94.7034 0.515443 1888 1.83516
637644804 96.6142 0.334473 2924 2.15108
637579270 98.6182 0.314813 1375 2.26909
637612038 72.7715 1.03464 1851 1.65273
637644806 97.0851 0.290129 3362 2.68071
637579272 92.5926 3.56389 54 1.70513
637612040 96.9314 0.732735 554 1.50324
637644808 97.9839 0.631096 496 1.59411
637579274 100 0 47 1.53247
637612042 97.2015 0.712389 536 1.52922
637644810 70.8511 2.09621 470 1.35784
637579396 99.3382 0.219857 1360 2.0877
637612164 99.1228 0.218335 1824 2.18062
637644932 96.4783 0.362613 2584 2.12127
637579398 98.4827 0.32859 1384 1.99052
637612166 98.4119 0.287642 1889 2.53079
637644934 97.4795 0.268347 3412 2.72055
637579400 0 0 63 0
637612168 98.9837 0.45217 492 1.78697
637644936 94.1176 1.05971 493 1.93497
637579402 98.1818 1.80158 55 1.38961
637612170 97.4265 0.678897 544 1.48756
637644938 98.5417 0.547165 480 1.74098
637579524 98.6343 0.319694 1318 1.75524
637612292 97.9978 0.330347 1798 1.94211
637645060 96.6679 0.341561 2761 2.18541
637579526 98.4275 0.332622 1399 2.08299
637612294 94.0869 0.539564 1911 1.93999
637645062 95.1971 0.35628 3602 2.1366
637579528 96.2264 2.6175 53 1.4127
637612296 94.697 0.975244 528 1.66551
637645064 98.7069 0.524483 464 1.74188
637579530 97.8261 2.15015 46 1.24638
637612298 96.3462 0.822793 520 1.36797
637645066 97.7551 0.669221 490 1.52922
637579652 96.803 0.479685 1345 1.4893
637612420 96.2823 0.439157 1856 1.84862
637645188 96.9198 0.323249 2857 2.05355
637579654 96.1268 0.512053 1420 1.79254
637612422 96.4025 0.425226 1918 2.03627
637645190 95.3724 0.367775 3263 2.0046
637579656 97.4359 2.53102 39 1.18
637612424 86.5707 1.66972 417 1.18245
637645192 94.2605 1.09283 453 1.37803
637579658 88.8889 4.27667 54 1.47826
637612426 94.664 0.999134 506 1.45439
637645194 98.622 0.517216 508 1.62379
637579780 92.3895 0.758546 1222 1.26894
637612548 91.8367 0.680903 1617 1.46224
637645316 94.7582 0.449254 2461 1.56405
637579782 97.1527 0.488541 1159 1.6216
637612550 97.9816 0.347786 1635 1.59282
637645318 94.9468 0.399378 3008 1.65338
637579784 65.5172 6.24115 58 1.15556
637612552 87.4502 1.47859 502 1.21415
637645320 92.7126 1.16948 494 1.3287
637579786 95.3488 3.21147 43 1.22034
637612554 94.1973 1.02823 517 1.26519
637645322 89.3709 1.43547 461 1.34951
637579908 97.2973 0.450624 1295 1.86843
637612676 95.8129 0.467063 1839 1.88896
637645444 95 0.429079 2580 1.93436
637579910 97.5327 0.417893 1378 1.80714
637612678 97.1809 0.374727 1951 2.1974
637645446 93.6628 0.415387 3440 2.06983
637579912 92 3.83666 50 1.18462
637612680 85.9213 1.58255 483 1.26815
637645448 80.5497 1.81997 473 1.26763
637579914 96.4912 2.43716 57 1.29333
637612682 95.0459 0.929506 545 1.36689
637645450 96.4637 0.818654 509 1.38789
637583364 98.743 0.294406 1432 1.95098
637616132 98.6889 0.226729 2517 2.24384
637648900 98.1263 0.221837 3736 2.51104
637583366 98.4512 0.320441 1485 1.97437
637616134 97.1469 0.363037 2103 1.98726
637648902 94.8907 0.386292 3249 2.14974
637583368 83.7838 6.05974 37 1.44186
637616136 95.8944 1.0745 341 1.59843
637648904 97.5309 0.771109 405 1.59763
637583370 98.2456 1.73893 57 1.69333
637616138 97.4026 0.810634 385 1.63554
637648906 99.5025 0.350919 402 1.76679
637583492 98.6709 0.288102 1580 2.11555
637616260 98.8049 0.213354 2594 2.22155
637649028 97.6559 0.238929 4010 2.33384
637583494 96.0079 0.500835 1528 1.82638
637616262 50.1567 0.989755 2552 1.39345
637649030 56.012 0.754073 4333 1.5084
637583496 91.1111 4.24232 45 1.16667
637616264 96.6921 0.902142 393 1.54444
637649032 97.1831 0.801635 426 1.60335
637583498 98.0769 1.9045 52 2.01351
637616266 97.7444 0.910415 266 2.01661
637649034 98.366 0.724747 306 2.19794
637583620 98.4761 0.330009 1378 1.975
637616388 98.4883 0.261153 2183 2.04775
637649156 96.9035 0.312735 3068 2.11273
637583622 86.8351 0.871831 1504 1.80787
637616390 97.9584 0.277558 2596 2.42166
637649158 87.5865 0.500865 4334 2.11039
637583624 93.8776 3.42488 49 1.54839
637616392 94.2257 1.19501 381 1.55034
637649160 95.4217 1.02601 415 1.46154
637583626 97.8723 2.1049 47 1.44118
637616394 97.6923 0.760304 390 1.73763
637649162 99.0453 0.475043 419 1.7974
637583748 97.021 0.442363 1477 1.41258
637616516 97.6123 0.307118 2471 1.96999
637649284 96.0662 0.320195 3686 2.09672
637583750 83.1709 0.953667 1539 1.32345
637616518 93.4873 0.480145 2641 1.72204
637649286 88.3406 0.486211 4357 1.73906
637583752 95.2381 3.28603 42 1.2549
637616520 72.6064 2.29995 376 1.19048
637649288 81.448 1.84895 442 1.15385
637583754 97.7273 2.24675 44 1.36765
637616522 95.2381 1.09534 378 1.29371
637649290 97.8947 0.736447 380 1.53878
637583876 87.3848 0.883896 1411 1.30171
637616644 85.4777 0.6915 2596 1.33261
637649412 80.446 0.654068 3677 1.37221
637583878 90.4861 0.773195 1440 1.48478
637616646 0 0 2378 0
637649414 95.8797 0.331633 3592 2.11097
637583880 95.9184 2.82663 49 1.53731
637616648 85.4396 1.8487 364 1.17486
637649416 95.3771 1.03576 411 1.34774
637583882 91.0714 3.81055 56 1.14516
637616650 92.2581 1.51791 310 1.28313
637649418 94.0722 1.19884 388 1.36087
637584004 98.1723 0.342227 1532 1.69615
637616772 98.3798 0.245068 2654 1.93198
637649540 97.2811 0.268165 3678 2.1795
637584006 0 0 1515 0
637616774 0 0 2584 0
637649542 0 0 4026 0
637584008 75.5102 6.14324 49 1.275
637616776 95.6647 1.09483 346 1.57547
637649544 98.0392 0.647155 459 1.64583
637584010 89.7436 4.85811 39 1.29825
637616778 94.517 1.16323 383 1.37182
637649546 96.9925 0.855041 399 1.41096
637587460 98.6975 0.304987 1382 2.03542
637620228 97.0742 0.385216 1914 2.03925
637652996 97.0194 0.32824 2684 2.36602
637587462 97.0904 0.46509 1306 1.99428
637620230 82.3561 0.884108 1859 2.30336
637652998 96.6024 0.327452 3061 2.32938
637587464 94 3.35857 50 1.47761
637620232 97.5845 0.616091 621 1.59344
637653000 97.417 0.681369 542 1.72239
637587466 100 0 39 1.34545
637620234 97.615 0.629773 587 1.48906
637653002 98.9775 0.45493 489 1.70113
637587588 98.4444 0.3368 1350 2.18385
637620356 98.4988 0.292183 1732 2.21546
637653124 97.2811 0.325203 2501 2.41797
637587590 99.3061 0.230499 1297 2.23521
637620358 98.2115 0.303975 1901 2.47385
637653126 97.8931 0.254675 3180 2.53643
637587592 94.2308 3.23336 52 1.3662
637620360 95.993 0.8186 574 1.45086
637653128 93.6475 1.1041 488 1.44286
637587594 98.2759 1.70921 58 1.44737
637620362 95.614 0.857741 570 1.48226
637653130 94.332 1.04035 494 1.48217
637587716 97.9094 0.377677 1435 1.75349
637620484 97.9028 0.324073 1955 1.78439
637653252 95.54 0.39631 2713 1.93903
637587718 98.1523 0.366119 1353 1.91446
637620486 96.0204 0.441543 1960 1.80665
637653254 96.4793 0.317011 3380 2.04269
637587720 96.1538 2.66683 52 1.41538
637620488 97.6868 0.634094 562 1.71895
637653256 97.9964 0.598039 549 1.81437
637587722 97.8723 2.1049 47 1.72973
637620490 97.7816 0.608419 586 1.59879
637653258 98.004 0.624862 501 1.65724
637587844 90.2875 0.825449 1287 1.51487
637620612 93.7215 0.579538 1752 1.49372
637653380 92.1466 0.539859 2483 1.70614
637587846 95.6554 0.553198 1358 1.44427
637620614 96.4245 0.445903 1734 1.61509
637653382 95.7663 0.364778 3047 1.72162
637587848 94.3396 3.17418 53 1.32812
637620616 90.0161 1.203 621 1.24606
637653384 95.8095 0.874493 525 1.34597
637587850 98.1132 1.86891 53 1.52632
637620618 92.5344 1.165 509 1.30545
637653386 95.6159 0.93549 479 1.41125
637587972 94.0554 0.674769 1228 1.5455
637620740 97.2881 0.38608 1770 1.99224
637653508 95.2726 0.437973 2348 2.25949
637587974 96.9597 0.492159 1217 1.58942
637620742 96.0872 0.458428 1789 1.80796
637653510 95.3636 0.384032 2998 1.86764
637587976 84.4444 5.40284 45 1.14583
637620744 86.5275 1.48729 527 1.22306
637653512 93.3078 1.09268 523 1.29313
637587978 83.3333 5.75055 42 1.29268
637620746 89.1228 1.30411 570 1.24071
637653514 95.4545 0.946813 484 1.22662
637588100 97.9928 0.375493 1395 1.73027
637620868 96.8103 0.415694 1787 1.87189
637653636 95.2213 0.422178 2553 1.9703
637588102 97.9197 0.382271 1394 1.90549
637620870 95.8487 0.457265 1903 1.8972
637653638 94.2248 0.409946 3238 2.01283
637588104 96.1538 2.66683 52 1.58228
637620872 93.7288 0.998126 590 1.29952
637653640 94.0741 1.01605 540 1.45528
637588106 100 0 41 1.60938
637620874 97.695 0.631872 564 1.48777
637653642 95.3033 0.93592 511 1.52273
637567012 95.1781 0.501472 1825 2.27669
637599780 94.4884 0.414577 3030 2.23225
637632548 98.3168 0.251614 2614 2.80828
637567014 90.6638 0.675872 1853 1.60901
637599782 71.5879 0.816891 3048 1.33025
637632550 86.0137 0.696341 2481 1.41405
637567016 65.3846 6.59737 52 1.43103
637599784 93.6763 0.796818 933 1.53643
637632552 92.2735 0.795719 1126 1.61986
637567018 70.5882 6.38031 51 1.25
637599786 96.2162 0.62736 925 1.47024
637632554 91.3246 0.859688 1072 1.61281
637567140 96.0182 0.466345 1758 2.00546
637599908 93.6552 0.452665 2900 1.95574
637632676 97.1374 0.325779 2620 2.5694
637567142 91.1636 0.664929 1822 1.60924
637599910 95.1742 0.383127 3129 1.80876
637632678 96.4087 0.35803 2701 1.897
637567144 55.2632 8.06601 38 1.76667
637599912 94.386 0.787242 855 1.46982
637632680 95.8852 0.61446 1045 1.82283
637567146 40.5405 8.0715 37 1.51429
637599914 95.3333 0.70308 900 1.64467
637632682 94.6 0.714731 1000 1.76201
637567268 93.2615 0.582052 1855 1.82039
637600036 94.2688 0.421849 3036 1.91461
637632804 96.2684 0.359022 2787 2.02925
637567270 95.2247 0.505434 1780 1.81609
637600038 95.8661 0.367962 2927 1.96058
637632806 97.8979 0.277937 2664 2.16239
637567272 73.3333 6.59218 45 1.77778
637600040 82.8723 1.22882 940 1.27649
637632808 82.4929 1.17223 1051 1.28685
637567274 66.6667 8.2061 33 1.34375
637600042 95.8817 0.645729 947 1.61629
637632810 93.0097 0.794499 1030 1.96429
637567396 93.9481 0.572452 1735 1.91199
637600164 92.9101 0.482033 2835 2.05921
637632932 97.7786 0.283578 2701 2.60133
637567398 91.9847 0.684842 1572 1.54284
637600166 97.2505 0.317353 2655 1.9055
637632934 97.7938 0.30255 2357 2.08748
637567400 67.5 7.40566 40 1.46296
637600168 89.4565 1.01252 920 1.33774
637632936 91.5238 0.859553 1050 1.51712
637567402 68.75 6.69023 48 1.125
637600170 89.6725 1.07998 794 1.27048
637632938 94.0987 0.771893 932 1.68621
637567524 91.8806 0.66737 1675 1.72866
637600292 94.3543 0.433552 2834 1.85627
637633060 95.0593 0.430856 2530 2.16508
637567526 94.9441 0.531226 1701 1.61579
637600294 95.6975 0.372022 2975 1.81173
637633062 97.7215 0.283773 2765 1.92828
637567528 69.4444 7.67737 36 1.18421
637600296 89.5611 1.05311 843 1.28025
637633064 89.0424 0.98141 1013 1.31201
637567530 80 5.3936 55 1.32836
637600298 92.3739 0.93085 813 1.37525
637633066 94.0097 0.737635 1035 1.53208
637567652 92.5884 0.62549 1754 1.83088
637600420 92.7853 0.481866 2883 2.14059
637633188 95.7196 0.38883 2710 2.34787
637567654 90.6635 0.705018 1703 1.52946
637600422 95.8237 0.393387 2586 1.69514
637633190 97.4127 0.329673 2319 1.98539
637567656 81.8182 5.2007 55 1.69565
637600424 92.8571 0.86718 882 1.44118
637633192 92.2787 0.819093 1062 1.59257
637567658 74.0741 5.96353 54 1.31034
637600426 93.4138 0.821794 911 1.52914
637633194 86.3727 1.08599 998 1.70603
637571108 95.1613 0.524466 1674 1.94949
637603876 94.6642 0.482017 2174 1.87876
637636644 97.5881 0.467268 1078 2.34803
637571110 96.3366 0.449462 1747 1.66009
637603878 96.1997 0.401931 2263 1.95549
637636646 94.086 0.773501 930 1.92328
637571112 90.5882 2.23948 170 1.5
637603880 92.5085 0.886925 881 1.52305
637636648 95.4728 0.659417 994 1.48201
637571114 98.4694 0.87691 196 1.50725
637603882 93.2447 0.835198 903 1.40508
637636650 94.012 0.749548 1002 1.51982
637571236 92.6508 0.653995 1592 1.74989
637604004 85.5822 0.819349 1838 1.67802
637636772 93.5167 0.771736 1018 1.68691
637571238 97.1429 0.415201 1610 1.86736
637604006 87.1742 0.755858 1957 1.53726
637636774 96.6066 0.589612 943 2.08201
637571240 97.2826 1.19863 184 1.31579
637604008 94.1107 0.807973 849 1.35622
637636776 94.1118 0.74367 1002 1.38468
637571242 94.5 1.61206 200 1.49627
637604010 83.3333 1.27677 852 1.45158
637636778 94.2085 0.725706 1036 1.77139
637571364 94.9438 0.547411 1602 1.97102
637604132 92.812 0.569216 2059 1.94006
637636900 96.8658 0.545299 1021 2.29951
637571366 93.9358 0.581955 1682 1.80034
637604134 96.3964 0.405845 2109 1.85096
637636902 96.6981 0.548829 1060 2.17221
637571368 90.5882 2.23948 170 1.29614
637604136 90.3403 0.978732 911 1.27959
637636904 90.2364 0.951568 973 1.39018
637571370 93.75 1.82461 176 1.42636
637604138 87.4142 1.12196 874 1.50955
637636906 97.0335 0.524838 1045 1.7945
637571492 88.5268 0.830382 1473 1.55462
637604260 89.6216 0.709064 1850 1.91754
637637028 92.864 0.799394 1037 1.91438
637571494 80.8461 0.953847 1702 1.50314
637604262 91.8063 0.591777 2148 1.641
637637030 94.4709 0.705647 1049 1.83708
637571496 94.375 1.8215 160 1.42678
637604264 86.6422 1.19093 816 1.40369
637637032 93.2886 0.836859 894 1.67711
637571498 93.956 1.76639 182 1.50602
637604266 94.3567 0.775242 886 1.57728
637637034 95.8852 0.61446 1045 1.54522
637571620 94.0289 0.581921 1658 1.95179
637604388 93.8691 0.544514 1941 2.02119
637637156 97.0443 0.531593 1015 2.57678
637571622 90.6769 0.734739 1566 1.41984
637604390 89.613 0.688429 1964 1.49094
637637158 91.2052 0.933239 921 1.651
637571624 92.5926 2.05761 162 1.44541
637604392 92.3168 0.915644 846 1.41569
637637160 90.8218 0.943202 937 1.65791
637571626 88.0282 2.72425 142 1.33516
637604394 81.1164 1.34878 842 1.2441
637637162 78.9695 1.32149 951 1.47363
637571748 90.8858 0.729163 1558 1.77481
637604516 47.8332 1.16995 1823 1.74982
637637284 97.5941 0.495585 956 2.42876
637571750 91.9854 0.669041 1647 1.38635
637604518 96.6155 0.415836 1891 1.6725
637637286 94.7534 0.722253 953 1.87737
637571752 89.6739 2.24332 184 1.3447
637604520 45.403 1.67741 881 1.27916
637637288 93.6864 0.776109 982 1.55874
637571754 55.8442 4.0015 154 1.28467
637604522 89.4299 1.05956 842 1.29567
637637290 92.8497 0.829445 965 1.46855
637575204 96.2491 0.520419 1333 1.95951
637607972 94.1806 0.505128 2148 2.08154
637640740 96.8203 0.403912 1887 2.46674
637575206 67.8271 1.10692 1781 1.26927
637607974 95.1107 0.391952 3027 1.91286
637640742 97.56 0.308575 2500 2.0925
637575208 74.2857 7.38764 35 1.60784
637607976 93.7941 0.906083 709 1.50623
637640744 96.3012 0.685961 757 1.59006
637575210 64.6154 5.93087 65 1.50685
637607978 80.2013 1.33272 894 1.48986
637640746 90.1109 0.907514 1082 1.60358
637575332 93.6702 0.561586 1880 1.89863
637608100 93.3564 0.46326 2890 2.16786
637640868 95.3101 0.411168 2644 2.13856
637575334 95.2533 0.491059 1875 1.67084
637608102 95.7235 0.362806 3110 2.0598
637640870 97.5425 0.301043 2645 2.23365
637575336 73.5849 6.05595 53 2.07812
637608104 92.7292 0.842882 949 1.44987
637640872 94.9413 0.658679 1107 1.48242
637575338 75 7.21688 36 1.45652
637608106 94.2799 0.7422 979 1.50338
637640874 87.2396 0.983022 1152 1.72748
637575460 92.0242 0.635391 1818 1.54221
637608228 87.4869 0.617715 2869 1.76525
637640996 90.081 0.58724 2591 1.89463
637575462 79.9749 1.00267 1593 1.2979
637608230 95.5573 0.40675 2566 1.79846
637640998 97.8414 0.296092 2409 1.9529
637575464 44.1176 8.51538 34 1.125
637608232 88.2609 1.06123 920 1.26468
637641000 85.1434 1.04833 1151 1.29386
637575466 57.8947 8.00933 38 1.42857
637608234 96.6814 0.595749 904 1.5979
637641002 84.5588 1.17112 952 1.70465
637575588 91.9317 0.66093 1698 1.67827
637608356 93.81 0.454505 2811 1.93645
637641124 97.2181 0.316726 2696 2.28594
637575590 95.6062 0.483356 1798 1.72127
637608358 95.4802 0.433069 2301 1.84536
637641126 97.349 0.355936 2037 1.98642
637575592 73.5294 7.56611 34 1.15152
637608360 92.6748 0.868017 901 1.32621
637641128 91.3558 0.84768 1099 1.33599
637575594 67.3913 6.91178 46 1.24444
637608362 95.3005 0.699618 915 1.42058
637641130 94.123 0.712706 1089 1.59106
637575716 90.8308 0.715906 1625 1.78698
637608484 90.1111 0.565046 2791 1.86438
637641252 97.4262 0.308077 2642 2.81759
637575718 78.5298 0.991814 1714 1.24809
637608486 74.551 0.801821 2951 1.38224
637641254 80.2048 0.775935 2637 1.40607
637575720 62.2222 7.22744 45 1.25
637608488 91.6236 0.890881 967 1.2455
637641256 89.8696 0.955591 997 1.30379
637575722 69.4444 7.67737 36 1.32609
637608490 89.6471 1.04494 850 1.30591
637641258 87.3065 1.06943 969 1.41688
637575844 93.2212 0.576253 1903 1.84824
637608612 93.5519 0.468782 2745 1.80875
637641380 95.7244 0.412186 2409 2.01624
637575846 94.4792 0.544857 1757 1.65711
637608614 95.0192 0.406013 2871 1.93527
637641382 98.1739 0.266777 2519 2.06151
637575848 77.193 5.55758 57 1.36232
637608616 93.4322 0.806254 944 1.3807
637641384 52.5376 1.53087 1064 1.49676
637575850 43.9394 6.10919 66 1.11111
637608618 53.4858 1.64623 918 1.11859
637641386 58.2755 1.55236 1009 1.16883
637579300 91.8209 0.669601 1675 1.57874
637612068 91.4676 0.61686 2051 1.54843
637644836 95.1196 0.666506 1045 1.80969
637579302 97.766 0.358329 1701 1.72528
637612070 97.0869 0.376897 1991 1.91652
637644838 97.1926 0.513943 1033 2.23368
637579304 94.8454 1.58747 194 1.33455
637612072 87.6804 1.09493 901 1.34061
637644840 86.3864 1.08499 999 1.43011
637579306 97.7778 1.0987 180 1.4981
637612074 96.5197 0.624254 862 1.53224
637644842 98.5075 0.382485 1005 1.90116
637579428 91.0801 0.702123 1648 1.7927
637612196 94.4841 0.497816 2103 2.0511
637644964 96.9608 0.5375 1020 2.47591
637579430 97.6407 0.373315 1653 1.79954
637612198 96.9082 0.380452 2070 1.94279
637644966 96.0861 0.60661 1022 2.10355
637579432 96.2733 1.4928 161 1.80083
637612200 94.8956 0.749622 862 1.54151
637644968 96.957 0.556411 953 1.80221
637579434 98.895 0.777006 181 1.41176
637612202 96.1665 0.635441 913 1.43938
637644970 95.7447 0.642488 987 1.60521
637579556 92.6156 0.687014 1449 1.7088
637612324 92.3402 0.611264 1893 1.8772
637645092 98.0469 0.432446 1024 2.35757
637579558 94.0413 0.574977 1695 1.56341
637612326 94.574 0.479704 2230 1.76079
637645094 96.0679 0.581012 1119 2.07396
637579560 96.988 1.32659 166 1.29508
637612328 89.3029 1.07153 832 1.23902
637645096 93.5558 0.832932 869 1.29751
637579562 98.773 0.862276 163 1.7098
637612330 96.4169 0.612455 921 1.56206
637645098 96.388 0.599407 969 1.72708
637579684 94.7998 0.542834 1673 1.82113
637612452 94.9785 0.477588 2091 1.89866
637645220 96.8694 0.520818 1118 2.2103
637579686 89.5342 0.734058 1739 1.52245
637612454 89.1439 0.680307 2091 1.53898
637645222 93.899 0.739001 1049 2.07049
637579688 63.5135 3.95702 148 1.2638
637612456 82.6835 1.28139 872 1.31725
637645224 89.0132 0.997437 983 1.375
637579690 92.9412 1.96447 170 1.43697
637612458 92.1749 0.911048 869 1.43238
637645226 97.2746 0.527155 954 1.76872
637579812 92.7677 0.683056 1438 1.70419
637612580 91.6711 0.63847 1873 1.80448
637645348 96.1538 0.589004 1066 2.24
637579814 95.8392 0.5303 1418 1.65618
637612582 94.6645 0.527091 1818 1.50451
637645350 96.0172 0.641593 929 1.84805
637579816 97.3154 1.32414 149 1.29583
637612584 86.7512 1.15071 868 1.16987
637645352 89.7494 1.02363 878 1.20812
637579818 98.2955 0.975696 176 1.44488
637612586 91.5751 0.970575 819 1.34828
637645354 94.9352 0.752558 849 1.47264
637579940 94.6608 0.563445 1592 1.74134
637612708 92.8264 0.564323 2091 1.92712
637645476 98.0789 0.436484 989 2.37116
637579942 97.5868 0.372301 1699 1.65535
637612710 96.1383 0.408298 2227 1.76821
637645478 96.5291 0.560626 1066 1.95611
637579944 97.4026 1.28172 154 1.64629
637612712 95.0283 0.73065 885 1.50046
637645480 96.9052 0.538553 1034 1.64571
637579946 95.6522 1.5034 184 1.54851
637612714 96.5479 0.609222 898 1.45757
637645482 97.2171 0.500971 1078 1.63346
637583396 93.0956 0.603126 1767 1.80868
637616164 91.4296 0.527882 2812 1.67959
637648932 93.8996 0.470285 2590 1.9514
637583398 94.9328 0.541918 1638 1.78337
637616166 95.2926 0.444245 2273 1.91176
637648934 96.3569 0.430513 1894 2.02877
637583400 57.6923 9.68907 26 2.24
637616168 92.8821 0.878315 857 1.45053
637648936 94.8589 0.701152 992 1.74236
637583402 63.0435 7.11683 46 1.35556
637616170 80.5361 1.35166 858 1.4351
637648938 88.3197 1.02809 976 1.59067
637583524 92.6338 0.60134 1887 1.89357
637616292 92.816 0.475346 2951 1.91332
637649060 96.6679 0.341561 2761 2.13099
637583526 96.241 0.447194 1809 1.80195
637616294 88.2858 0.596047 2911 1.53872
637649062 92.785 0.500258 2675 1.64286
637583528 72.7273 6.71408 44 1.85455
637616296 94.7639 0.713752 974 1.44545
637649064 94.8127 0.687352 1041 1.55153
637583530 66.6667 9.6225 24 1.26471
637616298 79.0284 1.40132 844 1.62027
637649066 77.5701 1.27517 1070 1.73003
637583652 89.1127 0.726734 1837 1.61745
637616420 90.7086 0.530744 2992 1.71186
637649188 93.2513 0.484404 2682 1.81816
637583654 95.8606 0.464894 1836 1.73522
637616422 96.2851 0.345988 2988 1.92713
637649190 98.0497 0.270419 2615 2.07846
637583656 67.7419 8.3959 31 1.65789
637616424 95.8377 0.64428 961 1.52017
637649192 95.5034 0.647907 1023 1.56258
637583658 48.7179 8.00378 39 1.6
637616426 65.9597 1.54305 943 1.36667
637649194 92.0164 0.867132 977 1.62397
637583780 94.3694 0.546981 1776 2.00161
637616548 92.4834 0.506101 2714 2.03046
637649316 91.9446 0.526785 2669 2.04214
637583782 46.875 1.17883 1792 1.24813
637616550 95.2475 0.385184 3051 1.82984
637649318 97.6431 0.293422 2673 1.98196
637583784 71.0526 7.35704 38 1.47917
637616552 87.3255 1.09034 931 1.29865
637649320 89.9295 0.954997 993 1.46486
637583786 68.1818 7.02175 44 1.57143
637616554 81.0011 1.32317 879 1.18539
637649322 77.9543 1.30637 1007 1.22654
637583908 94.8245 0.540321 1681 1.92896
637616676 94.5498 0.417669 2954 2.1316
637649444 97.393 0.314317 2570 2.66401
637583910 93.3533 0.609551 1670 1.50315
637616678 94.0467 0.459303 2654 1.66574
637649446 97.2294 0.341489 2310 1.93471
637583912 72.093 6.8402 43 1.59184
637616680 72.3329 1.5317 853 1.33454
637649448 74.4658 1.42528 936 1.48197
637583914 36.3636 7.25204 44 1.2
637616682 75.6 1.56829 750 1.15362
637649450 92.217 0.919987 848 1.53368
637584036 89.9666 0.70934 1794 1.80515
637616804 91.3523 0.513585 2995 1.91987
637649572 95.0039 0.430424 2562 2.15898
637584038 94.3607 0.545081 1791 1.61611
637616806 94.9263 0.406338 2917 1.84995
637649574 96.4676 0.378546 2378 2.06972
637584040 67.5676 7.69588 37 1.69048
637616808 84.1711 1.19372 935 1.28712
637649576 84.7806 1.09762 1071 1.34444
637584042 68.8889 6.90122 45 1.4
637616810 94.9408 0.719051 929 1.41829
637649578 84.9222 1.11605 1028 1.605
637587492 94.2272 0.581077 1611 1.65243
637620260 94.8574 0.477552 2139 1.78062
637653028 97.0617 0.528517 1021 2.15793
637587494 97.628 0.380204 1602 1.65336
637620262 97.261 0.364239 2008 1.72142
637653030 93.4375 0.799208 960 1.84496
637587496 98.0198 0.980247 202 1.77152
637620264 92.4868 0.857506 945 1.4336
637653032 94.3057 0.73244 1001 1.57386
637587498 93.9891 1.75705 183 1.49407
637620266 94.0397 0.786547 906 1.44344
637653034 93.1343 0.797652 1005 1.46447
637587620 92.7318 0.649846 1596 2.02243
637620388 96.3275 0.419002 2015 2.21917
637653156 96.9903 0.532363 1030 2.56946
637587622 96.6816 0.452485 1567 1.70664
637620390 96.5063 0.413176 1975 1.92604
637653158 97.7941 0.476024 952 2.22714
637587624 96.3918 1.33896 194 1.33688
637620392 89.9297 1.02978 854 1.31476
637653160 92.5342 0.852314 951 1.41818
637587626 96.8586 1.26215 191 1.93165
637620394 97.1847 0.555081 888 1.74382
637653162 97.6116 0.492026 963 2.01762
637587748 90.9309 0.703769 1665 1.82503
637620516 93.869 0.517016 2153 1.70437
637653284 96.4384 0.560071 1095 2.32606
637587750 80.5179 0.98342 1622 1.54522
637620518 83.2573 0.79745 2192 1.54472
637653286 87.5451 0.992009 1108 1.69071
637587752 96.4072 1.44017 167 1.36782
637620520 88.0259 1.06632 927 1.25147
637653288 92.638 0.835068 978 1.40015
637587754 95.4315 1.48765 197 1.4
637620522 91.1243 0.978343 845 1.38272
637653290 92.7992 0.823236 986 1.55816
637587876 94.2822 0.578832 1609 1.70312
637620644 94.7937 0.49234 2036 2.02508
637653412 96.5753 0.568874 1022 2.52489
637587878 94.6351 0.562784 1603 1.51709
637620646 97.1029 0.374857 2002 1.78154
637653414 96.7066 0.56379 1002 2.00123
637587880 94.3005 1.66877 193 1.32028
637620648 85.8875 1.15601 907 1.31055
637653416 93.9638 0.755387 994 1.43463
637587882 96.988 1.32659 166 1.53333
637620650 96.4972 0.618009 885 1.39219
637653418 95.4071 0.676318 958 1.45343
637588004 92.5974 0.667162 1540 1.99369
637620772 93.445 0.549442 2029 1.94754
637653540 97.7987 0.475038 954 2.62159
637588006 95.5526 0.53513 1484 1.5378
637620774 95.5398 0.464736 1973 1.70058
637653542 96.4509 0.597761 958 2.01562
637588008 94.1935 1.87845 155 1.38645
637620776 91.851 0.933464 859 1.3089
637653544 95.9693 0.861664 521 1.56335
637588010 82.0513 3.07254 156 1.52261
637620778 95.881 0.672212 874 1.45856
637653546 97.7124 0.493449 918 1.65
637588132 89.9083 0.72129 1744 1.82704
637620900 94.8855 0.48619 2053 1.8636
637653668 96.1825 0.584703 1074 2.22538
637588134 81.2209 0.941687 1720 1.45545
637620902 53.3728 1.06503 2194 1.43132
637653670 71.1832 1.39904 1048 1.50333
637588136 96.9231 1.23667 195 1.48658
637620904 84.4444 1.20811 900 1.38245
637653672 90.0615 0.957647 976 1.43439
637588138 97.5 1.10397 200 1.73244
637620906 95.017 0.732262 883 1.49086
637653674 94.5165 0.718843 1003 1.56208
637567044 90.8904 0.492466 3414 1.64597
637599812 88.4984 0.736205 1878 1.47726
637632580 60 8.94427 30 1.70968
637567046 83.1297 0.638684 3438 1.39012
637599814 77.6591 0.878709 2247 1.37342
637632582 34.1463 7.40577 41 1.43478
637567048 76.391 1.64683 665 1.16569
637599816 83.1177 0.952703 1546 1.19524
637632584 86.9945 0.786291 1830 1.28558
637567050 80.7504 1.5924 613 1.33434
637599818 92.4447 0.654997 1628 1.34909
637632586 93.3693 0.577711 1855 1.71973
637567172 92.77 0.446723 3361 1.54175
637599940 87.2421 0.777334 1842 1.47474
637632708 36.3636 14.5041 11 2.14286
637567174 81.7478 0.642365 3616 1.54335
637599942 74.0017 0.894595 2404 1.36364
637632710 35.2941 11.5904 17 1.9
637567176 76.1453 1.69397 633 1.1353
637599944 87.5809 0.838775 1546 1.21756
637632712 81.8334 0.911584 1789 1.24035
637567178 78.8217 1.63038 628 1.61912
637599946 91.6399 0.701913 1555 1.39646
637632714 92.9386 0.597057 1841 1.66996
637567300 83.878 0.606851 3672 1.54829
637600068 80.9715 0.878375 1997 1.39554
637632836 38.4615 13.4932 13 1.85714
637567302 92.2126 0.454256 3480 1.8254
637600070 84.5477 0.739656 2388 1.61064
637632838 33.3333 11.1111 18 1.58333
637567304 71.6069 1.78096 641 1.19732
637600072 83.6222 0.904774 1673 1.20157
637632840 76.7368 0.969303 1900 1.21735
637567306 96.8603 0.690953 637 1.68259
637600074 75.873 1.07809 1575 1.42671
637632842 95.172 0.504963 1802 1.48573
637567428 81.1929 0.681688 3286 1.42143
637600196 78.0513 0.937297 1950 1.31555
637632964 50 9.12871 30 1.48
637567430 84.7145 0.67147 2872 1.41819
637600198 85.5696 0.790706 1975 1.4933
637632966 33.3333 9.6225 24 2
637567432 86.72 1.35743 625 1.27195
637600200 92.8525 0.653713 1553 1.24471
637632968 47.3041 1.17712 1799 1.29863
637567434 73.7736 1.91065 530 1.29545
637600202 57.7381 1.34743 1344 1.27808
637632970 47.1001 1.26016 1569 1.32135
637567556 81.3559 0.677556 3304 1.30022
637600324 78.3737 0.988671 1734 1.35499
637633092 38.0952 10.5971 21 1.66667
637567558 75.1491 0.71141 3690 1.35812
637600326 70.5259 0.938908 2358 1.25379
637633094 30 10.247 20 1
637567560 78.5832 1.66513 607 1.20392
637600328 79.6667 1.03919 1500 1.1677
637633096 78.3097 1.00194 1692 1.20213
637567562 88.8393 1.21469 672 1.40257
637600330 88.1048 0.839235 1488 1.33556
637633098 80.6177 0.912158 1878 1.39615
637567684 86.7236 0.582185 3397 1.37036
637600452 82.3592 0.878629 1882 1.44722
637633220 10 6.7082 20 1.33333
637567686 92.1156 0.488459 3044 1.62874
637600454 83.2161 0.837768 1990 1.43051
637633222 0 0 12 1
637567688 88.6218 1.2712 624 1.24543
637600456 91.5107 0.72062 1496 1.28846
637633224 93.9646 0.560373 1806 1.38536
637567690 79.845 1.57956 645 1.33924
637600458 57.971 1.29672 1449 1.2146
637633226 58.7112 1.20265 1676 1.41067
637571140 86.8172 0.718821 2215 1.4016
637603908 85.5959 1.13033 965 1.4632
637636676 73.913 9.15605 23 1.68571
637571142 89.0836 0.697829 1997 1.63908
637603910 91.3793 0.70925 1566 1.65244
637636678 45.4545 10.6159 22 1.75862
637571144 90.5085 1.20666 590 1.28015
637603912 91.3664 0.732289 1471 1.31698
637636680 96.9934 0.418759 1663 1.49684
637571146 91.1565 1.1709 588 1.54231
637603914 92.6481 0.697266 1401 1.51094
637636682 97.7626 0.368707 1609 1.75686
637571268 84.6704 0.814396 1957 1.46001
637604036 82.0895 1.41242 737 1.42131
637636804 75 12.5 12 1.77273
637571270 87.3494 0.744802 1992 1.77837
637604038 87.4282 0.83751 1567 1.50561
637636806 52.6316 11.4549 19 2.08333
637571272 72.6667 1.81944 600 1.1776
637604040 85.5282 0.946372 1382 1.18762
637636808 92.277 0.68882 1502 1.22234
637571274 94.8031 0.880835 635 1.71774
637604042 93.7849 0.637997 1432 1.43645
637636810 97.8777 0.360096 1602 1.66753
637571396 88.9301 0.722097 1888 1.40063
637604164 68.2993 1.71632 735 1.27111
637636932 66.6667 10.2869 21 1.46875
637571398 85.2955 0.770075 2115 1.73807
637604166 87.2144 0.778901 1838 1.70845
637636934 92.3077 7.39053 13 2.24
637571400 78.0069 1.71691 582 1.2462
637604168 90.7232 0.784075 1369 1.24574
637636936 96.4143 0.479118 1506 1.3429
637571402 92.9878 0.996984 656 1.42321
637604170 92.8524 0.665835 1497 1.39541
637636938 96.6271 0.451185 1601 1.63565
637571524 93.706 0.526333 2129 1.9047
637604292 86.3265 1.09748 980 2.01279
637637060 61.2903 8.74832 31 2.41667
637571526 80.3902 0.888038 1999 1.41783
637604294 77.5328 1.01888 1678 1.35593
637637062 70.8333 9.27805 24 1.43902
637571528 69.4534 1.84686 622 1.12263
637604296 63.4146 1.27152 1435 1.15011
637637064 78.4548 1.03042 1592 1.17617
637571530 82.1203 1.52422 632 1.36923
637604298 88.7755 0.823325 1470 1.24488
637637066 93.0189 0.639072 1590 1.39974
637571652 84.8219 0.815263 1937 1.42046
637604420 86.5459 1.22733 773 1.40613
637637188 87.5 8.26797 16 1.86957
637571654 82.5918 0.894233 1798 1.46846
637604422 77.6023 1.11703 1393 1.35049
637637190 57.1429 13.226 14 1.19048
637571656 84.522 1.40896 659 1.22964
637604424 88.8097 0.841632 1403 1.24525
637637192 96.2448 0.501334 1438 1.36314
637571658 57.6347 1.91187 668 1.24878
637604426 89.534 0.846086 1309 1.32793
637637194 94.8534 0.563938 1535 1.46839
637571780 81.1321 0.908419 1855 1.37952
637604548 88.9744 1.12147 780 1.41704
637637316 75 15.3093 8 2
637571782 85.5003 0.81444 1869 1.59393
637604550 89.0649 0.857025 1326 1.60476
637637318 75 12.5 12 1.64706
637571784 72.089 1.85616 584 1.2198
637604552 66.3571 1.26278 1400 1.14014
637637320 91.7505 0.712491 1491 1.31935
637571786 85.8639 1.45544 573 1.47606
637604554 86.548 0.910297 1405 1.26363
637637322 95.935 0.514017 1476 1.47921
637575236 90.6744 0.52236 3099 1.68616
637608004 85.259 0.845762 1757 1.67588
637640772 38.8889 11.4904 18 2
637575238 92.3773 0.453492 3424 1.69229
637608006 89.3647 0.668772 2125 1.62465
637640774 26.3158 10.1023 19 1.63636
637575240 81.0811 1.78581 481 1.26703
637608008 85.7238 0.903558 1499 1.25261
637640776 86.7521 0.783538 1872 1.33348
637575242 93.2927 0.976666 656 1.55606
637608010 92.0805 0.677016 1591 1.53213
637640778 95.6449 0.482262 1791 1.84676
637575364 89.5285 0.520757 3457 1.42311
637608132 84.1245 0.839279 1896 1.35477
637640900 51.6129 8.97559 31 1.90909
637575366 87.362 0.551958 3624 1.57035
637608134 81.604 0.787771 2419 1.48215
637640902 13.7931 6.40329 29 1.77778
637575368 87.6877 1.27322 666 1.25904
637608136 91.4181 0.691016 1643 1.32029
637640904 90.1805 0.685585 1884 1.41051
637575370 96.1538 0.725819 702 1.7591
637608138 96.4106 0.46682 1588 1.44029
637640906 97.6756 0.346313 1893 1.62698
637575492 91.4645 0.47771 3421 1.51996
637608260 83.0287 0.857802 1915 1.45723
637641028 13.6364 7.3165 22 1.42857
637575494 89.555 0.537644 3236 1.62777
637608262 84.0529 0.768431 2270 1.45579
637641030 23.8095 9.29429 21 1.625
637575496 91.1628 1.1176 645 1.31153
637608264 91.3899 0.695653 1626 1.37271
637641032 91.865 0.643096 1807 1.47714
637575498 92.3339 1.09812 587 1.40106
637608266 91.1649 0.726035 1528 1.44119
637641034 91.1814 0.667815 1803 1.53347
637575620 85.323 0.610586 3359 1.47171
637608388 73.0032 1.02442 1878 1.32637
637641156 26.9231 8.69893 26 1.53846
637575622 82.7878 0.740739 2597 1.44323
637608390 76.7335 1.01149 1745 1.4886
637641158 31.25 8.19382 32 1.66667
637575624 75.3623 1.72914 621 1.16098
637608392 82.9126 0.957599 1545 1.15534
637641160 78.4065 0.988698 1732 1.23844
637575626 82.4675 1.53205 616 1.48092
637608394 88.754 0.798612 1565 1.41372
637641162 90.9091 0.678918 1793 1.49266
637575748 84.991 0.618186 3338 1.3741
637608516 84.316 0.870036 1747 1.36338
637641284 25 10.8253 16 2
637575750 88.2302 0.548 3458 1.71479
637608518 76.1281 0.939025 2061 1.37278
637641286 31.8182 9.93026 22 1.7
637575752 82.9982 1.60616 547 1.17095
637608520 83.4918 0.967648 1472 1.19587
637641288 82.9214 0.891969 1780 1.23718
637575754 87.9282 1.31589 613 1.23198
637608522 83.3221 0.966707 1487 1.26407
637641290 90.0592 0.727833 1690 1.39753
637575876 88.5803 0.561799 3205 1.37155
637608644 90.1984 0.718196 1714 1.57981
637641412 14.2857 7.63604 21 1.66667
637575878 91.4251 0.486521 3312 1.68311
637608646 89.8016 0.650099 2167 1.61189
637641414 25 10.8253 16 2
637575880 77.0671 1.66049 641 1.16844
637608648 87.6677 0.831159 1565 1.18729
637641416 86.4062 0.804018 1817 1.38553
637575882 80.6502 1.55427 646 1.52742
637608650 87.3267 0.854696 1515 1.52044
637641418 86.41 0.815449 1766 1.57836
637579332 83.6263 0.795825 2162 1.43116
637612100 68.239 1.50726 954 1.31072
637644868 80 8.94427 20 1.37931
637579334 74.0466 1.0089 1888 1.2746
637612102 69.9869 1.17324 1526 1.30717
637644870 73.6842 10.1023 19 1.32
637579336 76.5924 1.68963 628 1.17802
637612104 82.4891 1.02235 1382 1.18987
637644872 90.7465 0.719743 1621 1.28703
637579338 95.0637 0.864428 628 1.61717
637612106 92.6293 0.695607 1411 1.45826
637644874 97.0056 0.425682 1603 1.80855
637579460 89.5813 0.682104 2006 1.58735
637612228 78.4648 1.34218 938 1.39621
637644996 60.8696 10.1764 23 1.52381
637579462 95.492 0.4568 2063 1.72277
637612230 94.4221 0.55033 1739 1.86541
637644998 53.3333 9.1084 30 2.13514
637579464 83.4264 1.60462 537 1.21471
637612232 86.4945 0.928497 1355 1.26192
637645000 94.3481 0.58522 1557 1.30721
637579466 95.2303 0.864337 608 1.64904
637612234 93.7411 0.645983 1406 1.47307
637645002 97.6116 0.3828 1591 1.91704
637579588 69.5056 1.01856 2043 1.39898
637612356 84.4639 1.19821 914 1.41996
637645124 72.7273 13.4282 11 2.11765
637579590 87.2571 0.708832 2213 1.565
637612358 90.4734 0.705431 1732 1.70704
637645126 75 10.8253 16 1.84615
637579592 76.525 1.82224 541 1.19595
637612360 90.4459 0.782022 1413 1.2701
637645128 95.8151 0.500453 1601 1.3263
637579594 89.9671 1.21844 608 1.66165
637612362 89.5391 0.827763 1367 1.40309
637645130 96.3033 0.472295 1596 1.74249
637579716 83.5643 0.810066 2093 1.37023
637612484 73.257 1.4278 961 1.39297
637645252 78.5714 10.9664 14 1.67857
637579718 77.7041 0.94017 1960 1.43478
637612486 83.0237 0.950213 1561 1.44627
637645254 44.4444 16.5635 9 1.55556
637579720 73.9344 1.77743 610 1.20167
637612488 64.3796 1.29379 1370 1.15613
637645256 89.2535 0.785633 1554 1.19694
637579722 75.0422 1.77717 593 1.34294
637612490 87.4403 0.865819 1465 1.31413
637645258 93.0091 0.628703 1645 1.58358
637579844 74.375 1.04061 1760 1.25037
637612612 69.863 1.69829 730 1.31565
637645380 72.7273 9.49514 22 1.31818
637579846 92.278 0.626925 1813 1.4773
637612614 91.6366 0.743339 1387 1.60288
637645382 42.1053 11.3269 19 1.94444
637579848 58.1162 2.20862 499 1.13739
637612616 47.9708 1.42333 1232 1.09059
637645384 70.4164 1.23356 1369 1.14915
637579850 64.0977 2.07982 532 1.19958
637612618 73.4729 1.30412 1146 1.1645
637645386 83.3209 1.01953 1337 1.24451
637579972 82.3174 0.856325 1985 1.37237
637612740 71.7029 1.61181 781 1.39551
637645508 70 10.247 20 1.59259
637579974 82.6906 0.801155 2230 1.55386
637612742 85.169 0.889074 1598 1.50156
637645510 68.4211 10.6639 19 2.31818
637579976 71.3799 1.86554 587 1.16348
637612744 86.0825 0.939266 1358 1.19271
637645512 94.7613 0.573757 1508 1.35035
637579978 81.5315 1.50363 666 1.33333
637612746 89.5406 0.813551 1415 1.30046
637645514 93.1576 0.632567 1593 1.49298
637583428 88.766 0.538721 3436 1.36798
637616196 75.7677 1.01249 1791 1.42928
637648964 26.3158 10.1023 19 1.75
637583430 81.1649 0.760392 2644 1.46773
637616198 88.9977 0.751028 1736 1.59517
637648966 35.2941 11.5904 17 1.5
637583432 86.7012 1.41117 579 1.27401
637616200 92.8862 0.669089 1476 1.28851
637648968 86.2643 0.785171 1922 1.28535
637583434 88.2353 1.26764 646 1.38868
637616202 91.5655 0.702487 1565 1.36449
637648970 96.1473 0.458119 1765 1.61224
637583556 85.6862 0.586712 3563 1.37289
637616324 82.9712 0.844954 1979 1.48238
637649092 40.7407 9.45607 27 2.11111
637583558 82.1032 0.647107 3509 1.62851
637616326 77.2444 0.883865 2250 1.49142
637649094 50 11.1803 20 1.95652
637583560 87.4789 1.36138 591 1.42252
637616328 91.1552 0.696496 1662 1.33182
637649096 88.7172 0.718125 1941 1.30546
637583562 93.3622 0.945652 693 1.59519
637616330 92.4751 0.657838 1608 1.41996
637649098 97.0334 0.394033 1854 1.73097
637583684 47.6339 0.840732 3529 1.19513
637616452 56.9827 1.11775 1962 1.16934
637649220 39.1304 10.1764 23 1.41667
637583686 85.8718 0.593265 3447 1.54651
637616454 87.584 0.698157 2231 1.60887
637649222 26.3158 10.1023 19 2.44444
637583688 83.612 1.51372 598 1.26934
637616456 87.5853 0.821552 1611 1.18004
637649224 85.8751 0.826196 1777 1.21478
637583690 91.194 1.0948 670 1.33257
637616458 93.2718 0.643392 1516 1.53665
637649226 94.4414 0.537511 1817 1.6633
637583812 88.3854 0.555061 3332 1.45789
637616580 86.976 0.795733 1789 1.59835
637649348 12.5 8.26797 16 1.5
637583814 68.9712 0.769311 3616 1.30234
637616582 78.3972 0.858854 2296 1.43573
637649350 24 8.54166 25 1.88889
637583816 73.5819 1.77498 617 1.14309
637616584 82.3455 0.957405 1586 1.19804
637649352 73.1165 1.03217 1845 1.24354
637583818 88.5007 1.21711 687 1.29059
637616586 82.1498 0.977395 1535 1.26628
637649354 85.008 0.823125 1881 1.4898
637583940 83.6699 0.627862 3466 1.2575
637616708 55.3602 1.18395 1763 1.30213
637649476 16.6667 8.7841 18 1.66667
637583942 87.2706 0.658617 2561 1.52632
637616710 83.6761 0.936932 1556 1.62617
637649478 16.6667 10.7583 12 2
637583944 49.5362 2.15356 539 1.12531
637616712 59.1191 1.28971 1453 1.09847
637649480 66.7406 1.10926 1804 1.11311
637583946 83.5351 1.8249 413 1.26706
637616714 83.5959 1.12735 1079 1.3328
637649482 82.1835 1.05361 1319 1.3405
637584068 0 0 3519 0
637616836 0 0 1858 0
637649604 0 0 31 0
637584070 87.7018 0.562651 3407 1.62851
637616838 84.0691 0.801659 2084 1.47436
637649606 27.7778 10.5572 18 1.5
637584072 0 0 616 0
637616840 0 0 1538 0
637649608 0 0 1797 0
637584074 94.2609 0.969962 575 1.56163
637616842 94.9383 0.558426 1541 1.43689
637649610 94.5776 0.541031 1752 1.67901
637587524 83.4783 0.816262 2070 1.44594
637620292 70.0704 1.56891 852 1.36663
637653060 62.5 12.1031 16 1.5
637587526 94.6612 0.509347 1948 1.7426
637620294 85.554 0.930967 1426 1.48361
637653062 42.8571 13.226 14 1.6875
637587528 85.44 1.41082 625 1.36923
637620296 92.1665 0.713803 1417 1.31031
637653064 95.199 0.537331 1583 1.41151
637587530 97.1474 0.662708 631 1.72129
637620298 97.3314 0.438799 1349 1.61707
637653066 97.1051 0.420607 1589 1.66921
637587652 87.4862 0.776865 1814 1.43239
637620420 82.0479 1.39953 752 1.39815
637653188 57.8947 11.3269 19 1.72727
637587654 95.7834 0.43991 2087 1.79838
637620422 94.1137 0.612226 1478 1.78986
637653190 57.1429 13.226 14 1.82143
637587656 88.8298 1.32639 564 1.28364
637620424 87.5 0.891558 1376 1.24056
637653192 94.5892 0.584711 1497 1.36086
637587658 95.8333 0.83261 576 1.64732
637620426 93.2052 0.659293 1457 1.48306
637653194 97.2524 0.413209 1565 1.83565
637587780 82.001 0.840553 2089 1.50904
637620548 65.5031 1.52315 974 1.4708
637653316 63.6364 10.2559 22 1.65854
637587782 82.9692 0.793708 2243 1.51336
637620550 87.1622 0.829054 1628 1.41334
637653318 72 8.97998 25 1.47059
637587784 72.1311 1.81533 610 1.22586
637620552 85.6942 0.927196 1426 1.22621
637653320 92.6785 0.64343 1639 1.28247
637587786 88.1154 1.3334 589 1.33789
637620554 90.798 0.775026 1391 1.42142
637653322 92.6966 0.650073 1602 1.46512
637587908 84.7571 0.849325 1791 1.50348
637620676 87.2549 1.24801 714 1.44086
637653444 50 11.7851 18 1.72727
637587910 83.2712 0.861485 1877 1.54096
637620678 58.658 1.32275 1386 1.31873
637653446 53.3333 12.8812 15 1.33333
637587912 62.4329 2.04835 559 1.13347
637620680 77.6658 1.20682 1191 1.18493
637653448 91.9532 0.735718 1367 1.26209
637587914 56.5 2.02392 600 1.15542
637620682 87.7879 0.864948 1433 1.24632
637653450 93.9917 0.624505 1448 1.44312
637588036 0 0 0 0
637620804 0 0 0 0
637653572 0 0 0 0
637588038 64.5445 1.08835 1932 1.34187
637620806 71.4594 1.21087 1391 1.34892
637653574 52.6316 11.4549 19 1.84615
637588040 0 0 0 0
637620808 0 0 0 0
637653576 0 0 0 0
637588042 80.5255 1.55685 647 1.3594
637620810 73.6652 1.18308 1386 1.23806
637653578 93.4371 0.644126 1478 1.34309
637588164 84.9928 0.783274 2079 1.60161
637620932 89.4678 1.02209 902 1.70471
637653700 58.6207 9.14572 29 1.92105
637588166 81.6327 0.824614 2205 1.59113
637620934 90.5229 0.74881 1530 1.53634
637653702 47.0588 12.1058 17 1.61538
637588168 62.8912 1.86497 671 1.11888
637620936 77.5694 1.09922 1440 1.15233
637653704 78.4401 1.03556 1577 1.20128
637588170 67.6385 1.78628 686 1.31649
637620938 80.6496 1.03851 1447 1.34469
637653706 85.7753 0.863069 1638 1.52143
637567076 95.5121 0.496623 1738 1.76244
637599844 69.7143 3.47345 175 1.94149
637632612 31.25 11.5878 16 2.38889
637567078 96.2379 0.331434 3296 1.85477
637599846 69.8795 2.51789 332 1.8939
637632614 35.4839 8.59347 31 2.3
637567080 94.431 1.12842 413 1.50498
637599848 92.4433 0.765856 1191 1.43721
637632616 95.6818 0.559472 1320 1.65104
637567082 91.5835 1.04862 701 1.41685
637599850 94.5105 0.541863 1767 1.36919
637632618 96.0245 0.408381 2289 1.8023
637567204 96.2034 0.35187 2950 1.90503
637599972 67.907 3.18378 215 2.01339
637632740 26.6667 11.418 15 2.85714
637567206 95.6906 0.343051 3504 1.56828
637599974 65.6667 2.74138 300 1.64821
637632742 36.8421 11.0665 19 2
637567208 95.3824 0.797216 693 1.67511
637599976 96.4902 0.448848 1681 1.62406
637632744 96.8764 0.372825 2177 1.88896
637567210 92.5656 1.00158 686 1.75774
637599978 96.1165 0.461708 1751 1.75206
637632746 96.219 0.397625 2301 1.87353
637567332 96.1958 0.337799 3207 1.67438
637600100 66.6667 3.0621 237 1.90496
637632868 42.8571 13.226 14 2.625
637567334 96.546 0.304778 3590 2.04706
637600102 64.6154 2.96544 260 2.15359
637632870 33.3333 13.6083 12 2.33333
637567336 92.9945 0.945981 728 1.29541
637600104 95.4975 0.488886 1799 1.44134
637632872 95.5775 0.426017 2329 1.54037
637567338 94.6939 0.826811 735 1.61387
637600106 96.204 0.454872 1765 1.5365
637632874 95.6502 0.434186 2207 1.5234
637567460 95.4868 0.37273 3102 1.63113
637600228 68.6833 2.76669 281 1.57877
637632996 44.8276 9.23495 29 2
637567462 96.1358 0.353312 2976 1.69747
637600230 67.5595 2.55398 336 1.44477
637632998 45 11.1243 20 1.53333
637567464 93.9971 0.908926 683 1.40361
637600232 95.3349 0.515747 1672 1.55002
637633000 96.0137 0.405036 2333 1.50998
637567466 94.2724 0.914241 646 1.5616
637600234 96.7185 0.427457 1737 1.61786
637633002 94.1613 0.504743 2158 1.65583
637567588 96.7877 0.329482 2864 2.0259
637600356 74.0541 3.22273 185 2.31754
637633124 40 15.4919 10 2.33333
637567590 95.5991 0.345624 3522 1.82546
637600358 71.3768 2.72071 276 2.14861
637633126 33.3333 15.7135 9 2.33333
637567592 92.2956 1.05738 636 1.22614
637600360 96.9734 0.421504 1652 1.60932
637633128 95.4188 0.449759 2161 1.59816
637567594 88.6256 1.26195 633 1.36086
637600362 93.3711 0.592181 1765 1.45312
637633130 94.4421 0.466593 2411 1.57481
637567716 96.4623 0.339086 2968 1.74226
637600484 74.1803 2.80172 244 1.83142
637633252 0 0 7 1.75
637567718 96.5075 0.346582 2806 1.92909
637600486 67.4107 3.13168 224 2.22689
637633254 28.5714 17.0747 7 3
637567720 93.0931 0.98257 666 1.41237
637600488 95.9219 0.474012 1741 1.514
637633256 96.6651 0.38641 2159 1.66825
637567722 88.8316 1.30562 582 1.40699
637600490 96.3998 0.464148 1611 1.63385
637633258 95.1385 0.491705 1913 1.69186
637571172 95.1861 0.542313 1558 1.55969
637603940 69.4836 3.15514 213 1.86475
637636708 50 15.8114 10 2.25926
637571174 95.679 0.426951 2268 1.77219
637603942 79.6748 2.56573 246 1.8162
637636710 57.8947 11.3269 19 2
637571176 95.3871 0.851403 607 1.4
637603944 98.7663 0.288992 1459 1.54749
637636712 97.9699 0.360901 1527 1.72341
637571178 59.5489 1.90323 665 1.48878
637603946 95.4299 0.512103 1663 1.51401
637636714 93.9394 0.560072 1815 1.53377
637571300 96.441 0.545846 1152 1.69205
637604068 79.1045 3.51216 134 1.77914
637636836 75 15.3093 8 2.25
637571302 96.9359 0.371337 2154 1.79686
637604070 73.1278 2.94225 227 2.11808
637636838 61.5385 13.4932 13 2.67857
637571304 98.5637 0.504136 557 1.65385
637604072 98.8206 0.313355 1187 1.76065
637636840 98.7929 0.33275 1077 2.03736
637571306 95.4155 0.791642 698 1.4337
637604074 97.0886 0.422967 1580 1.76032
637636842 96.6545 0.443497 1644 1.67895
637571428 96.9941 0.462328 1364 1.63739
637604196 84.6715 3.07792 137 1.87817
637636964 42.8571 18.7044 7 2.8
637571430 96.8878 0.351395 2442 2.0286
637604198 77.8689 2.6576 244 2.05479
637636966 66.6667 13.6083 12 2.3
637571432 97.0356 0.753981 506 1.42931
637604200 98.0344 0.397264 1221 1.51587
637636968 98.0333 0.381893 1322 1.63145
637571434 97.0717 0.64512 683 1.42486
637604202 90.8338 0.701691 1691 1.41337
637636970 98.58 0.276499 1831 1.51821
637571556 95.2016 0.482894 1959 1.68738
637604324 82.0833 2.47543 240 1.90311
637637092 68.75 11.5878 16 2.14286
637571558 92.4194 0.56393 2203 1.40125
637604326 72.7626 2.77696 257 1.7948
637637094 88.8889 7.40741 18 2
637571560 95.6395 0.778558 688 1.45102
637604328 98.7812 0.264339 1723 1.57106
637637096 98.4247 0.300762 1714 1.63213
637571562 96.7049 0.675667 698 1.41524
637604330 97.4847 0.387858 1630 1.42991
637637098 96.1024 0.466798 1719 1.55726
637571684 96.7949 0.470073 1404 1.71079
637604452 78.0702 3.87532 114 2.00602
637637220 66.6667 12.1716 15 2.76471
637571686 97.1037 0.378033 1968 1.66179
637604454 77.0115 3.18976 174 1.79825
637637222 80 12.6491 10 2.09091
637571688 93.037 0.979655 675 1.46319
637604456 98.6329 0.303586 1463 1.57037
637637224 98.1053 0.361171 1425 1.8664
637571690 97.1292 0.666874 627 1.51313
637604458 98.072 0.348597 1556 1.48858
637637226 98.6129 0.29368 1586 1.65694
637571812 95.7125 0.508669 1586 1.52952
637604580 78.5714 3.65547 126 1.78947
637637348 83.3333 15.2145 6 2.58333
637571814 97.5267 0.368224 1779 1.68772
637604582 78.5714 3.46789 140 1.86207
637637350 90 9.48683 10 2.63158
637571816 97.4474 0.611132 666 1.47556
637604584 98.1759 0.341565 1535 1.44461
637637352 98.3161 0.327455 1544 1.61205
637571818 97.8188 0.598324 596 1.46467
637604586 97.8519 0.394593 1350 1.44614
637637354 98.5642 0.318731 1393 1.75
637575268 96.1364 0.359559 2873 1.61804
637608036 67.0683 2.97828 249 1.66942
637640804 31.5789 10.6639 19 2.36364
637575270 96.2064 0.332814 3295 1.69412
637608038 65.2 3.01261 250 1.74909
637640806 33.3333 12.1716 15 2
637575272 94.1791 0.904555 670 1.51041
637608040 96.943 0.417403 1701 1.56952
637640808 97.7986 0.317554 2135 1.80695
637575274 91.3917 1.06242 697 1.49237
637608042 93.1507 0.603461 1752 1.51712
637640810 96.1574 0.411131 2186 1.73137
637575396 94.7212 0.40616 3031 1.77112
637608164 75.7692 2.65732 260 1.83746
637640932 52.381 10.8985 21 2.34375
637575398 96.6725 0.30642 3426 1.86884
637608166 73.3333 2.49161 315 2.11813
637640934 47.0588 12.1058 17 2.07692
637575400 94.7683 0.860874 669 1.46736
637608168 96.9139 0.402405 1847 1.75839
637640936 97.1376 0.358287 2166 1.73241
637575402 87.8655 1.24851 684 1.30233
637608170 94.3654 0.550113 1757 1.44143
637640938 95.0805 0.451257 2297 1.71234
637575524 96.2684 0.342912 3055 1.79599
637608292 68.6047 2.88935 258 2.09921
637641060 19.2308 7.7292 26 2.44444
637575526 97.0303 0.300124 3199 1.82004
637608294 68.231 2.79739 277 1.79125
637641062 50 14.4338 12 2.2
637575528 92.5234 0.961032 749 1.29136
637608296 96.3106 0.442342 1816 1.37956
637641064 95.9157 0.414785 2277 1.47221
637575530 94.8324 0.827306 716 1.51518
637608298 96.0784 0.466142 1734 1.43409
637641066 96.0682 0.423 2111 1.45557
637575652 94.6675 0.407634 3038 1.5702
637608420 70.5882 2.85336 255 1.59041
637641188 30 14.4914 10 1.35714
637575654 94.1851 0.46545 2528 1.4698
637608422 67.2727 2.82949 275 1.78526
637641190 41.1765 11.9365 17 2.23077
637575656 93.3522 0.936897 707 1.51805
637608424 95.979 0.474237 1716 1.50475
637641192 95.6029 0.436532 2206 1.5447
637575658 86.6071 1.3138 672 1.44836
637608426 92.9204 0.603201 1808 1.39262
637641194 86.9955 0.796338 1784 1.46241
637575780 97.0947 0.318088 2788 1.95334
637608548 65.7609 3.49813 184 2.105
637641316 62.5 17.1163 8 2.83333
637575782 96.1478 0.341981 3167 1.98398
637608550 65.6904 3.07086 239 1.89837
637641318 25 12.5 12 2.14286
637575784 95.0673 0.837233 669 1.51461
637608552 97.1848 0.400585 1705 1.6683
637641320 96.4269 0.39985 2155 2.04158
637575786 90 1.14208 690 1.37163
637608554 95.6019 0.493283 1728 1.46367
637641322 95.5674 0.433327 2256 1.57732
637575908 97.0217 0.318193 2854 1.99764
637608676 76.4151 2.91567 212 2.34426
637641444 37.5 12.1031 16 2
637575910 96.0913 0.342704 3198 1.98849
637608678 65.9751 3.05197 241 1.89091
637641446 44.4444 16.5635 9 2.85714
637575912 93.8744 0.938405 653 1.58314
637608680 96.9055 0.40348 1842 1.55517
637641448 96.1375 0.418219 2123 1.81863
637575914 95.7747 0.795804 639 1.62007
637608682 96.0419 0.470394 1718 1.76827
637641450 95.4859 0.445577 2171 1.64387
637579364 96.6012 0.417571 1883 1.78224
637612132 81 2.77399 200 1.83577
637644900 71.4286 12.0736 14 2.31034
637579366 97.1818 0.358668 2129 1.73926
637612134 80.303 2.8264 198 2.1673
637644902 61.5385 13.4932 13 2.10526
637579368 93.9668 0.924706 663 1.22365
637612136 97.6132 0.377602 1634 1.41989
637644904 97.7858 0.359966 1671 1.49009
637579370 97.8006 0.561606 682 1.6643
637612138 96.5256 0.460279 1583 1.52015
637644906 97.6297 0.385025 1561 1.76777
637579492 96.8031 0.416611 1783 1.972
637612260 82.906 2.46097 234 2.07029
637645028 76.4706 10.2879 17 2.29032
637579494 97.6415 0.314246 2332 2.11695
637612262 74.2972 2.76934 249 1.99684
637645030 64.2857 12.806 14 2.36
637579496 97.7848 0.58544 632 1.35169
637612264 98.4043 0.323121 1504 1.5132
637645032 98.0923 0.339348 1625 1.61147
637579498 97.9532 0.541399 684 1.45203
637612266 97.871 0.361212 1597 1.51635
637645034 98.1945 0.321332 1717 1.73151
637579620 96.3401 0.435625 1858 1.56854
637612388 80.6122 2.82382 196 1.86454
637645156 57.1429 13.226 14 2.04348
637579622 96.9658 0.354587 2340 1.96941
637612390 82.0276 2.60647 217 1.91919
637645158 83.3333 8.7841 18 2.32143
637579624 95.8042 0.749802 715 1.32752
637612392 91.701 0.669273 1699 1.39625
637645160 98.0097 0.34301 1658 1.53646
637579626 98.7302 0.446097 630 1.64606
637612394 98.401 0.311075 1626 1.55394
637645162 97.9376 0.335547 1794 1.88563
637579748 96.3059 0.430232 1922 1.63089
637612516 79.8995 2.84085 199 2.084
637645284 72.7273 13.4282 11 2.17391
637579750 0 0 2266 0
637612518 0 0 209 0
637645286 0 0 12 0
637579752 95.3895 0.836178 629 1.49844
637612520 97.5925 0.371437 1703 1.4109
637645288 96.1054 0.463003 1746 1.66469
637579754 35.0217 1.81474 691 1.23256
637612522 97.0868 0.410065 1682 1.5557
637645290 97.9544 0.342213 1711 1.66518
637579876 96.8454 0.439031 1585 1.92962
637612644 86.7816 2.56761 174 1.92704
637645412 90.9091 8.66784 11 2.54167
637579878 97.4936 0.353541 1955 1.77715
637612646 75.4839 3.45531 155 1.88083
637645414 77.7778 13.858 9 2.70833
637579880 96.5204 0.712807 661 1.50851
637612648 99.2568 0.223262 1480 1.59364
637645416 99.1362 0.238534 1505 1.78453
637579882 98.2206 0.557654 562 1.55767
637612650 98.3607 0.339013 1403 1.55269
637645418 98.4365 0.316647 1535 1.64555
637580004 94.9081 0.584613 1414 1.81984
637612772 82.7273 2.54855 220 2.12302
637645540 18.1818 11.6291 11 2.33333
637580006 97.876 0.300185 2307 2.07836
637612774 77.6744 2.84002 215 2.24595
637645542 72.7273 13.4282 11 2.5
637580008 96.1667 0.783836 600 1.62308
637612776 98.8748 0.279707 1422 2.18459
637645544 98.7231 0.29106 1488 1.99904
637580010 98.4779 0.477644 657 1.79145
637612778 99.019 0.244042 1631 1.83712
637645546 98.4632 0.283181 1887 1.98917
637583460 95.1639 0.386489 3081 1.7584
637616228 70.4918 2.91975 244 1.64255
637648996 26.3158 10.1023 19 2.28571
637583462 93.3465 0.494491 2540 1.55739
637616230 65.2015 2.88289 273 1.58621
637648998 25 10.8253 16 1.25
637583464 91.6918 1.07273 662 1.28261
637616232 97.1575 0.396239 1759 1.50929
637649000 96.0473 0.415319 2201 1.5557
637583466 90.9483 1.08757 696 1.50829
637616234 96.8225 0.429467 1668 1.56286
637649002 95.864 0.473963 1765 1.54906
637583588 95.7273 0.358468 3183 1.79097
637616356 69.8529 2.78247 272 1.92759
637649124 38.0952 10.5971 21 2.5
637583590 96.5445 0.31524 3357 1.73753
637616358 64.8746 2.85789 279 1.7457
637649126 32.2581 8.3959 31 1.9375
637583592 93.0398 0.959091 704 1.41309
637616360 96.2675 0.431592 1929 1.39804
637649128 96.5625 0.384948 2240 1.49952
637583594 95.3079 0.809758 682 1.50489
637616362 96.8522 0.413974 1779 1.4529
637649130 96.4109 0.394002 2229 1.54276
637583716 96.2041 0.337078 3214 1.60467
637616484 68.9922 2.87956 258 1.79848
637649252 61.9048 10.5971 21 2.36364
637583718 95.911 0.343385 3326 1.75553
637616486 63.5451 2.78345 299 1.50147
637649254 61.5385 13.4932 13 1.64706
637583720 94.5504 0.837849 734 1.50105
637616488 96.8697 0.415435 1757 1.51804
637649256 96.3652 0.389314 2311 1.50357
637583722 49.9234 1.95665 653 1.41703
637616490 45.5842 1.16648 1823 1.56
637649258 54.8665 1.03269 2322 1.44671
637583844 95.7309 0.373603 2928 2.03359
637616612 72.6804 3.19923 194 1.90909
637649380 20 12.6491 10 2.33333
637583846 95.319 0.364734 3354 1.68754
637616614 67.1756 2.90104 262 1.67123
637649382 36.3636 14.5041 11 2.5
637583848 92.9619 0.979464 682 1.44252
637616616 94.6607 0.530189 1798 1.44005
637649384 96.4701 0.390076 2238 1.62697
637583850 87.7907 1.24817 688 1.34334
637616618 95.6744 0.485325 1757 1.50357
637649386 96.3777 0.387996 2319 1.78018
637583972 96.1977 0.355574 2893 1.78197
637616740 72.5146 3.41402 171 2.17204
637649508 50 17.6777 8 2.57143
637583974 96.8739 0.326145 2847 2.07957
637616742 71.5847 3.33396 183 2.17949
637649510 50 15.8114 10 2.375
637583976 91.6404 1.09924 634 1.475
637616744 96.1024 0.466798 1719 1.50453
637649512 95.2278 0.444025 2305 1.71819
637583978 90.3175 1.17818 630 1.63636
637616746 97.1006 0.408152 1690 1.66226
637649514 96.4319 0.401918 2130 1.8512
637584100 94.3855 0.425935 2921 1.49167
637616868 72.242 2.67138 281 1.55313
637649636 46.6667 12.8812 15 2.43478
637584102 95.7235 0.362806 3110 1.7076
637616870 72.5694 2.62904 288 2.03264
637649638 42.8571 10.799 21 2.55556
637584104 93.5127 0.979738 632 1.32936
637616872 95.8357 0.473906 1777 1.41304
637649640 95.8803 0.413873 2306 1.69832
637584106 86.2119 1.31349 689 1.45255
637616874 93.7017 0.592165 1683 1.26929
637649642 93.2084 0.54452 2135 1.36909
637587556 96.3061 0.48442 1516 1.72535
637620324 79.1139 3.2339 158 1.85492
637653092 44.4444 16.5635 9 2.21429
637587558 96.3439 0.417174 2024 1.60336
637620326 82.6087 2.63447 207 1.66783
637653094 82.3529 9.24594 17 2.21429
637587560 96.9466 0.672264 655 1.35784
637620328 97.5207 0.408068 1452 1.46536
637653096 98.0013 0.36124 1501 1.56261
637587562 98.2116 0.511623 671 1.8061
637620330 98.6318 0.28969 1608 1.70046
637653098 98.0559 0.340316 1646 1.87162
637587684 96.5602 0.451688 1628 1.90811
637620452 76.6055 2.8672 218 1.89147
637653220 54.5455 15.0131 11 2.46667
637587686 97.3881 0.344447 2144 1.7511
637620454 72.549 3.12449 204 1.90038
637653222 53.8462 13.8264 13 2.61538
637587688 97.671 0.575422 687 1.40634
637620456 97.9103 0.354622 1627 1.45163
637653224 98.7398 0.280017 1587 1.5051
637587690 97.7778 0.567364 675 1.47482
637620458 97.7721 0.372362 1571 1.40294
637653226 98.3218 0.309015 1728 1.57684
637587812 96.068 0.448008 1882 1.71117
637620580 82.6855 2.24919 283 1.69061
637653348 52.1739 10.4159 23 2.07407
637587814 96.8764 0.370116 2209 1.5488
637620582 75.6014 2.51768 291 1.94118
637653350 52.9412 12.1058 17 2.4
637587816 97.5535 0.604093 654 1.4004
637620584 95.2464 0.512321 1725 1.45474
637653352 97.8637 0.347427 1732 1.63535
637587818 97.5327 0.59099 689 1.61919
637620586 98.1043 0.33193 1688 1.50462
637653354 97.7373 0.349353 1812 1.74022
637587940 97.2356 0.401919 1664 1.85628
637620708 74.4048 3.36686 168 1.86667
637653476 76.4706 10.2879 17 2.05556
637587942 0 0 1964 0
637620710 0 0 180 0
637653478 0 0 11 0
637587944 97.8125 0.578204 640 1.41466
637620712 97.2785 0.409341 1580 1.54355
637653480 98.9163 0.254039 1661 1.76976
637587946 94.8611 0.822834 720 1.37901
637620714 98.6085 0.294603 1581 1.48412
637653482 98.4524 0.301155 1680 1.69738
637588068 97.2898 0.428061 1439 1.7314
637620836 76.9697 3.27769 165 1.87179
637653604 57.1429 13.226 14 2.16
637588070 95.5404 0.472803 1906 1.64186
637620838 72.2222 4.30995 108 2.03846
637653606 54.5455 15.0131 11 2.16667
637588072 82.9582 1.50762 622 1.20854
637620840 97.5949 0.385433 1580 1.31232
637653608 98.4858 0.306735 1585 1.52306
637588074 96.9741 0.650246 694 1.77117
637620842 97.5795 0.404153 1446 1.45593
637653610 98.4433 0.3089 1606 1.5809
637588196 95.5154 0.499473 1717 1.5202
637620964 83.5714 2.21437 280 1.66751
637653732 47.8261 10.4159 23 2.09677
637588198 96.4945 0.400294 2111 1.78603
637620966 78.2051 2.6989 234 1.58702
637653734 57.8947 11.3269 19 1.80769
637588200 97.1976 0.633833 678 1.44533
637620968 94.2993 0.564999 1684 1.46077
637653736 98.7753 0.272178 1633 1.74005
637588202 96.6102 0.710359 649 1.39154
637620970 97.7634 0.358746 1699 1.41399
637653738 97.9467 0.334073 1802 1.61203
