637566989 84.5707 0.355395 10331 1.40384
637632525 92.6608 0.301242 7494 1.66742
637566993 49.3815 0.497357 10105 1.21604
637632529 56.2953 0.523813 8967 1.5968
637566997 50 1.75899 808 1.53116
637632533 40.2783 0.461711 11284 1.38805
637567001 24.4931 0.481107 7990 1.20123
637632537 19.5064 0.467896 7172 1.28306
637567005 77.5752 0.410768 10310 1.37
637632541 88.4467 0.375116 7262 1.58277
637567117 62.8313 0.561925 7396 1.26463
637632653 79.692 0.57647 4870 1.33914
637567121 82.3317 0.382031 9967 1.47611
637632657 83.6137 0.390673 8977 1.5444
637567125 24.6343 0.431269 9982 1.20912
637632661 62.1927 0.45036 11593 1.46555
637567129 52.4603 0.498921 10019 1.31826
637632665 58.4473 0.513514 9210 1.56763
637567133 83.2848 0.367495 10308 1.48781
637632669 88.8463 0.362098 7558 1.64241
637567245 66.0962 0.461579 10518 1.27279
637632781 81.1303 0.452794 7467 1.67467
637567249 52.9435 0.572808 7593 1.44619
637632785 72.8703 0.524584 7184 1.29838
637567253 69.6627 0.501919 8389 1.42066
637632789 67.5901 0.45589 10540 1.50187
637567257 48.5124 0.499379 10016 1.21567
637632793 62.756 0.515716 8788 1.31082
637567261 78.3281 0.401335 10539 1.30905
637632797 89.3004 0.349907 7804 1.66585
637567373 78.1268 0.402696 10538 1.30978
637632909 87.7695 0.377971 7514 1.67868
637567377 62.9187 0.472508 10450 1.369
637632913 69.4645 0.478065 9281 1.54943
637567381 57.8715 0.525669 8823 1.31234
637632917 54.9688 0.469907 11210 1.34291
637567385 49.2515 0.873873 3273 1.79757
637632921 65.2208 0.547689 7562 1.43361
637567389 84.6728 0.352374 10452 1.3954
637632925 95.551 0.23448 7732 1.74573
637567501 63.3778 0.47383 10338 1.35138
637633037 87.0162 0.391719 7363 1.56901
637567505 60.9319 0.526579 8585 1.19556
637633041 68.932 4.55983 103 1.5
637567509 61.888 0.473057 10540 1.244
637633045 63.4901 0.453943 11249 1.42393
637567513 38.5749 0.487308 9978 1.2758
637633049 44.0541 0.512242 9393 1.49677
637567517 83.7584 0.366711 10116 1.36079
637633053 87.9853 0.372366 7624 1.68542
637567629 66.1443 0.465419 10338 1.34934
637633165 86.4235 0.403378 7211 1.55585
637567633 61.0729 0.490537 9880 1.32343
637633169 63.2691 0.505765 9085 1.52444
637567637 63.9749 0.475833 10179 1.30006
637633173 61.0843 0.456301 11417 1.62991
637567641 55.3286 0.495004 10087 1.28653
637633177 67.0305 0.493643 9069 1.4785
637567645 53.65 0.506711 9685 1.21253
637633181 55.8269 0.600488 6839 1.41994
637567757 64.8438 0.47183 10240 1.29512
637633293 72.4138 0.535737 6960 1.58251
637567761 75.5646 0.433403 9830 1.33037
637633297 76.4951 0.444186 9113 1.43023
637567765 50.3232 0.494821 10210 1.25516
637633301 44.4053 0.472173 11073 1.40403
637567769 83.0783 0.377424 9869 1.33183
637633305 89.9934 0.315725 9034 1.55043
637567773 71.0976 0.448162 10231 1.37365
637633309 87.9787 0.379669 7337 1.65913
637567885 49.7151 0.495601 10178 1.29019
637633421 50.7619 0.602252 6891 1.34085
637567889 64.024 0.48017 9990 1.31396
637633425 73.7626 0.463953 8991 1.4342
637567893 71.2197 0.445448 10330 1.32682
637633429 78.0498 0.384321 11599 1.42139
637567897 64.7894 0.479404 9926 1.43148
637633433 43.6441 0.523702 8968 1.40529
637567901 74.9284 0.430614 10131 1.35547
637633437 83.8464 0.425754 7472 1.85507
637568013 66.6146 0.465938 10244 1.26492
637633549 81.4758 0.4597 7142 1.56302
637568017 62.5173 0.481342 10114 1.24705
637633553 63.1457 0.505758 9098 1.55408
637568021 72.5244 0.449641 9856 1.37302
637633557 58.8198 0.469662 10981 1.47201
637568025 80.1263 0.399589 9973 1.3637
637633561 83.2579 0.39222 9061 1.5908
637568029 46.2094 0.49567 10117 1.34477
637633565 77.516 0.497384 7045 1.75693
637568141 65.7711 0.470702 10161 1.28302
637633677 75.729 0.516382 6893 1.58782
637568145 53.6093 0.498646 10002 1.37138
637633681 61.2772 0.518326 8832 1.61784
637568149 58.8272 0.50094 9652 1.28612
637633685 54.031 0.477289 10903 1.41812
637568153 75.6624 0.429098 10001 1.29143
637633689 75.9733 0.454517 8836 1.39636
637568157 73.4516 0.532462 6878 1.46615
637633693 85.8396 0.503854 4788 1.81494
637568269 66.8665 0.462823 10343 1.42506
637633805 87.9476 0.378446 7401 1.63681
637568273 76.5583 0.42374 9995 1.39319
637633809 78.2292 0.433616 9058 1.57307
637568277 68.9236 0.460123 10117 1.35149
637633813 64.708 0.450568 11249 1.48264
637568281 67.6136 0.465557 10103 1.38632
637633817 74.3226 0.454809 9226 1.59674
637568285 64.3815 0.470228 10371 1.44634
637633821 85.1791 0.414692 7341 1.72317
637568397 69.1788 0.456825 10217 1.35385
637633933 81.2465 0.46351 7092 1.6535
637568401 64.3799 0.478541 10014 1.25477
637633937 75.3156 0.451722 9111 1.52192
637568405 54.2441 0.494087 10167 1.28618
637633941 54.002 0.472907 11107 1.39357
637568409 56.6861 0.492977 10103 1.23457
637633945 75.8737 0.453545 8899 1.53875
637568413 56.5279 0.499481 9850 1.34201
637633949 68.1701 0.573076 6607 1.39234
637569037 84.626 0.371539 9425 1.3643
637634573 90.1807 0.294875 10184 1.49354
637569041 44.5178 0.517048 9239 1.31905
637634577 52.5912 0.522663 9127 1.39223
637569045 75.9901 1.50269 808 1.5561
637634581 65.4531 0.471692 10163 1.32411
637569049 47.6598 0.591243 7136 1.2166
637634585 52.1002 0.584329 7309 1.35983
637569053 58.2133 0.519253 9022 1.224
637634589 50.4278 0.501615 9935 1.48622
637569165 65.8054 0.569909 6928 1.3584
637634701 74.2751 0.512415 7277 1.4654
637569169 77.8238 0.439543 8933 1.41629
637634705 59.9698 0.508666 9278 1.60101
637569173 48.5129 0.527488 8977 1.28969
637634709 60.9481 0.474575 10568 1.47775
637569177 22.414 0.435835 9155 1.26994
637634713 33.8424 0.48729 9429 1.23363
637569181 70.728 0.476067 9135 1.34507
637634717 78.3816 0.411435 10010 1.48346
637569293 71.7879 0.477974 8865 1.3155
637634829 84.6295 0.354944 10325 1.51724
637569297 62.9193 0.575842 7036 1.27744
637634833 71.6559 0.51685 7603 1.41612
637569301 60.4253 0.54855 7947 1.29055
637634837 60.96 0.498888 9562 1.39771
637569305 57.4246 0.516096 9179 1.27273
637634841 69.2265 0.488344 8933 1.52252
637569309 86.1754 0.359832 9201 1.41888
637634845 91.3739 0.27319 10561 1.60373
637569421 82.2124 0.396688 9293 1.32169
637634957 72.4263 0.448299 9937 1.48241
637569425 0 0 9424 0
637634961 22.9721 0.435729 9320 1.1857
637569429 48.7239 0.553668 8150 1.25022
637634965 53.7436 0.499171 9977 1.41169
637569433 42.6045 1.40203 1244 1.16416
637634969 46.665 0.563939 7826 1.44684
637569437 85.0852 0.374714 9038 1.41411
637634973 85.9262 0.343551 10246 1.46803
637569549 72.9434 0.467143 9044 1.29995
637635085 75.4386 0.428548 10089 1.42948
637569553 68.205 0.485268 9209 1.37162
637635089 58.6957 5.13342 92 1.38356
637569557 67.5791 0.484023 9352 1.30624
637635093 57.0487 0.494611 10016 1.35591
637569561 40.8711 0.515559 9092 1.22256
637635097 24.8956 0.441785 9580 1.28035
637569565 85.6951 0.370859 8913 1.48209
637635101 93.812 0.237656 10278 1.68227
637569677 68.3216 0.483323 9265 1.31606
637635213 67.3924 0.471733 9875 1.42094
637569681 45.728 0.526819 8942 1.20962
637635217 56.0009 0.518732 9157 1.52787
637569685 52.2245 0.523537 9103 1.24534
637635221 52.2274 0.493712 10236 1.37992
637569689 43.8085 0.520537 9085 1.41182
637635225 57.4807 0.51253 9304 1.46576
637569693 68.5968 0.505055 8445 1.2972
637635229 72.6016 0.459966 9402 1.4031
637569805 67.6633 0.492244 9030 1.21819
637635341 76.6351 0.426773 9831 1.47526
637569809 72.1549 0.474863 8910 1.30491
637635345 82.1861 0.395897 9341 1.4014
637569813 49.5301 0.522685 9150 1.27584
637635349 38.8828 0.486439 10043 1.46997
637569817 67.2029 0.496194 8952 1.35695
637635353 81.2993 0.405394 9251 1.38414
637569821 78.2112 0.43272 9101 1.4168
637635357 75.6521 0.427412 10083 1.49043
637569933 83.2499 0.389447 9194 1.31862
637635469 87.2232 0.340378 9619 1.52858
637569937 28.6158 0.476174 9009 1.20096
637635473 31.9798 0.488596 9112 1.2953
637569941 68.2446 0.481769 9337 1.32285
637635477 68.5586 0.45928 10219 1.4944
637569945 60.2373 0.520234 8850 1.27385
637635481 61.1716 0.50855 9184 1.40714
637569949 68.0319 0.490653 9034 1.34554
637635485 80.4998 0.396104 10005 1.50021
637570061 70.5128 0.481454 8970 1.25982
637635597 78.9876 0.408686 9937 1.46276
637570065 63.0237 0.504913 9141 1.28971
637635601 71.0441 0.471536 9252 1.56549
637570069 58.2446 0.524812 8830 1.28682
637635605 65.1386 0.482034 9773 1.44211
637570073 62.2423 0.511772 8973 1.16062
637635609 82.3697 0.398407 9149 1.29151
637570077 57.5791 0.521768 8972 1.32091
637635613 84.9748 0.362484 9717 1.60226
637570189 47.7683 0.532319 8805 1.20803
637635725 73.3383 0.454564 9463 1.39855
637570193 44.4979 0.525542 8942 1.20082
637635729 62.8648 0.509926 8978 1.43796
637570197 53.8621 0.534855 8687 1.24013
637635733 50.1842 0.505744 9774 1.34295
637570201 40.0461 0.513313 9112 1.25892
637635737 36.1341 0.501167 9188 1.34357
637570205 74.304 0.574596 5783 1.34546
637635741 75.4652 0.540321 6342 1.43029
637570317 70.7387 0.477718 9070 1.309
637635853 79.6535 0.404033 9928 1.46536
637570321 70.9487 0.4741 9170 1.23369
637635857 68.0992 0.490542 9028 1.42416
637570325 56.3579 0.518352 9154 1.21401
637635861 58.3839 0.491718 10049 1.42116
637570329 32.251 0.490411 9085 1.13788
637635865 46.9944 0.517094 9316 1.35793
637570333 61.3305 0.513649 8989 1.35652
637635869 60.9543 0.486396 10060 1.42175
637570445 64.4442 0.513231 8699 1.19644
637635981 63.4539 0.486076 9815 1.3337
637570449 59.4888 0.516408 9037 1.35036
637635985 71.1798 0.472516 9188 1.36192
637570453 56.6703 0.518603 9130 1.18699
637635989 63.8119 0.480665 9995 1.45882
637570457 74.038 0.455804 9252 1.30244
637635993 73.1691 0.462546 9176 1.43233
637570461 55.2484 0.532575 8717 1.27342
637635997 61.361 0.504454 9317 1.42206
637567021 77.3728 0.391164 11442 1.21855
637632557 83.3665 0.429216 7527 1.45531
637567025 27.7929 0.535781 6991 1.12032
637599793 42.2806 0.639251 5972 1.26375
637632561 36.8916 0.69739 4787 1.33623
637567029 75.8913 0.593801 5189 1.27848
637599797 55.7979 0.622097 6373 1.24862
637632565 71.8699 0.576359 6086 1.27499
637567033 0 0 3 0
637599801 47.0449 0.733058 4636 1.22494
637632569 45.405 0.721193 4766 1.61004
637567037 83.217 0.353475 11178 1.29835
637632573 85.5719 0.405003 7527 1.35861
637567149 64.8903 0.45832 10846 1.16973
637632685 42.569 0.579223 7287 1.26524
637567153 40.5425 0.592914 6857 1.22461
637599921 56.8798 0.646674 5865 1.31407
637632689 56.0802 0.728735 4638 1.61255
637567157 57.5647 0.702915 4944 1.18137
637599925 67.4832 0.560652 6981 1.32497
637632693 57.9675 0.625928 6219 1.3476
637567161 42.2317 0.599682 6784 1.19119
637599929 39.7051 0.636943 5901 1.32116
637632697 58.8026 0.712124 4777 1.27121
637567165 56.2614 0.473582 10972 1.21181
637632701 61.7042 0.573123 7194 1.46373
637567277 74.6559 0.411202 11190 1.30865
637632813 81.3531 0.445541 7642 1.47073
637567281 64.6939 0.681564 4917 1.15792
637600049 70.1421 0.598791 5841 1.31906
637632817 65.1191 0.83293 3274 1.39727
637567285 53.2403 0.704564 5015 1.28282
637600053 59.5569 0.613046 6409 1.38458
637632821 45.6625 0.636676 6121 1.25192
637567289 65.2249 0.658867 5225 1.23778
637600057 70.0178 0.68256 4506 1.45996
637632825 65.0759 0.785014 3688 1.42631
637567293 67.4987 0.436804 11498 1.19945
637632829 75.2871 0.490003 7749 1.4497
637567405 63.9037 0.456129 11087 1.21314
637632941 72.2608 0.512248 7639 1.35415
637567409 48.5877 0.59695 7010 1.23088
637600177 63.9453 0.627512 5855 1.34219
637632945 66.491 0.699464 4554 1.57395
637567413 53.6137 0.700787 5064 1.16243
637600181 46.8992 0.634188 6192 1.2032
637632949 40.365 0.629115 6082 1.2109
637567417 47.1683 0.702468 5050 1.21559
637600185 46.0219 0.66273 5656 1.34724
637632953 51.518 0.888769 3162 1.31054
637567421 69.3722 0.43343 11310 1.29646
637632957 81.4766 0.446066 7585 1.44828
637567533 0.879476 0.088449 11143 1.29365
637633069 79.4767 0.457412 7796 1.5504
637567537 52.5458 0.597181 6992 1.1584
637600305 61.3598 0.636408 5854 1.26816
637633073 62.3793 0.694389 4867 1.3169
637567541 46.3517 0.688292 5249 1.19606
637600309 53.3044 0.620683 6461 1.3235
637633077 33.9769 0.60842 6060 1.42156
637567545 61.1394 0.657614 5494 1.2109
637600313 66.0078 0.718113 4351 1.29664
637633081 54.8825 0.837178 3533 1.32323
637567549 80.5095 0.371922 11344 1.24528
637633085 83.0725 0.428237 7668 1.48232
637567661 52.681 0.474367 11078 1.21757
637633197 79.5801 0.4769 7145 1.44157
637567665 36.5872 0.58802 6710 1.26551
637600433 49.4699 0.653795 5848 1.55004
637633201 58.4673 0.712081 4789 1.38654
637567669 46.7823 0.692604 5190 1.25617
637600437 51.7381 0.622486 6444 1.39572
637633205 54.8525 0.625134 6337 1.3917
637567673 55.6196 0.604188 6762 1.18367
637600441 64.1021 0.623778 5914 1.38041
637633209 48.1553 0.731793 4662 1.40961
637567677 50.5071 0.530748 8874 1.21725
637633213 47.9157 0.628944 6309 1.36273
637567789 59.058 0.467527 11062 1.18051
637633325 31.5753 0.546161 7243 1.25195
637567793 72.6605 0.545817 6668 1.22977
637600561 82.0924 0.506295 5735 1.2295
637633329 79.6712 0.580516 4806 1.40145
637567797 51.155 0.702367 5065 1.43766
637600565 36.4502 0.601331 6406 1.21631
637633333 55.5466 0.63098 6202 1.21548
637567801 78.9165 0.561409 5279 1.2253
637600569 77.0273 0.616948 4649 1.40218
637633337 78.9909 0.808783 2537 1.48361
637567805 63.5293 0.454648 11209 1.22143
637633341 68.7459 0.532862 7567 1.44811
637567917 54.104 0.474304 11038 1.21156
637633453 52.5085 0.594488 7056 1.4575
637567921 62.7347 0.587858 6765 1.26598
637600689 69.5303 0.60153 5855 1.30173
637633457 67.8207 0.680849 4708 1.44973
637567925 58.4721 0.670203 5406 1.18923
637600693 68.0248 0.588378 6283 1.57039
637633461 70.5019 0.579304 6197 1.28957
637567929 59.6708 0.605628 6561 1.2204
637600697 61.7708 0.636546 5828 1.25219
637633465 55.929 0.721803 4731 1.26314
637567933 43.689 0.478364 10751 1.16144
637633469 28.787 0.548018 6826 1.2246
637568045 76.3068 0.403655 11096 1.24215
637633581 70.7437 0.524271 7530 1.46666
637568049 59.158 0.594293 6841 1.13308
637600817 63.4343 0.624893 5940 1.33868
637633585 70.66 0.65495 4833 1.42229
637568053 61.4675 0.689085 4988 1.23976
637600821 61.78 0.610418 6337 1.40637
637633589 64.0984 0.614208 6100 1.35546
637568057 50.1172 0.605093 6828 1.26763
637600825 60.603 0.630659 6003 1.21014
637633593 61.3535 0.710349 4699 1.22279
637568061 22.0587 0.419216 9783 1.15963
637633597 50.5899 0.627067 6357 1.45807
637568173 70.275 0.437572 10910 1.19661
637633709 73.7796 0.519431 7170 1.26293
637568177 75.5298 0.51443 6984 1.32884
637600945 64.894 0.614354 6036 1.23029
637633713 77.8433 0.592381 4915 1.24075
637568181 52.2767 0.695268 5161 1.19857
637600949 53.5737 0.624378 6380 1.24314
637633717 50.5694 0.633175 6235 1.23028
637568185 50.1825 0.604074 6851 1.21508
637600953 60.2333 0.641034 5829 1.22691
637633721 61.8521 0.695278 4881 1.23544
637568189 52.3633 0.46944 11319 1.27911
637633725 64.3398 0.562048 7263 1.37179
637568301 57.8255 0.472038 10945 1.1611
637633837 68.153 0.535109 7580 1.50034
637568305 15.9434 0.451744 6567 1.1931
637601073 59.5748 0.647797 5739 1.36774
637633841 67.4571 0.681762 4723 1.29985
637568309 47.9689 0.696496 5145 1.16714
637601077 52.0528 0.637662 6138 1.25503
637633845 70.0214 0.588018 6071 1.3596
637568313 55.4056 0.598792 6891 1.16486
637601081 70.4836 0.599427 5790 1.2157
637633849 67.9434 0.673335 4804 1.27644
637568317 88.8126 0.293885 11504 1.37715
637633853 86.1381 0.395903 7618 1.5617
637568429 45.7045 0.473721 11058 1.18822
637633965 77.4756 0.493344 7170 1.49697
637568433 59.6324 0.594981 6800 1.20412
637601201 65.7935 0.620729 5841 1.43885
637633969 63.9042 0.687024 4887 1.3769
637568437 67.4349 0.638892 5380 1.27119
637601205 72.5035 0.559039 6379 1.40029
637633973 74.187 0.568032 5935 1.35924
637568441 63.9594 0.578204 6895 1.18063
637601209 68.4375 0.596048 6080 1.33747
637633977 74.2498 0.637874 4699 1.54345
637568445 80.9073 0.375117 10978 1.29471
637633981 78.4436 0.490026 7042 1.27367
637569069 74.3525 0.633679 4749 1.23039
637601837 76.6303 0.500605 7146 1.20723
637634605 76.3329 0.570432 5552 1.35439
637569073 40.7582 0.491434 9998 1.18738
637634609 48.2546 0.5445 8422 1.33175
637569077 7.27471 0.286221 8234 1.16901
637634613 64.3604 0.505122 8990 1.37098
637569081 16.6667 15.2145 6 1.41538
637634617 55.2449 0.54821 8227 1.31946
637569085 28.8112 0.643961 4946 1.10592
637601853 19.4975 0.485939 6647 1.24378
637634621 56.2701 0.662997 5598 1.25157
637569197 58.4215 0.731786 4536 1.27656
637601965 55.1646 0.609814 6651 1.60103
637634733 63.6414 0.655999 5377 1.29773
637569201 43.7962 0.499317 9873 1.12545
637634737 49.5438 0.55519 8110 1.26328
637569205 57.9023 0.539621 8371 1.22845
637634741 58.852 0.505019 9495 1.32324
637569209 58.3461 0.498729 9771 1.24162
637634745 27.0435 0.490251 8209 1.47589
637569213 50.9669 0.720877 4809 1.42737
637601981 47.3136 0.613362 6626 1.36328
637634749 61.4626 0.663893 5374 1.31359
637569325 64.1048 0.711849 4541 1.2647
637602093 73.0686 0.534075 6899 1.46812
637634861 75.6633 0.580468 5465 1.42748
637569329 62.901 0.541818 7949 1.14686
637634865 62.2911 0.581775 6940 1.30899
637569333 51.8145 0.554198 8129 1.1697
637634869 22.1157 0.438182 8971 1.31097
637569337 46.4893 0.579569 7406 1.24969
637634873 75.2353 0.549878 6162 1.36794
637569341 59.9497 0.70955 4769 1.24689
637602109 70.6657 0.539008 7135 1.48725
637634877 74.4916 0.582195 5606 1.52736
637569453 66.5597 0.714247 4363 1.22816
637602221 40.9932 0.593504 6867 1.29468
637634989 74.0248 0.592025 5486 1.28267
637569457 25.2489 0.43564 9945 1.09342
637634993 33.3084 0.526225 8022 1.22497
637569461 65.3707 0.531118 8025 1.22448
637634997 69.5277 0.487551 8913 1.2157
637569465 46.4956 0.552589 8147 1.12698
637635001 46.3362 0.616754 6537 1.20705
637569469 66.255 0.70222 4534 1.28015
637602237 67.5617 0.563988 6890 1.26168
637635005 74.6266 0.587287 5490 1.30579
637569581 71.7321 0.659716 4659 1.33079
637602349 78.0991 0.498572 6881 1.52126
637635117 81.4488 0.516679 5660 1.45036
637569585 59.1018 0.492237 9976 1.17612
637635121 60.7739 0.529524 8502 1.24515
637569589 14.1355 0.380825 8369 1.16248
637635125 10.1125 0.318174 8979 1.48949
637569593 53.1715 0.555398 8072 1.12108
637635129 52.4367 0.62416 6402 1.28767
637569597 67.5664 0.682469 4705 1.22749
637602365 73.5108 0.529319 6950 1.39204
637635133 78.9216 0.549566 5508 1.43743
637569709 63.5734 0.697279 4763 1.25872
637602477 63.0924 0.590947 6668 1.45274
637635245 72.2423 0.61703 5267 1.31767
637569713 44.6921 0.506215 9646 1.16473
637635249 52.1998 0.550684 8228 1.28169
637569717 63.5147 0.52868 8291 1.23583
637635253 34.8298 0.496121 9222 1.30588
637569721 48.7391 0.504042 9834 1.1817
637635257 56.8682 0.546291 8219 1.31243
637569725 40.3833 0.73678 4435 1.59698
637602493 50.9737 0.687386 5289 1.28824
637635261 49.2095 0.740831 4554 1.27626
637569837 65.241 0.701669 4606 1.21433
637602605 65.3946 0.570871 6944 1.1948
637635373 58.4598 0.67455 5337 1.27738
637569841 0 0 9455 0
637635377 85.7972 0.383951 8266 1.32172
637569845 55.2463 0.551808 8120 1.2021
637635381 41.4361 0.51617 9108 1.37266
637569849 59.9867 0.565528 7505 1.20787
637635385 75.1305 0.590197 5364 1.23333
637569853 62.9514 0.695753 4818 1.17268
637602621 73.6651 0.53128 6873 1.37113
637635389 73.2573 0.590997 5609 1.31377
637569965 64.56 0.702517 4636 1.2714
637602733 74.7779 0.524075 6867 1.33757
637635501 77.0227 0.576391 5327 1.4074
637569969 61.513 0.494976 9663 1.24466
637635505 64.1319 0.529032 8219 1.54631
637569973 62.249 0.529931 8368 1.23431
637635509 73.2877 0.465049 9052 1.40772
637569977 62.2435 0.502502 9307 1.35516
637635513 63.8875 0.53108 8180 1.38651
637569981 23.6742 0.616645 4752 1.30912
637602749 40.7464 0.606435 6565 1.16631
637635517 37.1674 0.675894 5112 1.12823
637570093 65.1759 0.701975 4606 1.15801
637602861 57.2048 0.594829 6919 1.20591
637635629 53.5787 0.678229 5407 1.18581
637570097 54.0133 0.5011 9892 1.15329
637635633 54.709 0.546975 8282 1.26421
637570101 60.9121 0.539539 8179 1.14363
637635637 56.2211 0.526918 8865 1.27689
637570105 36.0058 0.488543 9654 1.21737
637635641 52.8802 0.551443 8194 1.41642
637570109 56.1261 0.766892 4187 1.16617
637602877 69.2796 0.596426 5983 1.19699
637635645 68.7282 0.684137 4592 1.25801
637570221 30.8172 0.689008 4491 1.31914
637602989 45.1589 0.609252 6672 1.24017
637635757 42.7964 0.687598 5178 1.24044
637570225 34.2273 0.477319 9881 1.25199
637635761 44.1874 0.539507 8473 1.34365
637570229 45.9125 0.55169 8159 1.28711
637635765 45.4996 0.522676 9077 1.47999
637570233 58.3223 0.497751 9811 1.26526
637635769 59.1078 0.538376 8339 1.38094
637570237 50.7783 0.725083 4754 1.19051
637603005 51.5129 0.60279 6874 1.17498
637635773 57.8403 0.683288 5223 1.25764
637570349 76.4719 0.642025 4365 1.17719
637603117 76.0775 0.513058 6914 1.41691
637635885 72.6644 0.60145 5491 1.34416
637570353 58.7856 0.505807 9470 1.2151
637635889 56.111 0.55 8141 1.36497
637570357 26.5861 0.495675 7944 1.17819
637635893 33.2957 0.500673 8860 1.36376
637570361 60.8932 0.49446 9740 1.18455
637635897 34.7333 0.523054 8286 1.46703
637570365 77.0572 0.598592 4934 1.21305
637603133 72.3304 0.535239 6986 1.25184
637635901 71.4467 0.607375 5530 1.38399
637570477 63.1997 0.706237 4663 1.2561
637603245 69.2838 0.558854 6814 1.30007
637636013 67.5465 0.645196 5266 1.37777
637570481 18.9002 0.397662 9693 1.30074
637636017 27.193 0.487754 8322 1.33252
637570485 49.6054 0.546766 8362 1.20631
637636021 44.229 0.527287 8872 1.21368
637570489 64.4281 0.480367 9932 1.2056
637636025 63.8188 0.52056 8521 1.376
637570493 56.0704 0.726874 4662 1.24442
637603261 59.8873 0.59674 6746 1.13667
637636029 30.046 0.635035 5212 1.22898
637567053 83.579 0.600976 3800 1.24245
637632589 85.2822 0.546736 4199 1.29571
637567057 96.5076 0.442928 1718 1.80417
637632593 95.2756 0.355782 3556 1.67188
637567061 76.6509 0.706167 3589 1.16574
637632597 76.886 0.67186 3937 1.19444
637567065 43.7302 0.806831 3780 1.13971
637632601 53.2747 0.840105 3527 1.22105
637567069 77.5681 0.68493 3709 1.17818
637632605 82.0293 0.600351 4090 1.2672
637567181 70.6349 1.6564 756 1.19035
637632717 42.2205 0.792722 3882 1.25886
637567185 50.1849 0.760193 4326 1.09786
637632721 49.355 0.837227 3566 1.20584
637567189 71.2916 0.738276 3755 1.17266
637632725 29.0142 0.708932 4098 1.28959
637567193 42.6132 0.761511 4217 1.14227
637632729 40.9128 0.815276 3637 1.29049
637567197 52.8327 0.810338 3795 1.16025
637632733 43.12 0.797227 3859 1.16184
637567309 81.5003 0.634422 3746 1.17718
637632845 82.7315 0.592396 4071 1.23121
637567313 69.3783 0.838177 3024 1.16889
637632849 72.3652 0.839583 2837 1.25094
637567317 56.424 0.811245 3736 1.17769
637632853 15.43 0.578812 3895 1.24084
637567321 56.7598 0.743653 4438 1.14673
637632857 42.2028 0.815473 3668 1.25297
637567325 60.3945 0.798445 3752 1.11633
637632861 62.7924 0.750589 4147 1.18221
637567437 80.5859 0.670307 3482 1.19019
637632973 74.9331 0.676113 4109 1.24276
637567441 57.0565 0.754773 4301 1.12645
637632977 64.4585 0.793554 3638 1.25689
637567445 66.7912 0.798242 3481 1.14335
637632981 50.6079 0.7957 3948 1.21767
637567449 42.7039 0.866073 3262 1.08283
637632985 43.944 0.916754 2931 1.19109
637567453 32.9751 0.790597 3536 1.1385
637632989 71.6046 0.707932 4057 1.25635
637567565 75.8302 0.706299 3674 1.16393
637633101 72.6403 0.70727 3973 1.33175
637567569 47.6169 0.750622 4427 1.12411
637633105 42.4374 0.815186 3676 1.22801
637567573 46.8452 0.81249 3772 1.13333
637633109 49.5537 0.798462 3921 1.18627
637567577 43.6436 0.757452 4287 1.14605
637633113 54.9331 0.830653 3588 1.22494
637567581 53.9745 0.804633 3837 1.23539
637633117 72.0982 0.702611 4075 1.24287
637567693 66.8402 0.779359 3649 1.13538
637633229 75.4111 0.679671 4014 1.22087
637567697 34.7612 0.728593 4272 1.13363
637633233 61.7384 0.812529 3578 1.14655
637567701 60.5529 0.79683 3762 1.11995
637633237 62.6026 0.763234 4019 1.19236
637567705 43.0769 0.761821 4225 1.18264
637633241 39.8892 0.814986 3610 1.36434
637567709 45.3773 0.798955 3883 1.11262
637633245 57.0677 0.959724 2660 1.25421
637567821 46.6006 0.816132 3736 1.13278
637633357 64.0511 0.759756 3989 1.18843
637567825 72.2498 0.688708 4227 1.17253
637633361 73.4274 0.741888 3545 1.25193
637567829 42.5727 0.967472 2612 1.10074
637633365 9.09091 8.66784 11 1
637567833 72.8647 0.688751 4168 1.17139
637633369 69.8685 0.775785 3498 1.20238
637567837 52.3899 0.816108 3745 1.16646
637633373 44.6465 0.789985 3960 1.31626
637567949 69.5856 0.764619 3620 1.21441
637633485 67.4797 0.735283 4059 1.267
637567953 43.006 0.753421 4318 1.15381
637633489 59.5914 0.826629 3524 1.20956
637567957 72.1683 0.735992 3708 1.23671
637633493 68.0338 0.746655 3901 1.1713
637567961 69.3663 0.721061 4087 1.24603
637633497 39.8736 0.829895 3481 1.46825
637567965 62.7963 0.788779 3755 1.16478
637633501 49.2023 0.80198 3886 1.29567
637568077 73.5983 0.727245 3674 1.21874
637633613 71.1915 0.712763 4037 1.31886
637568081 54.0987 0.765917 4233 1.10499
637633617 49.7522 0.829644 3632 1.19719
637568085 52.9045 0.840253 3529 1.34021
637633621 59.6149 0.786202 3895 1.3191
637568089 59.0213 0.773162 4046 1.16364
637633625 29.9499 0.763822 3596 1.35997
637568093 75.4778 0.705846 3715 1.28343
637633629 73.9013 0.688142 4073 1.31239
637568205 62.4763 0.796964 3691 1.13455
637633741 62.4407 0.765038 4007 1.33356
637568209 58.0234 0.795897 3845 1.125
637633745 0 0 0 0
637568213 22.1156 0.677463 3753 1.10206
637633749 17.9493 0.596078 4145 1.35145
637568217 54.8738 0.757191 4319 1.2746
637633753 55.0279 0.831422 3580 1.24492
637568221 63.901 0.792161 3676 1.18362
637633757 72.561 0.696857 4100 1.18833
637568333 68.4458 0.772837 3616 1.12896
637633869 62.214 0.760465 4065 1.30577
637568337 68.7912 0.724066 4095 1.14255
637633873 65.9045 0.801372 3499 1.33059
637568341 32.0655 0.777665 3602 1.13791
637633877 13.4039 0.547517 3872 1.38204
637568345 30.9815 0.716345 4167 1.12332
637633881 43.9468 0.843651 3461 1.23043
637568349 83.4303 0.687944 2921 1.22599
637633885 75.696 0.758585 3197 1.2759
637568461 93.4378 0.403608 3764 1.45394
637633997 95.9758 0.305993 4125 1.59389
637568465 67.0944 0.731144 4130 1.13733
637634001 73.4501 0.74815 3484 1.24839
637568469 52.1404 0.814554 3761 1.19833
637634005 61.3333 0.779802 3900 1.41715
637568473 48.7049 0.760119 4324 1.13101
637634009 62.2003 0.791395 3754 1.33285
637568477 0 0 3754 0
637634013 0 0 3932 0
637571149 75.9733 0.712472 3596 1.25793
637636685 82.6451 0.643566 3463 1.28947
637571153 78.481 1.00895 1659 1.15343
637636689 67.5644 0.796657 3453 1.28343
637571157 78.2138 0.706378 3415 1.21021
637636693 89.949 0.480242 3920 1.29673
637571161 48.6711 0.831654 3612 1.13747
637636697 54.6201 0.867981 3290 1.27775
637571165 56.5654 0.816424 3686 1.18558
637636701 61.6112 0.84956 3277 1.2748
637571277 80.3499 1.45774 743 1.2065
637636813 68.6702 0.818546 3211 1.16996
637571281 74.5225 0.700072 3874 1.16195
637636817 69.9434 0.791348 3357 1.22238
637571285 60.5303 0.780485 3922 1.19664
637636821 61.7972 0.737543 4340 1.29997
637571289 33.4713 0.73625 4108 1.17619
637636825 16.7125 0.652135 3273 1.28802
637571293 47.6036 0.821828 3693 1.14333
637636829 57.1948 0.8612 3301 1.17109
637571405 79.7013 0.668886 3616 1.21564
637636941 84.721 0.61495 3423 1.32403
637571409 71.8529 0.845667 2828 1.17425
637636945 72.5197 0.863778 2671 1.25581
637571413 77.2022 0.717693 3417 1.24228
637636949 79.1745 0.666928 3707 1.38069
637571417 60.1299 0.789112 3850 1.15881
637636953 48.3952 0.886481 3178 1.25488
637571421 33.0892 0.774916 3687 1.12401
637636957 33.257 0.797045 3494 1.18454
637571533 75.6685 0.698182 3777 1.18286
637637069 79.8063 0.677503 3511 1.28652
637571537 54.8081 0.756675 4326 1.25212
637637073 48.0894 0.856615 3402 1.21048
637571541 17.9417 0.636503 3634 1.09838
637637077 26.2616 0.688765 4082 1.53595
637571545 34.2953 0.827343 3292 1.09986
637637081 40.9712 0.957852 2636 1.18337
637571549 69.0179 0.761656 3686 1.15159
637637085 70.9432 0.748539 3679 1.19085
637571661 75.694 0.721938 3530 1.20234
637637197 73.1423 0.765652 3351 1.28543
637571665 55.4057 0.785445 4005 1.32316
637637201 53.4413 0.848255 3458 1.47158
637571669 38.9403 1.10593 1944 1.14655
637637205 37.3466 1.05108 2118 1.16431
637571673 52.4981 0.803461 3863 1.2056
637637209 69.9441 0.78667 3397 1.20714
637571677 59.4248 0.79396 3825 1.23325
637637213 64.6288 0.844415 3206 1.31589
637571789 62.677 0.805992 3601 1.12153
637637325 74.4165 0.749955 3385 1.28462
637571793 63.7124 0.777455 3825 1.15883
637637329 53.9862 0.883004 3186 1.27493
637571797 66.304 0.810505 3401 1.13605
637637333 55.1181 0.792684 3937 1.1857
637571801 41.4253 0.788678 3901 1.16166
637637337 48.3424 0.867547 3318 1.21952
637571805 65.7762 0.795642 3556 1.17422
637637341 68.0502 0.805733 3349 1.23216
637571917 31.0687 0.748067 3827 1.2373
637637453 38.3032 0.858553 3206 1.27961
637571921 60.7966 0.772692 3992 1.13706
637637457 69.6249 0.803102 3279 1.2184
637571925 41.1166 0.955653 2651 1.15827
637637461 44.4444 16.5635 9 1.4
637571929 61.4524 0.76754 4021 1.21056
637637465 53.9806 0.880665 3203 1.2492
637571933 36.7133 0.790521 3718 1.17391
637637469 54.7096 0.863515 3323 1.24272
637572045 73.208 0.731153 3669 1.16148
637637581 76.4326 0.711329 3560 1.26675
637572049 26.3235 0.686267 4118 1.15407
637637585 57.1133 0.850273 3388 1.18721
637572053 71.2763 0.748017 3659 1.16842
637637589 66.6667 0.758065 3867 1.3478
637572057 61.4769 0.79459 3751 1.1458
637637593 55 0.858258 3360 1.2396
637572061 65.3501 0.796416 3570 1.26371
637637597 71.5378 0.788973 3271 1.23896
637572173 15.4582 0.589159 3765 1.12401
637637709 28.1399 0.801853 3145 1.25243
637572177 51.3486 0.801069 3893 1.18136
637637713 60 0.85023 3320 1.28605
637572181 53.404 0.833254 3584 1.32758
637637717 49.6006 0.802573 3881 1.3186
637572185 48.1051 0.831005 3615 1.15872
637637721 53.6852 0.868416 3297 1.24586
637572189 71.9641 0.740342 3681 1.20268
637637725 79.687 0.697936 3323 1.23328
637572301 68.981 0.773968 3572 1.14066
637637837 67.3373 0.806669 3380 1.19936
637572305 56.262 0.886676 3130 1.15842
637637841 0 0 0 0
637572309 56.9826 0.829092 3566 1.16103
637637845 60.1521 0.792961 3812 1.36888
637572313 54.5431 0.801138 3863 1.15413
637637849 55.0551 0.88281 3175 1.34183
637572317 66.4251 0.773663 3726 1.22215
637637853 78.8991 0.713531 3270 1.21736
637572429 62.6389 0.816658 3509 1.18456
637637965 62.8158 0.84828 3246 1.26639
637572433 0 0 3991 0
637637969 0 0 3410 0
637572437 42.6836 0.83132 3540 1.11862
637637973 32.0499 0.752691 3844 1.30195
637572441 63.8903 0.765405 3938 1.26473
637637977 56.6021 0.855666 3355 1.52632
637572445 57.0238 0.839054 3481 1.12495
637637981 69.5288 0.810391 3226 1.23691
637572557 81.6963 0.639627 3655 1.21723
637638093 79.7289 0.697714 3320 1.30349
637572561 71.6401 0.767955 3445 1.15236
637638097 76.7632 0.77958 2935 1.29232
637572565 61.1877 0.817559 3553 1.19208
637638101 66.4761 0.761014 3848 1.25641
637572569 43.8214 0.799439 3852 1.17248
637638105 50.4559 0.871674 3290 1.19057
637572573 78.4195 0.683831 3619 1.18174
637638109 79.3274 0.711328 3241 1.28549
637567085 63.0952 5.26502 84 1.16364
637632621 81.25 6.89981 32 1.32353
637567089 38.2927 1.69754 820 1.12329
637632625 23.8208 0.925184 2120 1.21865
637567093 71.689 1.04319 1865 1.167
637632629 56.0472 1.10051 2034 1.20821
637567097 34.7048 1.42369 1118 1.17969
637632633 8.83674 0.634184 2003 1.3244
637567101 46.3235 4.27586 136 1.09722
637632637 17.3077 5.24627 52 1.125
637567213 46.4286 6.66446 56 1.44444
637632749 44.4444 9.56292 27 1.1875
637567217 9.68153 1.05542 785 1.08917
637632753 13.994 0.774201 2008 1.26683
637567221 56.9467 1.16033 1821 1.14368
637632757 53.2394 1.18429 1775 1.32964
637567225 17.233 1.07424 1236 1.19637
637632761 21.9407 0.904809 2092 1.34226
637567229 47.0899 3.6308 189 1.18421
637632765 34.4828 8.82632 29 1.41667
637567341 63.7333 2.48268 375 1.21639
637632877 42.2085 1.58661 969 1.37958
637567345 54.5098 1.55918 1020 1.08824
637632881 54.3303 1.1553 1859 1.13395
637567349 55.2422 1.14711 1879 1.12643
637632885 45.3512 1.13144 1936 1.21794
637567353 45.9042 1.38529 1294 1.13459
637632889 44.2342 1.04198 2272 1.24581
637567357 30.0955 1.83031 628 1.23592
637632893 17.2076 0.934033 1633 1.19
637567469 83.6 2.34183 250 1.17143
637633005 77.0992 1.29798 1048 1.29277
637567473 78.2895 3.34399 152 1.21831
637633009 80.4658 1.08671 1331 1.22515
637567477 63.8544 1.43171 1126 1.14359
637633013 65.8044 1.34874 1237 1.20829
637567481 61.8803 2.00804 585 1.07728
637633017 55.2437 1.35132 1354 1.14234
637567485 67.8414 3.10015 227 1.20213
637633021 68.8645 1.40125 1092 1.15451
637567597 62.9765 1.30744 1364 1.1483
637633133 65.9747 1.00648 2216 1.23613
637567601 59.3245 0.941196 2724 1.09269
637633137 64.1361 0.867568 3056 1.25741
637567605 41.2793 0.920456 2861 1.09984
637633141 35.3482 0.866466 3044 1.25019
637567609 47.503 0.998154 2503 1.15474
637633145 52.7056 0.935871 2846 1.19899
637567613 50.0689 1.31216 1452 1.16706
637633149 61.7289 1.01304 2302 1.36178
637567725 48.0354 1.56589 1018 1.13652
637633261 47.0588 2.58096 374 1.23868
637567729 45.4121 0.981745 2572 1.07909
637633265 49.4997 0.91313 2998 1.28351
637567733 52.7948 0.921638 2934 1.11957
637633269 51.6614 0.884779 3190 1.22273
637567737 34.658 0.930242 2617 1.40924
637633273 45.7249 0.915808 2959 1.22944
637567741 48.5973 1.50355 1105 1.17274
637633277 57.4689 2.25189 482 1.55314
637567853 58.2677 4.37571 127 1.21795
637633389 66.6667 9.07218 27 1.14815
637567857 0 0 2398 0
637633393 0 0 2816 0
637567861 72.9677 0.982832 2042 1.13115
637633397 30.7692 12.8008 13 1
637567865 61.1336 1.03385 2223 1.17477
637633401 62.9877 0.905232 2845 1.46637
637567869 27.8912 3.69887 147 1.12069
637633405 40.7407 9.45607 27 1.33333
637567981 56.4948 1.5918 970 1.17519
637633517 60.4278 2.52859 374 1.25552
637567985 55.4766 0.96092 2675 1.17418
637633521 53.7116 0.905685 3031 1.25074
637567989 41.1025 0.883409 3102 1.13739
637633525 40.5216 0.875552 3144 1.39183
637567993 44.4965 0.981824 2562 1.16835
637633529 52.7413 0.915627 2973 1.24404
637567997 62.1137 1.53174 1003 1.2966
637633533 63.4085 2.41144 399 1.46921
637568109 53.3779 1.35923 1347 1.17949
637633645 53.0277 1.03795 2312 1.28771
637568113 34.7701 1.1417 1740 1.14833
637633649 30.7806 1.02272 2037 1.27941
637568117 42.6653 0.9178 2904 1.13826
637633653 44.8657 0.884059 3165 1.3255
637568121 50.721 1.25183 1595 1.41352
637633657 55.6047 1.10166 2034 1.28357
637568125 59.9698 1.34653 1324 1.2038
637633661 49.817 1.0083 2459 1.2912
637568237 41.3469 1.37807 1277 1.17538
637633773 54.9376 0.967817 2643 1.30023
637568241 37.3707 1.00441 2320 1.27215
637633777 42.9282 1.31958 1407 1.25479
637568245 50.3866 0.916671 2975 1.15862
637633781 51.7763 0.878263 3237 1.24685
637568249 42.1463 1.02718 2311 1.14592
637633785 22.5008 0.730142 3271 1.25765
637568253 48.621 1.40305 1269 1.25096
637633789 55.5389 0.962949 2663 1.43807
637568365 57.4329 1.33148 1379 1.10446
637633901 55.3273 1.0284 2337 1.34069
637568369 41.2754 0.973812 2556 1.27099
637633905 45.1145 0.893585 3101 1.31792
637568373 35.0171 0.881263 2930 1.17975
637633909 35.3846 0.865107 3055 1.29363
637568377 47.1078 0.970576 2645 1.20579
637633913 55.8537 0.909478 2981 1.32748
637568381 60.0636 1.59406 944 1.22772
637633917 43.6238 1.19127 1733 1.28586
637568493 43.7075 2.04557 588 1.11176
637634029 65.4696 1.4428 1086 1.12922
637568497 69.2042 1.35779 1156 1.10645
637634033 61.0086 1.20954 1626 1.16812
637568501 24.2446 1.14949 1390 1.07005
637634037 26.9693 1.14665 1498 1.29891
637568505 57.1693 1.50503 1081 1.2197
637634041 52.059 1.23853 1627 1.2196
637568509 56.4322 2.05358 583 1.0796
637634045 56.7592 1.48231 1117 1.24878
637571181 43.7909 4.01097 153 1.26471
637636717 68.4211 10.6639 19 1.21053
637571185 50.1124 1.676 890 1.14683
637636721 55.4836 0.969828 2626 1.26646
637571189 65.0676 0.876296 2960 1.13243
637636725 54.7293 0.878002 3214 1.20019
637571193 26.754 0.957376 2138 1.17872
637636729 21.5422 0.764476 2892 1.28449
637571197 50 4.22577 140 1.33333
637636733 34.7826 9.93113 23 1.42857
637571309 0 0 0 0
637636845 54.7009 4.60203 117 1.14085
637571313 0 0 2655 0
637636849 0 0 2972 0
637571317 52.9014 0.941807 2809 1.12729
637636853 51.0966 0.925386 2918 1.29223
637571321 37.6961 0.948061 2613 1.23364
637636857 43.2622 0.904846 2998 1.2288
637571325 34.1255 1.46181 1052 1.19444
637636861 39.5349 2.35781 430 1.31298
637571437 62.1085 1.34084 1309 1.24287
637636973 63.1203 1.02011 2237 1.34613
637571441 66.5568 1.35407 1214 1.13632
637636977 59.2755 0.980293 2512 1.24102
637571445 53.9236 0.928822 2880 1.12041
637636981 47.4853 0.902438 3062 1.23523
637571449 56.2646 1.07058 2147 1.16226
637636985 54.7302 0.931732 2854 1.18096
637571453 55.8545 1.33912 1375 1.19846
637636989 63.1579 1.0231 2223 1.3912
637571565 78.1931 1.33066 963 1.15927
637637101 70.4963 1.18909 1471 1.19798
637571569 73.2558 1.12499 1548 1.11888
637637105 74.711 0.934608 2163 1.14316
637571573 57.8661 1.15206 1837 1.13344
637637109 63.8049 1.06139 2050 1.12186
637571577 0 0 1095 0
637637113 0 0 1896 0
637571581 63.7638 1.52081 999 1.16383
637637117 64.9032 1.21227 1550 1.26953
637571693 80.8399 1.42572 762 1.1337
637637229 75.3138 1.13865 1434 1.32658
637571697 66.6667 1.28158 1353 1.1337
637637233 57.4364 1.04493 2239 1.27728
637571701 42.0508 1.51406 1063 1.18039
637637237 29.0151 1.35186 1127 1.17349
637571705 47.3188 1.34402 1380 1.16096
637637241 56.2999 1.04476 2254 1.30612
637571709 53.877 1.82268 748 1.17671
637637245 61.7647 1.21567 1598 1.31694
637571821 42.7835 3.5522 194 1.24324
637637357 36.1111 8.00538 36 1.35
637571825 38.5703 1.36427 1273 1.18927
637637361 34.2183 1.05198 2034 1.37143
637571829 53.0322 1.24151 1616 1.15286
637637365 43.9203 1.27928 1505 1.20682
637571833 32.119 1.27319 1345 1.29565
637637369 34.8294 1.03013 2139 1.20192
637571837 0 0 220 0
637637373 0 0 55 0
637571949 59.854 4.18801 137 1.21739
637637485 81.8182 6.71408 33 1.21053
637571953 85.3166 0.933687 1437 1.21844
637637489 77.0045 0.94497 1983 1.24722
637571957 93.5028 0.655003 1416 1.32263
637637493 91.8033 1.3275 427 1.47722
637571961 69.5718 1.26115 1331 1.13572
637637497 70.8962 0.986548 2120 1.41176
637571965 42.5373 4.27096 134 1.15873
637637501 30 6.48074 50 1.17647
637572077 70.6207 1.69168 725 1.20734
637637613 65.7685 1.49895 1002 1.24439
637572081 62.4322 1.34787 1291 1.20021
637637617 58.3801 1.2304 1605 1.26186
637572085 45.7806 1.3212 1422 1.14165
637637621 44.3253 1.24739 1586 1.29494
637572089 45.8469 1.42189 1228 1.21498
637637625 39.6154 1.23832 1560 1.39878
637572093 0 0 672 0
637637629 0 0 1027 0
637572333 34.9091 1.28552 1375 1.12848
637637869 53.2773 1.0227 2380 1.23042
637572337 37.8636 1.08623 1994 1.18844
637637873 46.7023 2.10641 561 1.4238
637572341 54.5711 0.935458 2833 1.14293
637637877 46.8525 0.903562 3050 1.3099
637572345 58.0037 1.21763 1643 1.10526
637637881 54.5158 1.07442 2148 1.32954
637572349 44.5066 1.31467 1429 1.30038
637637885 49.7489 0.982649 2589 1.30911
637572589 59.0467 1.53372 1028 1.12412
637638125 66.1765 2.56579 340 1.67688
637572593 52.9927 1.34844 1370 1.19341
637638129 59.164 1.24648 1555 1.30295
637572597 55.4063 0.910865 2978 1.14837
637638133 48.2383 0.894301 3122 1.44824
637572601 41.1173 0.949585 2685 1.14679
637638137 45.9424 0.896077 3093 1.40803
637572605 60.4888 1.56006 982 1.1635
637638141 48.3871 2.59103 372 1.4484
637575661 72.206 1.39654 1029 1.14511
637641197 72.9248 1.0488 1795 1.2303
637575665 76.6347 0.904845 2187 1.12279
637641201 65.3299 0.988287 2319 1.16667
637575669 62.0971 1.03363 2203 1.1328
637641205 50.5138 0.994001 2530 1.32729
637575673 61.448 1.46419 1105 1.117
637641209 20.9315 0.952293 1825 1.20934
637575677 66.8016 1.49821 988 1.19773
637641213 64.763 1.14162 1751 1.15685
637579757 72.2222 3.33847 180 1.23697
637645293 60.0264 1.77919 758 1.19153
637579761 75.4098 1.94933 488 1.16293
637645297 68.2809 1.32213 1239 1.14606
637579765 64.5238 1.65078 840 1.10961
637645301 66.2996 1.56866 908 1.25265
637579769 0 0 185 0
637645305 0 0 883 0
637579773 57.9268 3.85497 164 1.29714
637645309 80.798 1.39087 802 1.23755
