637566980 97.6744 1.32697 129 2.44
637599748 98.1308 0.925804 214 2.54178
637632516 97.7273 0.849192 308 2.97241
637566982 99.0291 0.96615 103 2.47568
637599750 98.6784 0.757959 227 2.43768
637632518 97.1154 0.947568 312 2.23226
637566984 100 0 4 1.875
637599752 100 0 21 2
637632520 100 0 44 2.33333
637566986 100 0 3 2
637599754 90.4762 6.40564 21 2.61905
637632522 97.2973 2.66593 37 2.52273
637567108 100 0 117 2.5101
637599876 97.8261 1.07508 184 2.51775
637632644 97.5779 0.90433 289 2.7881
637567110 97.9592 1.16618 147 2.5
637599878 100 0 210 2.67116
637632646 97.4212 0.848443 349 2.88186
637567112 100 0 2 3
637599880 96.875 3.07578 32 2.5
637632648 87.5 5.84634 32 3.11765
637567114 100 0 5 2.33333
637599882 96.2963 3.63447 27 2.33333
637632650 100 0 30 2.53488
637567236 99.0566 0.938937 106 2.50282
637600004 97.4747 1.11498 198 2.85207
637632772 99.2647 0.518017 272 2.97842
637567238 94.3925 2.22413 107 1.97333
637600006 95.5801 1.52774 181 2.00697
637632774 96.7273 1.07291 275 2.05817
637567240 80 17.8885 5 2.2
637600008 97.1429 2.81603 35 2.13514
637632776 100 0 31 1.94444
637567242 100 0 9 2.41667
637600010 100 0 28 2.70588
637632778 97.6744 2.29838 43 2.75926
637567364 100 0 123 2.6943
637600132 98.9637 0.728946 193 2.75568
637632900 96.904 0.963758 323 2.76151
637567366 97.2477 1.56702 109 2.79348
637600134 99.0291 0.683172 206 2.8815
637632902 94.8012 1.22768 327 2.71882
637567368 100 0 1 1.25
637600136 100 0 39 1.63043
637632904 95.1219 3.36412 41 1.86275
637567370 100 0 4 1.57143
637600138 100 0 23 2.2069
637632906 100 0 28 2.23684
637567492 97.6744 1.32697 129 2.17766
637600260 97.7654 1.10476 179 2.56646
637633028 97.7273 0.849192 308 2.48913
637567494 50 4.68293 114 2
637600262 98.6111 0.796288 216 2.75603
637633030 97.4359 0.894849 312 3.10314
637567496 100 0 1 2
637600264 95.8333 4.07894 24 1.67857
637633032 100 0 35 1.91111
637567498 0 0 3 0
637600266 0 0 35 0
637633034 0 0 32 0
637567620 100 0 110 2.28729
637600388 98.8571 0.803492 175 2.37758
637633156 97.3597 0.921069 303 2.45372
637567622 100 0 87 2.50355
637600390 98.3696 0.933627 184 2.56597
637633158 99.322 0.477767 295 2.61702
637567624 100 0 2 1
637600392 100 0 29 1.9
637633160 100 0 41 2.24
637567626 100 0 6 1.8
637600394 96.7742 3.17335 31 1.63636
637633162 100 0 26 1.91429
637571076 97.9798 1.414 99 2.47853
637603844 98.8166 0.831847 169 2.66431
637636612 98.1221 0.930109 213 2.82222
637571078 100 0 95 2.48366
637603846 98.5915 0.988887 142 2.53137
637636614 98.8506 0.659797 261 2.69173
637571080 100 0 5 1.71429
637603848 100 0 46 1.94231
637636616 94.5946 3.71746 37 2.45652
637571082 100 0 4 1.66667
637603850 100 0 43 2.14894
637636618 97.4359 2.53102 39 2.56522
637571204 97.3214 1.52562 112 2.77401
637603972 98.4733 1.07128 131 3.08407
637636740 95.9538 1.49808 173 3.17958
637571206 99.0654 0.930201 107 2.3815
637603974 100 0 133 2.77872
637636742 97.3077 1.0038 260 2.73368
637571208 100 0 4 3.5
637603976 97.2973 2.66593 37 2.57143
637636744 100 0 37 2.66667
637571210 100 0 3 2.5
637603978 97.8261 2.15015 46 3
637636746 100 0 33 2.72727
637571332 98.2609 1.21901 115 2.37037
637604100 100 0 144 2.72549
637636868 98.4848 0.86812 198 2.90939
637571334 97.4138 1.47371 116 2.81215
637604102 98.5714 1.00291 140 3.0875
637636870 96.7742 1.12195 248 3.6469
637571336 85.7143 13.226 7 1.3
637604104 86.6667 6.20633 30 2.29032
637636872 100 0 48 2.66102
637571338 100 0 2 1
637604106 97.3684 2.59672 38 1.86667
637636874 100 0 36 2.025
637571460 99.0741 0.92163 108 2.38776
637604228 97.7444 1.28752 133 2.39823
637636996 98.6726 0.76129 226 2.66768
637571462 99.2 0.796794 125 2.13889
637604230 98.75 0.878341 160 2.31765
637636998 97.7695 0.900378 269 2.26374
637571464 100 0 2 2.4
637604232 100 0 35 2.34884
637637000 100 0 33 2.76923
637571466 100 0 4 2.66667
637604234 100 0 35 2.07143
637637002 100 0 35 2.26829
637571588 98.2609 1.21901 115 1.88649
637604356 97.3154 1.32414 149 1.93061
637637124 96.7136 1.22156 213 2.1442
637571590 97.0874 1.65693 103 1.89881
637604358 99.3243 0.67339 148 2.36434
637637126 98.3122 0.836731 237 2.63506
637571592 80 17.8885 5 1.8
637604360 91.6667 4.60642 36 1.51351
637637128 96.9697 2.98403 33 2.17073
637571594 100 0 1 1
637604362 96.2963 3.63447 27 1.65714
637637130 100 0 34 2
637571716 96.7213 1.61225 122 2.32222
637604484 99.1667 0.829853 120 2.48718
637637252 98.1221 0.930109 213 2.69745
637571718 100 0 120 2.53886
637604486 100 0 136 2.67249
637637254 96.6387 1.16827 238 2.78167
637571720 100 0 1 1.66667
637604488 45.2381 7.6801 42 2.04167
637637256 97.4359 2.53102 39 2.08511
637571722 100 0 7 1.66667
637604490 100 0 35 2.02273
637637258 100 0 30 2
637575172 100 0 115 2.46857
637607940 99.4286 0.569794 175 2.62539
637640708 97.3585 0.985122 265 2.61637
637575174 100 0 108 2.36517
637607942 99.4318 0.566565 176 2.53776
637640710 97.0297 0.975284 303 2.76432
637575176 66.6667 27.2166 3 1.5
637607944 96 3.91918 25 1.96875
637640712 96.5517 3.3883 29 2.43902
637575178 100 0 1 2.14286
637607946 100 0 25 2.5
637640714 96.4286 3.50707 28 2.34211
637575300 98.3333 1.16865 120 2.51667
637608068 98.9362 0.748229 188 2.78632
637640836 96.7509 1.06529 277 2.63291
637575302 99.0909 0.904949 110 2.42529
637608070 98.5849 0.811203 212 2.53709
637640838 98.0226 0.739961 354 2.68992
637575304 100 0 11 2.28571
637608072 97.0588 2.8976 34 2.75676
637640840 100 0 45 3.11538
637575306 100 0 7 1.88889
637608074 97.7273 2.24675 44 2.72727
637640842 100 0 39 3.02174
637575428 99.2188 0.778192 128 2.81818
637608196 100 0 190 2.91111
637640964 98.494 0.668424 332 3.03571
637575430 99.0826 0.913212 109 2.59394
637608198 100 0 191 3.19315
637640966 98.1707 0.739933 328 3.33546
637575432 66.6667 27.2166 3 2.33333
637608200 100 0 23 2.25926
637640968 100 0 33 2.4878
637575434 100 0 7 2.375
637608202 97.4359 2.53102 39 2.09756
637640970 94.1176 4.03526 34 2.05128
637575556 98.1308 1.30928 107 2.24022
637608324 97.6415 1.04224 212 2.40591
637641092 98.2079 0.794244 279 2.64734
637575558 85.7143 3.81802 84 1.66423
637608326 94.4444 1.90885 144 1.96992
637641094 78.6026 2.71007 229 2.02875
637575560 66.6667 27.2166 3 1.66667
637608328 100 0 33 2.2
637641096 100 0 34 2.5122
637575562 100 0 4 1.66667
637608330 100 0 36 2.45238
637641098 100 0 41 2.38298
637575684 100 0 121 2.42703
637608452 99.4924 0.506326 197 2.60748
637641220 98.0843 0.848486 261 2.755
637575686 100 0 125 2.77419
637608454 98.1221 0.930109 213 2.62791
637641222 97.4277 0.897688 311 2.73778
637575688 100 0 6 2.33333
637608456 92 5.42586 25 1.72
637641224 100 0 50 2
637575690 100 0 3 1.66667
637608458 97.2973 2.66593 37 1.74419
637641226 100 0 28 1.97368
637575812 98.913 1.08103 92 2.22857
637608580 97.546 1.21185 163 2.67557
637641348 98.1413 0.82349 269 2.73789
637575814 100 0 125 2.09545
637608582 99.4536 0.544954 183 2.45646
637641350 98.7952 0.598769 332 2.79104
637575816 100 0 2 1.5
637608584 97.2222 2.73893 36 1.92857
637641352 100 0 31 1.97222
637575818 100 0 4 2
637608586 100 0 37 1.425
637641354 95.2381 3.28603 42 1.44898
637579268 100 0 93 2.45223
637612036 96.5517 1.51529 145 2.63333
637644804 97.8448 0.95338 232 2.90169
637579270 97.9167 1.45771 96 2.87879
637612038 91.0714 2.20002 168 1.88235
637644806 97.2332 1.03118 253 3.31658
637579272 100 0 6 1.88889
637612040 97.619 2.35244 42 2.33333
637644808 100 0 49 2.45455
637579274 100 0 3 1.5
637612042 97.7273 2.24675 44 2
637644810 80.4878 6.18908 41 1.65789
637579396 98.9011 1.09285 91 2.60116
637612164 100 0 162 2.82836
637644932 95.9184 1.41332 196 2.67085
637579398 98.0769 1.34668 104 2.57988
637612166 97.6 1.36891 125 3.15888
637644934 97.541 0.991469 244 3.39189
637579400 0 0 2 0
637612168 100 0 20 2.64516
637644936 100 0 36 2.52174
637579402 100 0 3 2.66667
637612170 100 0 52 2.01695
637644938 96.9697 2.98403 33 2.33333
637579524 100 0 97 2.32934
637612292 100 0 131 2.63786
637645060 98 0.989949 200 2.80757
637579526 100 0 104 2.73171
637612294 99.2701 0.727257 137 2.43777
637645062 96.8504 1.09588 254 2.68031
637579528 100 0 3 3
637612296 100 0 29 2.55882
637645064 100 0 35 2.61364
637579530 100 0 3 2.33333
637612298 97.8261 2.15015 46 2.09615
637645066 100 0 39 2.03846
637579652 100 0 93 2.07947
637612420 99.187 0.809696 123 2.53812
637645188 97.8723 0.941341 235 2.74713
637579654 100 0 97 2.24096
637612422 99.3378 0.660054 151 2.66667
637645190 97.7186 0.92068 263 2.64599
637579656 100 0 4 1.2
637612424 100 0 32 1.5
637645192 93.5484 4.41237 31 1.95
637579658 100 0 3 1.71429
637612426 98.0392 1.94147 51 2.09677
637645194 96.875 3.07578 32 2.68182
637579780 100 0 91 1.81481
637612548 99.3378 0.660054 151 1.9916
637645316 97.8022 1.08676 182 2.11567
637579782 98.7179 1.27381 78 2.34328
637612550 100 0 123 2.28922
637645318 97.5 1.00778 240 2.17582
637579784 100 0 4 1
637612552 97.619 2.35244 42 1.73913
637645320 100 0 32 1.97826
637579786 100 0 5 1.6
637612554 93.9394 4.1536 33 1.65714
637645322 100 0 39 2.02041
637579908 100 0 107 2.42771
637612676 98.6207 0.96857 145 2.63019
637645444 97.561 1.07738 205 2.36688
637579910 100 0 108 2.60109
637612678 97.9866 1.15069 149 2.77291
637645446 97.6562 0.945553 256 2.66005
637579912 100 0 3 3.2
637612680 96.2264 2.6175 53 1.87273
637645448 100 0 53 1.93846
637579914 100 0 4 2
637612682 97.6744 2.29838 43 1.7
637645450 100 0 31 1.86364
637583364 99.2857 0.711729 140 2.6338
637616132 100 0 188 2.8547
637648900 99.2982 0.494471 285 3.06792
637583366 99.0991 0.896833 111 2.56425
637616134 99.495 0.503772 198 2.52941
637648902 96.3636 1.03047 330 2.69462
637583368 100 0 2 1
637616136 95.4545 4.44095 22 2.52
637648904 97.0588 2.8976 34 2.5
637583370 75 21.6506 4 2.5
637616138 100 0 26 2.40741
637648906 100 0 34 2.5
637583492 100 0 125 2.74762
637616260 99.4898 0.508901 196 2.78917
637649028 99.026 0.559608 308 2.92081
637583494 97.8022 1.53691 91 2.38889
637616262 79.3427 2.77396 213 1.71379
637649030 84.1615 2.03463 322 1.72861
637583496 100 0 3 1.8
637616264 100 0 29 2.14706
637649032 100 0 34 2.40426
637583498 0 0 0 0
637616266 100 0 18 2.88889
637649034 100 0 19 2.78571
637583620 100 0 89 2.37013
637616388 98.1928 1.03393 166 2.67568
637649156 97.3913 1.05101 230 2.76133
637583622 95.5752 1.93455 113 2.18848
637616390 98.8571 0.803492 175 2.86819
637649158 95.4955 1.13656 333 2.61587
637583624 100 0 5 1.28571
637616392 100 0 26 2.20588
637649160 96.7742 3.17335 31 2.40476
637583626 100 0 6 1.66667
637616394 100 0 27 2.73529
637649162 93.75 4.27908 32 2.77143
637583748 98.0952 1.33398 105 1.98851
637616516 99.4475 0.550958 181 2.67147
637649284 98.2578 0.772301 287 2.75177
637583750 94.5312 2.00968 128 1.73262
637616518 97.9798 0.999846 198 2.26966
637649286 96.2264 1.06859 318 2.25541
637583752 100 0 5 1.66667
637616520 96.875 3.07578 32 1.22857
637649288 83.3333 6.2113 36 1.38889
637583754 100 0 1 2.33333
637616522 96.5517 3.3883 29 1.67647
637649290 100 0 41 2.02
637583876 97.5207 1.41359 121 1.71512
637616644 94.0887 1.65525 203 1.82477
637649412 96.4789 1.0937 284 1.86014
637583878 98 1.4 100 1.98802
637616646 0 0 176 0
637649414 97.7528 0.907045 267 2.79665
637583880 100 0 7 2.23077
637616648 96.5517 3.3883 29 1.65789
637649416 100 0 26 1.86842
637583882 100 0 5 1.42857
637616650 95.4545 4.44095 22 2.09091
637649418 97.0588 2.8976 34 1.95455
637584004 99.2 0.796794 125 2.37755
637616772 97.3404 1.17348 188 2.6535
637649540 97.561 0.910552 287 2.84491
637584006 0 0 116 0
637616774 0 0 204 0
637649542 0 0 321 0
637584008 100 0 10 1.83333
637616776 100 0 25 2.16667
637649544 97.619 2.35244 42 2.38
637584010 100 0 3 2.5
637616778 100 0 23 1.65625
637649546 96.875 3.07578 32 2.02381
637587460 97.3451 1.5123 113 2.73913
637620228 99.2701 0.727257 137 2.7251
637652996 96.8254 1.27529 189 2.95146
637587462 97.9167 1.45771 96 2.5082
637620230 84.0764 2.92017 157 2.81592
637652998 97.4249 1.03766 233 2.90029
637587464 100 0 3 2.33333
637620232 98 1.9799 50 2.31481
637653000 100 0 35 2.51163
637587466 83.3333 15.2145 6 1.66667
637620234 100 0 38 2.15217
637653002 97.5 2.46855 40 2.55769
637587588 98.9474 1.04708 95 2.84868
637620356 100 0 146 2.82186
637653124 94.8864 1.66039 176 3.0146
637587590 100 0 99 2.73214
637620358 97.6378 1.34761 127 2.96121
637653126 98.4314 0.778138 255 3.12
637587592 100 0 4 2.5
637620360 97.9167 2.06152 48 2.03571
637653128 100 0 37 2.11111
637587594 100 0 5 2.33333
637620362 96 2.77128 50 1.77551
637653130 100 0 31 2.09091
637587716 96.5517 1.95624 87 2.25595
637620484 100 0 147 2.40726
637653252 97.3404 1.17348 188 2.51839
637587718 99.0741 0.92163 108 2.46328
637620486 98.0892 1.09263 157 2.38132
637653254 96.7871 1.11752 249 2.73109
637587720 100 0 6 2.33333
637620488 100 0 44 2.2549
637653256 98 1.9799 50 2.59322
637587722 100 0 4 2
637620490 97.2973 2.66593 37 2.22727
637653258 100 0 36 2.56522
637587844 94.6565 1.96496 131 1.93367
637620612 98.4375 1.09619 128 2.07792
637653380 97.2222 1.11816 216 2.38339
637587846 100 0 82 2
637620614 99.2424 0.7547 132 2.33478
637653382 98.6111 0.796288 216 2.39296
637587848 100 0 4 1.75
637620616 100 0 38 1.69048
637653384 100 0 31 1.92857
637587850 100 0 5 1.875
637620618 94.4444 3.81769 36 1.82051
637653386 100 0 38 1.94
637587972 100 0 89 2.07857
637620740 99.2701 0.727257 137 2.7193
637653508 96.6102 1.36023 177 2.98571
637587974 98.8372 1.15601 86 2.18367
637620742 95.1049 1.80432 143 2.35802
637653510 96.2185 1.23644 238 2.45245
637587976 100 0 3 1.33333
637620744 95.4545 3.14022 44 1.60417
637653512 100 0 48 1.98039
637587978 100 0 4 1.2
637620746 95.5556 3.07207 45 1.64444
637653514 100 0 38 1.64444
637588100 99.1597 0.836798 119 2.39227
637620868 97.9167 1.19022 144 2.57143
637653636 98.4615 0.881372 195 2.60377
637588102 99.0476 0.947835 105 2.44571
637620870 99.2908 0.706699 141 2.67176
637653638 96.1373 1.26244 233 2.54121
637588104 100 0 3 2.33333
637620872 100 0 40 1.5
637653640 97.2222 2.73893 36 2.12
637588106 100 0 5 1.71429
637620874 100 0 44 2.48936
637653642 100 0 45 2.4
637567012 96.3768 1.59071 138 2.81373
637599780 97.8541 0.949333 233 2.89118
637632548 99.0385 0.676633 208 3.34591
637567014 93.3884 2.25895 121 1.99432
637599782 84.9785 2.34063 233 1.53722
637632550 93.9815 1.61823 216 1.86913
637567016 40 21.9089 5 2
637599784 94.8718 2.49749 78 2.13542
637632552 97.8723 1.48839 94 2.1811
637567018 100 0 3 1.25
637599786 94.4444 2.69952 72 1.94318
637632554 94.6809 2.31467 94 2.08661
637567140 97.1223 1.418 139 2.57282
637599908 96.8037 1.18864 219 2.72316
637632676 99.4413 0.557095 179 3.27547
637567142 96.4912 1.40709 171 2.08197
637599910 94.717 1.37414 265 2.35635
637632678 97.3684 1.16129 190 2.47959
637567144 0 0 2 0
637599912 96.6667 2.31741 60 2.12791
637632680 95.6044 2.14896 91 2.56061
637567146 100 0 2 2.33333
637599914 97.2603 1.91056 73 1.98795
637632682 96.5116 1.97857 86 2.23333
637567268 96.3235 1.61366 136 2.45833
637600036 95.1923 1.48333 208 2.62848
637632804 99.0566 0.663929 212 2.83276
637567270 94.3662 1.93493 142 2.30137
637600038 96.8504 1.09588 254 2.48936
637632806 98.324 0.959483 179 2.76157
637567272 100 0 4 3.25
637600040 93.2203 3.2729 59 1.62025
637632808 93.3333 2.62937 90 1.62393
637567274 66.6667 27.2166 3 1.33333
637600042 97.4026 1.81263 77 1.98936
637632810 96.5116 1.97857 86 2.49587
637567396 95.8333 1.66522 144 2.6
637600164 98.6175 0.792643 217 2.81846
637632932 97.8355 0.957461 231 3.38973
637567398 98.3193 1.17839 119 1.92073
637600166 97.99 0.994872 199 2.41806
637632934 98.4043 0.913924 188 2.66537
637567400 83.3333 15.2145 6 2.25
637600168 95.6044 2.14896 91 1.76636
637632936 97.2603 1.91056 73 1.9
637567402 25 21.6506 4 2
637600170 96.6102 2.35599 59 1.71642
637632938 98.2759 1.70921 58 2.25974
637567524 96.6887 1.45612 151 2.27941
637600292 97.5845 1.0671 207 2.50152
637633060 97.9695 1.00487 197 2.86842
637567526 97.9592 1.16618 147 1.99034
637600294 97.1074 1.07736 242 2.38682
637633062 98.3784 0.928622 185 2.64179
637567528 66.6667 19.245 6 1.6
637600296 90.411 3.44617 73 1.53571
637633064 97.2973 1.53917 111 1.83099
637567530 66.6667 27.2166 3 1.66667
637600298 96.9231 2.14198 65 1.66667
637633066 98.4375 1.55024 64 2.01923
637567652 95.7747 1.68816 142 2.40097
637600420 95.8333 1.35965 216 2.66883
637633188 98.0392 0.970733 204 2.98976
637567654 97.5207 1.41359 121 1.87302
637600422 97.8378 1.06933 185 2.2691
637633190 98.8024 0.841749 167 2.59833
637567656 100 0 2 3
637600424 96.1039 2.20516 77 1.82178
637633192 96.4286 2.02481 84 2.05932
637567658 75 15.3093 8 1.44444
637600426 96.4286 2.47987 56 2.22078
637633194 94.9367 2.46672 79 2.26168
637571108 96.2406 1.64935 133 2.61538
637603876 98.9529 0.73654 191 2.68662
637636644 96.25 2.12408 80 2.94574
637571110 98.2143 1.25137 112 2.15104
637603878 99.4152 0.583082 171 2.39394
637636646 98.8636 1.12989 88 2.44056
637571112 89.4737 7.04059 19 1.71429
637603880 96.0526 2.23358 76 2.13979
637636648 95.8333 2.35498 72 1.95413
637571114 100 0 16 1.95652
637603882 100 0 68 1.66667
637636650 98.7342 1.25779 79 2.00855
637571236 99.2308 0.766268 130 2.32394
637604004 98.3193 1.17839 119 2.19444
637636772 96.3855 2.04875 83 2.58621
637571238 97.2973 1.53917 111 2.37433
637604006 95.5882 1.76092 136 1.94737
637636774 98.8764 1.11727 89 2.72093
637571240 100 0 11 2
637604008 98.7013 1.29024 77 1.72897
637636776 97.7273 1.58869 88 1.78261
637571242 94.1176 5.70672 17 1.95238
637604010 92.0635 3.40556 63 1.90244
637636778 97.1429 1.99123 70 2.31304
637571364 98.3051 1.18829 118 2.70984
637604132 97.7444 1.28752 133 2.59227
637636900 98.5294 1.45974 68 2.95283
637571366 95.4545 1.67852 154 2.60849
637604134 98.0519 1.1137 154 2.47059
637636902 100 0 70 2.70161
637571368 90.9091 8.66784 11 1.93333
637604136 100 0 73 1.73256
637636904 100 0 90 1.80469
637571370 100 0 12 1.36364
637604138 94.0298 2.8946 67 1.86207
637636906 98.7179 1.27381 78 2.3125
637571492 94.3396 2.24449 106 2.10494
637604260 97.6744 1.32697 129 2.6701
637637028 96.6292 1.91304 89 2.69697
637571494 91.2752 2.31186 149 1.84536
637604262 97.1751 1.24534 177 2.16667
637637030 97.6471 1.64409 85 2.51007
637571496 100 0 10 1.64706
637604264 98.3051 1.68049 59 1.74667
637637032 96.7213 2.28006 61 2.20588
637571498 100 0 16 1.79167
637604266 98.2143 1.7697 56 1.97368
637637034 96.7213 2.28006 61 2.26415
637571620 98.4848 1.06323 132 2.62745
637604388 97.1429 1.25937 175 2.70281
637637156 98.8372 1.15601 86 3.15504
637571622 98.2456 1.22961 114 1.80226
637604390 98.2143 1.02174 168 1.87739
637637158 98.7952 1.19754 83 2.20325
637571624 100 0 10 2.08333
637604392 95.3125 2.64214 64 1.78378
637637160 98.6486 1.34219 74 2.21495
637571626 100 0 10 1.6
637604394 95.7143 2.42076 70 1.4375
637637162 89.4737 3.5203 76 1.75532
637571748 94.8905 1.88122 137 2.15897
637604516 58.7838 4.04606 148 2.35115
637637284 98.5507 1.43873 69 3.1
637571750 97.0149 1.47009 134 1.67725
637604518 98.6755 0.930343 151 2.16525
637637286 96.9231 2.14198 65 2.43103
637571752 100 0 12 1.40909
637604520 53.8462 6.18336 65 1.58696
637637288 100 0 72 2.10784
637571754 85.7143 9.3522 14 1.31579
637604522 96.875 2.17491 64 1.66667
637637290 97.0149 2.07902 67 1.88571
637575204 100 0 98 2.76875
637607972 96.2264 1.51121 159 2.75194
637640740 98.7097 0.90649 155 3.13122
637575206 93.0556 2.1184 144 1.44118
637607974 98.0861 0.947736 209 2.54348
637640742 97.4093 1.14348 193 2.57525
637575208 100 0 2 2
637607976 98.1481 1.83462 54 2.09459
637640744 98.5915 1.3985 71 2.35714
637575210 66.6667 27.2166 3 1
637607978 88.4058 3.85422 69 1.75325
637640746 87.3418 3.74097 79 1.96842
637575332 97.973 1.15838 148 2.59259
637608100 96.6346 1.25041 208 2.82647
637640868 96.6667 1.33796 180 2.77032
637575334 98.3871 1.13126 124 2.1117
637608102 97.6 0.967967 250 2.51385
637640870 97.2477 1.10805 218 2.721
637575336 75 21.6506 4 2.2
637608104 97.8947 1.47289 95 2.12174
637640872 96.5517 1.95624 87 1.91597
637575338 77.7778 13.858 9 1.85714
637608106 97.5 1.74553 80 2.01031
637640874 83.6957 3.85132 92 2.19444
637575460 96.2025 1.52059 158 2.17209
637608228 96.1039 1.27315 231 2.38187
637640996 99.5475 0.451464 221 2.70915
637575462 95.7627 1.85439 118 1.62651
637608230 96.4824 1.30593 199 2.32852
637640998 97.9695 1.00487 197 2.43191
637575464 66.6667 27.2166 3 1
637608232 98.5075 1.48136 67 1.4875
637641000 89.5349 3.3008 86 1.59836
637575466 16.6667 15.2145 6 3
637608234 93.9394 2.93704 66 2.33721
637641002 90 3.58569 70 2.25287
637575588 93.4426 2.24108 122 2.14451
637608356 95.1111 1.43757 225 2.62242
637641124 98.6667 0.764651 225 3.0231
637575590 96.1538 1.68665 130 2.29208
637608358 97.2376 1.21821 181 2.33445
637641126 98.6577 0.942746 149 2.54545
637575592 50 35.3553 2 1.5
637608360 97.2222 1.93671 72 1.73034
637641128 97.2973 1.8851 74 1.75
637575594 100 0 1 1.75
637608362 97.561 1.70349 82 2.03774
637641130 96.4706 2.00142 85 2.07759
637575716 98.5401 1.02471 137 2.37879
637608484 95.7944 1.37207 214 2.44807
637641252 98.9071 0.768561 183 3.40072
637575718 93.3824 2.13164 136 1.55556
637608486 91.8455 1.79287 233 1.64331
637641254 93.1373 1.77009 204 1.70036
637575720 100 0 3 2
637608488 100 0 77 1.60417
637641256 94.186 2.52336 86 1.61818
637575722 66.6667 27.2166 3 1.66667
637608490 98.3607 1.62585 61 1.58442
637641258 97.1831 1.9636 71 1.86364
637575844 97.0588 1.4488 136 2.63542
637608612 94.2308 1.61668 208 2.52265
637641380 96.7033 1.3235 182 2.80505
637575846 96.5753 1.5051 146 2.13575
637608614 96.0177 1.30073 226 2.58055
637641382 98.0296 0.975467 203 2.69697
637575848 100 0 7 1.85714
637608616 100 0 58 1.91011
637641384 52.9412 5.41387 85 2.01562
637575850 100 0 3 1.25
637608618 80 4.47214 80 1.20482
637641386 85.0575 3.82216 87 1.22727
637579300 96.6387 1.65218 119 2.11905
637612068 96.8944 1.36713 161 2.17754
637644836 97.2222 1.93671 72 2.57252
637579302 96.8992 1.52616 129 2.16827
637612070 98.2759 0.986812 174 2.4375
637644838 98.5915 1.3985 71 2.77551
637579304 100 0 12 1.9
637612072 100 0 79 1.69
637644840 95.2941 2.29691 85 1.85586
637579306 94.1176 5.70672 17 2.08333
637612074 100 0 73 1.91398
637644842 98.7805 1.21205 82 2.54688
637579428 98.4962 1.05529 133 2.4
637612196 97.8022 1.08676 182 2.73485
637644964 98.7179 1.27381 78 3.21739
637579430 100 0 134 2.24339
637612198 99.3333 0.66444 150 2.50758
637644966 97.1014 2.01966 69 2.57983
637579432 100 0 8 2.53333
637612200 98.4375 1.55024 64 2.1875
637644968 100 0 98 2.67153
637579434 91.6667 7.97856 12 1.86667
637612202 98.3607 1.62585 61 1.75294
637644970 100 0 71 2.125
637579556 98.0769 1.34668 104 2.40426
637612324 99.375 0.623045 160 2.53527
637645092 98.5075 1.48136 67 3.28689
637579558 97.3913 1.48636 115 1.88636
637612326 98.0769 1.09956 156 2.24514
637645094 95.1807 2.35086 83 2.7594
637579560 87.5 11.6927 8 1.75
637612328 100 0 68 1.44828
637645096 97.1014 2.01966 69 1.66038
637579562 100 0 10 2.04545
637612330 98.5075 1.48136 67 2.11628
637645098 100 0 71 2.2973
637579684 98.9474 1.04708 95 2.55758
637612452 96.5714 1.3755 175 2.625
637645220 98.8506 1.1428 87 2.90278
637579686 95.082 1.95778 122 2.12
637612454 98.1928 1.03393 166 2.03261
637645222 100 0 73 2.63235
637579688 92.3077 7.39053 13 1.52632
637612456 95.3125 2.64214 64 1.66667
637645224 97.7273 1.58869 88 1.95763
637579690 100 0 13 1.78261
637612458 98.4848 1.50363 66 1.80412
637645226 100 0 74 2.28814
637579812 98.0952 1.33398 105 2.33333
637612580 97.4194 1.27356 155 2.19672
637645348 98.7342 1.25779 79 2.968
637579814 98.9583 1.03623 96 2.14013
637612582 98.5816 0.99585 141 1.96729
637645350 97.4359 1.7897 78 2.4697
637579816 100 0 12 1.875
637612584 98.4615 1.52658 65 1.43956
637645352 98.3871 1.59984 62 1.39216
637579818 90 9.48683 10 1.75
637612586 98.6842 1.3071 76 1.72043
637645354 100 0 60 1.86735
637579940 96.9231 1.51461 130 2.28571
637612708 97.8495 1.06364 186 2.57143
637645476 96.2963 2.09836 81 2.96212
637579942 98.5185 1.03978 135 2.1629
637612710 98.6667 0.936502 150 2.30712
637645478 98.5507 1.43873 69 2.576
637579944 100 0 16 1.86957
637612712 100 0 85 1.9619
637645480 100 0 78 2.2093
637579946 100 0 11 1.94444
637612714 98.5075 1.48136 67 2.13187
637645482 100 0 71 2.30769
637583396 98.6755 0.930343 151 2.30357
637616164 93.6652 1.63855 221 2.2806
637648932 99.0338 0.679887 207 2.66897
637583398 96.875 1.53789 128 2.11864
637616166 97.2973 1.08836 222 2.51515
637648934 98.9529 0.73654 191 2.64286
637583400 33.3333 27.2166 3 1
637616168 98.6111 1.37921 72 1.96739
637648936 100 0 67 2.09
637583402 0 0 0 0
637616170 87.6923 4.07486 65 1.66667
637648938 93.8462 2.98075 65 1.975
637583524 97.8873 1.2068 142 2.51163
637616292 96.9432 1.13756 229 2.62248
637649060 97.7876 0.978404 226 2.87736
637583526 96.9231 1.51461 130 2.23232
637616294 95.4338 1.41061 219 1.97904
637649062 99.4652 0.533328 187 2.1391
637583528 0 0 1 1
637616296 97.2973 1.8851 74 1.90217
637649064 100 0 105 1.94928
637583530 100 0 1 1
637616298 89.0411 3.65609 73 1.95238
637649066 92.5 2.9448 80 2.22549
637583652 95.9677 1.76655 124 2.1044
637616420 95.0413 1.39551 242 2.44638
637649188 98.0392 0.970733 204 2.53974
637583654 97.9592 1.16618 147 2.26852
637616422 96.6346 1.25041 208 2.54942
637649190 98.5437 0.834656 206 2.59868
637583656 0 0 0 0
637616424 98.4375 1.55024 64 2.15476
637649192 98.5915 1.3985 71 2.17
637583658 50 35.3553 2 2
637616426 85.5072 4.23792 69 1.51389
637649194 91.1111 2.99977 90 2
637583780 96.2617 1.83389 107 2.65128
637616548 94.0639 1.59676 219 2.62611
637649316 96.5174 1.29317 201 2.78309
637583782 81.5603 3.26593 141 1.48538
637616550 97.2603 1.10306 219 2.35629
637649318 98.5294 0.842779 204 2.5493
637583784 100 0 1 2
637616552 98.7342 1.25779 79 1.69388
637649320 95.7143 2.42076 70 2.27193
637583786 100 0 4 1.8
637616554 97.2603 1.91056 73 1.51579
637649322 89.1892 3.60969 74 1.41573
637583908 98.6014 0.98202 143 2.56502
637616676 97.9424 0.910676 243 2.82386
637649444 97.8022 1.08676 182 3.32847
637583910 96.5517 1.69415 116 1.95652
637616678 96.1165 1.3461 206 2.18098
637649446 97.7528 1.1109 178 2.49412
637583912 75 21.6506 4 1.83333
637616680 92.0635 3.40556 63 1.66667
637649448 87.5 4.41942 56 1.82716
637583914 0 0 0 1
637616682 93.3333 3.22031 60 1.26866
637649450 94.3396 3.17418 53 1.8875
637584036 96.0265 1.58962 151 2.31429
637616804 96.2441 1.30272 213 2.65385
637649572 95.8115 1.44951 191 2.95548
637584038 96.3504 1.60211 137 2.095
637616806 96.3134 1.27917 217 2.28793
637649574 97.7401 1.1171 177 2.61538
637584040 0 0 0 0
637616808 98.7342 1.25779 79 1.7
637649576 91.1392 3.19724 79 1.75472
637584042 50 25 4 1.5
637616810 95.7143 2.42076 70 1.9881
637649578 98.7342 1.25779 79 1.96429
637587492 96.2963 1.62538 135 2.27885
637620260 99.2806 0.716831 139 2.40435
637653028 94.7368 2.56139 76 2.83871
637587494 97.4138 1.47371 116 2.08247
637620262 98.0263 1.12821 152 2.18919
637653030 98.6301 1.36045 73 2.26016
637587496 100 0 14 2.66667
637620264 98.3607 1.62585 61 1.74359
637653032 100 0 78 2.23529
637587498 100 0 13 1.6087
637620266 98.6111 1.37921 72 1.89583
637653034 98.8889 1.10492 90 1.95349
637587620 94.3089 2.08891 123 2.70286
637620388 97.1223 1.418 139 2.69328
637653156 100 0 57 2.98261
637587622 98.9899 1.00499 99 2.26923
637620390 97.7273 1.29716 132 2.39683
637653158 97.5904 1.68322 83 2.67407
637587624 100 0 18 1.65217
637620392 97.2973 1.8851 74 1.53571
637653160 95.6044 2.14896 91 1.89256
637587626 100 0 23 2.4375
637620394 100 0 58 2.13514
637653162 97.3333 1.86031 75 2.59829
637587748 97.7444 1.28752 133 2.27723
637620516 99.3865 0.611613 163 2.41392
637653284 96.9697 2.11003 66 2.97778
637587750 93.3884 2.25895 121 1.90155
637620518 97.0588 1.29585 170 2.06391
637653286 98.7654 1.22692 81 2.26515
637587752 100 0 13 1.6087
637620520 100 0 79 1.59341
637653288 97.3333 1.86031 75 2.075
637587754 100 0 19 1.79167
637620522 98.3333 1.65272 60 1.56757
637653290 97.6744 1.6252 86 2.01754
637587876 97.2028 1.3789 143 2.36449
637620644 98.1013 1.08578 158 2.66942
637653412 97.8261 1.52039 92 3.32639
637587878 98.0583 1.35963 103 1.98837
637620646 100 0 142 2.42149
637653414 100 0 65 2.44828
637587880 100 0 8 2
637620648 96.6102 2.35599 59 1.57971
637653416 100 0 81 1.76613
637587882 100 0 10 2
637620650 100 0 63 1.85057
637653418 95.8333 2.35498 72 1.8381
637588004 99.0385 0.956903 104 2.5119
637620772 97.931 1.1821 145 2.62162
637653540 92.7711 2.84252 83 3.18321
637588006 96.8 1.57419 125 2.02857
637620774 97.4359 1.26551 156 2.19141
637653542 100 0 78 2.56489
637588008 100 0 17 1.65217
637620776 100 0 65 1.71084
637653544 97.619 2.35244 42 1.87179
637588010 100 0 14 1.88235
637620778 98.4375 1.55024 64 1.95604
637653546 98.4615 1.52658 65 2.24074
637588132 97.0149 1.47009 134 2.41117
637620900 97.2067 1.23163 179 2.58419
637653668 98.9691 1.0256 97 2.84138
637588134 92.623 2.36658 122 1.75429
637620902 77.2727 3.15886 176 1.71488
637653670 86.747 3.72173 83 1.77193
637588136 100 0 17 2.05
637620904 97.3333 1.86031 75 1.70115
637653672 97.1014 2.01966 69 1.84746
637588138 100 0 18 2.36364
637620906 97.4026 1.81263 77 1.9375
637653674 100 0 75 2.21818
637567044 95.1852 1.30284 270 2.27035
637599812 90.3704 2.53893 135 2.04211
637632580 40 21.9089 5 2.5
637567046 93.0909 1.52932 275 1.81915
637599814 89.5028 2.27833 181 1.65833
637632582 0 0 3 2
637567048 82.2222 5.69937 45 1.26786
637599816 97.4138 1.47371 116 1.50318
637632584 96.4286 1.56841 140 1.57949
637567050 90.7407 3.9445 54 1.51429
637599818 96.7213 1.61225 122 1.81879
637632586 98.4 1.12228 125 2.36181
637567172 94 1.502 250 2.11714
637599940 95 1.84197 140 2.03158
637632708 0 0 2 0
637567174 91.9414 1.64742 273 1.96154
637599942 92.3913 1.95462 184 1.72727
637632710 0 0 0 0
637567176 93.75 3.49386 48 1.43548
637599944 95.7747 1.68816 142 1.47027
637632712 91.4062 2.47728 128 1.56995
637567178 83.3333 5.07151 54 1.94286
637599946 98.5294 1.03219 136 1.89944
637632714 95.9732 1.61051 149 2.28641
637567300 94.0711 1.48475 253 2
637600068 91.0345 2.3725 145 1.96859
637632836 50 20.4124 6 1.66667
637567302 96.7273 1.07291 275 2.42708
637600070 92.8962 1.89898 183 2.16236
637632838 0 0 2 0
637567304 86.4407 4.4571 59 1.32394
637600072 95.9016 1.79489 122 1.49342
637632840 82.6389 3.15646 144 1.54
637567306 98.2143 1.7697 56 2.27273
637600074 92.7536 2.20692 138 1.76582
637632842 96.6216 1.48512 148 1.9204
637567428 93.1559 1.55699 263 1.91233
637600196 88.8889 2.46914 162 1.73423
637632964 50 35.3553 2 3
637567430 96.6805 1.15398 241 1.84589
637600198 93.5484 1.97327 155 1.97396
637632966 50 35.3553 2 2
637567432 87.5 5.84634 32 1.35294
637600200 96.063 1.72568 127 1.71154
637632968 54.1353 4.3207 133 1.72277
637567434 86.8421 5.48361 38 1.58537
637600202 83.1683 3.72291 101 1.49505
637632970 68.4615 4.07542 130 1.60952
637567556 96.5251 1.138 259 1.58571
637600324 91.2162 2.32673 148 1.88945
637633092 100 0 1 3
637567558 91.4179 1.71098 268 1.71848
637600326 93.5484 1.97327 155 1.50679
637633094 0 0 1 0
637567560 91.2281 3.74692 57 1.50667
637600328 93.2836 2.16232 134 1.45122
637633096 93.985 2.06169 133 1.53591
637567562 91.1111 4.24232 45 1.84211
637600330 94.3089 2.08891 123 1.90972
637633098 97.1429 1.40802 140 1.8209
637567684 96.5251 1.138 259 1.80682
637600452 93.1507 2.09045 146 2.00995
637633220 0 0 3 0
637567686 97.0085 1.11362 234 2.04918
637600454 93.4641 1.99816 153 2.02632
637633222 33.3333 27.2166 3 2
637567688 96.2264 2.6175 53 1.43836
637600456 93.6937 2.30718 111 1.69444
637633224 98.4962 1.05529 133 1.91534
637567690 88.8889 4.68486 45 1.67857
637600458 83.1858 3.51822 113 1.42063
637633226 71.9424 3.81075 139 1.55479
637571140 91.7722 2.1861 158 1.78603
637603908 95.1219 2.37879 82 1.92437
637636676 50 35.3553 2 2.5
637571142 90.8497 2.33096 153 2.29439
637603910 90 2.73861 120 2.10067
637636678 100 0 2 3.33333
637571144 95.5556 3.07207 45 1.55224
637603912 95.1456 2.11759 103 1.6791
637636680 97.541 1.40215 122 2.02041
637571146 93.1818 3.79991 44 1.95455
637603914 96 1.95959 100 1.94118
637636682 98.1481 1.29728 108 2.33143
637571268 96.0526 1.57938 152 1.96957
637604036 89.3617 4.49741 47 2.01176
637636804 50 25 4 2.75
637571270 93.3333 2.0367 150 2.29858
637604038 95.4955 1.96858 111 1.90476
637636806 50 35.3553 2 5
637571272 83.0189 5.15744 53 1.5
637604040 99.0385 0.956903 104 1.53793
637636808 97.0297 1.68924 101 1.56667
637571274 100 0 50 2.13636
637604042 99.115 0.881032 113 1.95775
637636810 99.0654 0.930201 107 2.20122
637571396 90.5512 2.59558 127 1.875
637604164 90.6667 3.35901 75 1.50943
637636932 0 0 1 3
637571398 95.1389 1.79211 144 2.28829
637604166 92.0635 2.40809 126 2.25882
637636934 0 0 1 2
637571400 86.4865 5.62027 37 1.45455
637604168 98.2456 1.22961 114 1.52532
637636936 97.037 1.45937 135 1.64045
637571402 96.2264 2.6175 53 2.01389
637604170 96.3303 1.80088 109 1.92903
637636938 98.3051 1.18829 118 2.15764
637571524 95.7831 1.55986 166 2.58996
637604292 88.2353 3.90712 68 2.72727
637637060 33.3333 27.2166 3 3
637571526 86.3354 2.70695 161 1.81579
637604294 94.0678 2.17464 118 1.84049
637637062 0 0 1 1.5
637571528 87.7551 4.68291 49 1.61111
637604296 94.3396 2.24449 106 1.38462
637637064 95.2756 1.88262 127 1.42771
637571530 89.7436 4.85811 39 1.81818
637604298 97.3684 1.49922 114 1.54667
637637066 99.359 0.638967 156 1.81081
637571652 86.2903 3.08876 124 2
637604420 93.75 3.02577 64 1.89474
637637188 100 0 1 2
637571654 93.5714 2.07284 140 1.93909
637604422 91.0891 2.83487 101 1.81618
637637190 66.6667 27.2166 3 2.5
637571656 93.4783 3.64048 46 1.41667
637604424 98.1651 1.28549 109 1.54167
637637192 100 0 121 1.85792
637571658 86 4.90714 50 1.4127
637604426 94.5946 2.14628 111 1.69403
637637194 100 0 132 1.98333
637571780 93.8272 1.89082 162 1.78899
637604548 94.2029 2.81328 69 2.14423
637637316 0 0 2 0
637571782 90.625 2.30436 160 2.11483
637604550 94.6154 1.97964 130 2.17763
637637318 0 0 2 0
637571784 88.6364 4.78452 44 1.41379
637604552 97.0874 1.65693 103 1.34932
637637320 97.0588 1.67293 102 1.7381
637571786 94.5946 3.71746 37 1.87273
637604554 100 0 118 1.55556
637637322 99.187 0.809696 123 2.06704
637575236 95.4545 1.40435 220 2.19149
637608004 90.2256 2.57504 133 2.05405
637640772 0 0 1 3
637575238 96.6165 1.10858 266 2.35376
637608006 89.5062 2.40789 162 2.28125
637640774 0 0 0 3
637575240 95.1219 3.36412 41 1.58
637608008 91.6667 2.65952 108 1.45652
637640776 97.1831 1.38847 142 1.68317
637575242 100 0 41 2.06557
637608010 99.1935 0.803193 124 2.11628
637640778 96.3235 1.61366 136 2.4734
637575364 96.2025 1.24156 237 1.81173
637608132 94.8718 2.03919 117 1.77841
637640900 0 0 0 1
637575366 95.3271 1.17801 321 2.03713
637608134 92.0398 1.9092 201 2.0916
637640902 0 0 0 0
637575368 95.8333 2.88425 48 1.61972
637608136 95.935 1.78061 123 1.76836
637640904 96 1.6 150 1.78605
637575370 100 0 52 2.23377
637608138 97.3684 1.49922 114 1.86986
637640906 97.7612 1.27802 134 2.28796
637575492 95.053 1.28902 283 2.16162
637608260 92.1569 2.17352 153 2.02336
637641028 100 0 1 2
637575494 95.2 1.35198 250 1.97904
637608262 89.5062 2.40789 162 1.82627
637641030 0 0 0 0
637575496 97.9592 2.01988 49 1.76389
637608264 97.479 1.43704 119 1.70323
637641032 97.2973 1.33296 148 2.09479
637575498 97.9592 2.01988 49 1.95522
637608266 99.1525 0.84386 118 1.9434
637641034 98.6207 0.96857 145 2.25373
637575620 94.7154 1.42642 246 2.08092
637608388 91.2162 2.32673 148 1.76684
637641156 0 0 1 0
637575622 97.0588 1.18294 204 1.83553
637608390 92.7536 2.20692 138 2.01523
637641158 0 0 1 0
637575624 85.4167 5.09424 48 1.23077
637608392 95.1613 1.92701 124 1.34028
637641160 86.3014 2.84558 146 1.41071
637575626 95.4545 3.14022 44 1.77941
637608394 95.4545 1.98605 110 1.88158
637641162 98.2353 1.00982 170 1.84647
637575748 96.5649 1.1252 262 1.71264
637608516 93.0233 2.24299 129 1.80117
637641284 0 0 2 0
637575750 94.332 1.47128 247 2.27463
637608518 91.7197 2.1994 157 1.84332
637641286 0 0 2 0
637575752 87.234 4.86767 47 1.50847
637608520 98.0769 1.34668 104 1.51389
637641288 88.9764 2.77906 127 1.63448
637575754 97.2222 2.73893 36 1.51111
637608522 97.479 1.43704 119 1.5817
637641290 98 1.14309 150 1.845
637575876 91.7695 1.76302 243 1.8758
637608644 91.129 2.55331 124 2.43229
637641412 0 0 0 0
637575878 96.9811 1.0511 265 2.31467
637608646 92.8994 1.97565 169 2.22088
637641414 33.3333 27.2166 3 2
637575880 92.1569 3.76464 51 1.62712
637608648 99.0196 0.975576 102 1.35115
637641416 95.1613 1.92701 124 1.91099
637575882 98.0392 1.94147 51 1.9403
637608650 94.1176 2.15694 119 2.03247
637641418 96.0938 1.71247 128 2.06915
637579332 95.3216 1.6149 171 1.81633
637612100 92.4242 3.25712 66 1.70787
637644868 100 0 1 2.25
637579334 86.9048 2.6027 168 1.54709
637612102 89.916 2.76034 119 1.68456
637644870 80 17.8885 5 2
637579336 88.8889 4.68486 45 1.41667
637612104 94.2308 2.28633 104 1.37405
637644872 97.3913 1.48636 115 1.47701
637579338 94.3396 3.17418 53 2.3662
637612106 96.5116 1.97857 86 1.93913
637644874 99.3103 0.687273 145 2.3932
637579460 94.4785 1.78896 163 2.05957
637612228 94.186 2.52336 86 1.85714
637644996 75 21.6506 4 2
637579462 98.6395 0.955482 147 2.35628
637612230 96.4539 1.55749 141 2.42408
637644998 0 0 0 3
637579464 96.1538 2.66683 52 1.53125
637612232 97.2222 1.58132 108 1.43165
637645000 99.2857 0.711729 140 1.86486
637579466 96.0784 2.71805 51 2.16176
637612234 99.0476 0.947835 105 2.11409
637645002 100 0 116 2.66484
637579588 81.295 3.30753 139 1.59884
637612356 92.8571 3.07818 70 1.84043
637645124 0 0 4 3
637579590 97.1631 1.39817 141 2.2217
637612358 93.8596 2.24845 114 2.23899
637645126 100 0 3 2.75
637579592 82.6087 5.58856 46 1.47273
637612360 100 0 113 1.52632
637645128 100 0 113 1.78035
637579594 93.5484 4.41237 31 2.44828
637612362 97.0874 1.65693 103 1.82639
637645130 100 0 106 2.48023
637579716 91.2088 2.09897 182 1.85306
637612484 77.2152 4.71911 79 1.90816
637645252 60 21.9089 5 3
637579718 88.7417 2.57224 151 1.75909
637612486 94.8718 2.03919 117 1.9
637645254 0 0 0 2
637579720 86.6667 5.06745 45 1.55738
637612488 88.3495 3.16123 103 1.32558
637645256 97.9381 1.44284 97 1.46429
637579722 93.3333 3.71849 45 1.5873
637612490 98.0583 1.35963 103 1.52985
637645258 100 0 107 2.20112
637579844 92.5373 2.27015 134 1.60697
637612612 86 4.90714 50 1.53333
637645380 0 0 0 0
637579846 97.7099 1.30695 131 1.90955
637612614 96.9697 1.72283 99 2.17808
637645382 0 0 0 0
637579848 81.5789 6.28861 38 1.15686
637612616 77.7778 4.38228 90 1.26214
637645384 93.6937 2.30718 111 1.32258
637579850 86.4865 5.62027 37 1.57143
637612618 94.2529 2.49524 87 1.33333
637645386 100 0 87 1.61486
637579972 97.2028 1.3789 143 1.69492
637612740 79.0323 5.1699 62 1.72603
637645508 66.6667 27.2166 3 2
637579974 92.638 2.04549 163 2.03604
637612742 96.9925 1.48097 133 2.08065
637645510 100 0 2 3
637579976 79.0698 6.2038 43 1.23529
637612744 97.9167 1.45771 96 1.58273
637645512 98.374 1.14038 123 1.65803
637579978 81.5789 6.28861 38 1.65
637612746 98.2609 1.21901 115 1.72727
637645514 98.3871 1.13126 124 2.13333
637583428 96.7742 1.05778 279 1.8645
637616196 92.8571 2.07531 154 1.77114
637648964 33.3333 27.2166 3 1
637583430 92.8571 1.62235 252 1.91916
637616198 95.4315 1.48765 197 2.08955
637648966 0 0 1 0
637583432 91.6667 4.60642 36 1.75
637616200 92.623 2.36658 122 1.68354
637648968 95.4198 1.82652 131 1.75138
637583434 100 0 43 1.70492
637616202 98.0769 1.34668 104 1.92806
637648970 96.8944 1.36713 161 2.21622
637583556 94.6768 1.3843 263 1.80337
637616324 89.9329 2.46501 149 2.00465
637649092 100 0 2 2.5
637583558 94.5378 1.47298 238 2.0241
637616326 90.3614 2.29057 166 2.02174
637649094 100 0 1 3.66667
637583560 94.2029 2.81328 69 1.825
637616328 97.8417 1.23256 139 1.60227
637649096 95.1724 1.78007 145 1.62366
637583562 98.3333 1.65272 60 2.27161
637616330 94.6903 2.10936 113 1.84564
637649098 97.546 1.21185 163 2.40351
637583684 75.945 2.50556 291 1.37333
637616452 79.845 3.532 129 1.36145
637649220 100 0 1 3
637583686 94.8529 1.33974 272 2.12821
637616454 95.1613 1.5734 186 2.29502
637649222 100 0 3 3
637583688 100 0 39 1.57627
637616456 96.5517 1.69415 116 1.36735
637649224 94.964 1.85487 139 1.57542
637583690 95 3.44601 40 1.66667
637616458 97.0149 1.47009 134 1.94828
637649226 98.5714 1.00291 140 2.27638
637583812 94.6768 1.3843 263 2.04348
637616580 97.5 1.42522 120 2.37572
637649348 0 0 2 0
637583814 94.1392 1.42162 273 1.6657
637616582 92.6554 1.9608 177 1.83193
637649350 0 0 0 0
637583816 90 4.24264 50 1.43077
637616584 98.3471 1.15907 121 1.34416
637649352 87.7698 2.77896 139 1.4026
637583818 95.3488 3.21147 43 1.54688
637616586 95.6522 1.90167 115 1.67568
637649354 96.5035 1.5361 143 1.91667
637583940 96.7509 1.06529 277 1.63613
637616708 84.1379 3.03383 145 1.69591
637649476 0 0 0 0
637583942 96.2963 1.3737 189 2.1362
637616710 95.614 1.91797 114 2.29508
637649478 0 0 1 0
637583944 83.3333 6.2113 36 1.11628
637616712 86.4078 3.37678 103 1.21186
637649480 95.3125 1.86827 128 1.36723
637583946 93.1035 4.70544 29 1.4359
637616714 96.2963 2.09836 81 1.57692
637649482 94.5652 2.36354 92 1.71127
637584068 0 0 280 0
637616836 0 0 151 0
637649604 0 0 4 0
637584070 91.8819 1.65904 271 2.2597
637616838 94.9367 1.74423 158 2.01754
637649606 100 0 1 2.5
637584072 0 0 52 0
637616840 0 0 152 0
637649608 0 0 119 0
637584074 94.6429 3.00896 56 2.33333
637616842 98.9691 1.0256 97 1.7
637649610 95.4839 1.66795 155 2.23394
637587524 94.4444 1.90885 144 1.84404
637620292 82.2581 4.8517 62 1.65432
637653060 100 0 1 2.5
637587526 95.8621 1.65398 145 2.26033
637620294 92.3077 2.61295 104 2.00637
637653062 50 35.3553 2 2.5
637587528 90.7407 3.9445 54 1.67647
637620296 98.1651 1.28549 109 1.60714
637653064 100 0 113 1.93258
637587530 97.9167 2.06152 48 2.25676
637620298 99.0654 0.930201 107 2.03797
637653066 97.3451 1.5123 113 2.20468
637587652 91.9355 2.44523 124 1.89617
637620420 90.3846 4.08817 52 1.75
637653188 100 0 1 1.5
637587654 98.1595 1.05278 163 2.42339
637620422 95.8763 2.0189 97 2.30065
637653190 100 0 2 2.75
637587656 91.2281 3.74692 57 1.55224
637620424 96.1538 1.88573 104 1.54074
637653192 98.4 1.12228 125 1.70103
637587658 94.9153 2.86007 59 2.05063
637620426 99.0196 0.975576 102 1.81955
637653194 97.9592 1.42827 98 2.49682
637587780 90.9091 2.31658 154 1.98
637620548 76 6.03987 50 1.69492
637653316 50 35.3553 2 3
637587782 91.9255 2.14716 161 1.90213
637620550 93.75 2.13954 128 1.78857
637653318 0 0 0 2.6
637587784 92.7273 3.50164 55 1.68254
637620552 95.7895 2.06047 95 1.44882
637653320 98.374 1.14038 123 1.77841
637587786 100 0 54 1.62162
637620554 98.1651 1.28549 109 1.71429
637653322 97.6378 1.34761 127 1.84211
637587908 90.8397 2.52033 131 2.10286
637620676 96.5517 2.39589 58 2.11392
637653444 100 0 1 3
637587910 93.662 2.04463 142 1.9949
637620678 91.4286 2.73195 105 1.82069
637653446 100 0 1 1.5
637587912 67.7419 8.3959 31 1.37209
637620680 94.2149 2.12238 121 1.375
637653448 98.2456 1.22961 114 1.71429
637587914 78.5714 6.33147 42 1.21739
637620682 97.8022 1.53691 91 1.52632
637653450 99.1304 0.865777 115 1.9359
637588036 0 0 0 0
637620804 0 0 0 0
637653572 0 0 0 0
637588038 85.8974 2.78661 156 1.65865
637620806 94.958 2.00583 119 1.76774
637653574 100 0 3 2.25
637588040 0 0 0 0
637620808 0 0 0 0
637653576 0 0 0 0
637588042 91.3043 4.15449 46 1.73438
637620810 94.382 2.44084 89 1.53333
637653578 94.8718 2.03919 117 1.81522
637588164 92.0245 2.12195 163 2.03419
637620932 80.3279 5.08972 61 2.10843
637653700 100 0 1 1.5
637588166 90.4762 2.13521 189 2.06478
637620934 96.8504 1.5498 127 2.09942
637653702 100 0 2 1.5
637588168 89.4737 4.06489 57 1.24615
637620936 98.2609 1.21901 115 1.42177
637653704 95.1613 1.92701 124 1.46369
637588170 84 5.18459 50 1.47458
637620938 88.3495 3.16123 103 1.69355
637653706 97.2477 1.56702 109 1.82099
637567076 100 0 115 2.27624
637599844 68.75 11.5878 16 2.68421
637632612 0 0 0 3
637567078 96.1806 1.1294 288 2.37234
637599846 60.7143 9.22962 28 2.43333
637632614 25 21.6506 4 3
637567080 89.4737 4.97845 38 1.87755
637599848 95.3488 2.27085 86 1.88119
637632616 95.082 1.95778 122 2.27811
637567082 98.2456 1.73893 57 1.68919
637599850 96.748 1.59936 123 1.71338
637632618 97.7401 1.1171 177 2.4876
637567204 97.3799 1.05554 229 2.32075
637599972 77.2727 8.93461 22 2.52174
637632740 33.3333 27.2166 3 2
637567206 98.1752 0.808603 274 2.05479
637599974 78.2609 8.60061 23 2.14286
637632742 0 0 2 0
637567208 98.3333 1.65272 60 2.07229
637599976 96.748 1.59936 123 2.03659
637632744 97.7778 1.0987 180 2.36641
637567210 85.0746 4.35337 67 2.28395
637599978 96.0265 1.58962 151 2.2335
637632746 95.3608 1.5101 194 2.48347
637567332 96.2264 1.30875 212 2.14483
637600100 75 9.68246 20 2.26087
637632868 0 0 1 0
637567334 98.0843 0.848486 261 2.72652
637600102 75 9.68246 20 3.29032
637632870 0 0 0 0
637567336 95.1613 2.7252 62 1.61728
637600104 97.8261 1.24139 138 1.97126
637632872 93.1035 1.92099 174 2.02439
637567338 100 0 57 2.0411
637600106 97.4359 1.46128 117 2.05056
637632874 95.8763 1.42757 194 1.89535
637567460 96.5116 1.14233 258 2.18824
637600228 85.1852 6.83673 27 2.1875
637632996 0 0 0 3
637567462 97.541 0.991469 244 2.09496
637600230 63.6364 10.2559 22 1.79167
637632998 66.6667 27.2166 3 2
637567464 97.7778 2.19739 45 1.66667
637600232 98.3871 1.13126 124 1.86503
637633000 95.7831 1.55986 166 2.01245
637567466 96 2.77128 50 2.16901
637600234 98.5185 1.03978 135 2.22652
637633002 98.0645 1.10658 155 1.99545
637567588 98.7395 0.723152 238 2.55828
637600356 83.3333 8.7841 18 2.70833
637633124 0 0 1 0
637567590 97.4074 0.967122 270 2.34571
637600358 81.25 9.75781 16 2.36842
637633126 0 0 0 0
637567592 98.5714 1.41833 70 1.54118
637600360 95.5882 1.76092 136 2.14205
637633128 97.4026 1.28172 154 2.1784
637567594 93.1818 3.79991 44 1.71212
637600362 97.037 1.45937 135 2.07101
637633130 95.5801 1.52774 181 2
637567716 95.5466 1.31252 247 2.3354
637600484 88.2353 7.81425 17 2.4
637633252 100 0 1 3
637567718 97.5124 1.09855 201 2.3694
637600486 82.3529 9.24594 17 3
637633254 0 0 0 0
637567720 88.8889 4.68486 45 1.63333
637600488 94.9275 1.86795 138 1.79412
637633256 95.5696 1.63701 158 2.23529
637567722 94.3396 3.17418 53 1.98571
637600490 97.541 1.40215 122 2.16364
637633258 96.319 1.47484 163 2.16822
637571172 97.3451 1.5123 113 2.0122
637603940 75 12.5 12 2.56522
637636708 100 0 2 3
637571174 98.75 0.878341 160 2.23457
637603942 56.25 12.402 16 2.26316
637636710 0 0 0 3
637571176 98.1818 1.80158 55 1.78481
637603944 98.1651 1.28549 109 1.97037
637636712 99.1803 0.816305 122 2.37017
637571178 73.0769 6.15107 52 1.71429
637603946 99.0196 0.975576 102 1.9404
637636714 96.5035 1.5361 143 2.03947
637571300 96.7391 1.85171 92 2.13139
637604068 57.1429 18.7044 7 3
637636836 100 0 1 3
637571302 97.191 1.23845 178 2.17647
637604070 82.3529 9.24594 17 2.5625
637636838 0 0 0 0
637571304 97.2222 2.73893 36 2
637604072 98.9011 1.09285 91 2.15
637636840 97.6744 1.6252 86 2.41135
637571306 96.0784 2.71805 51 1.60811
637604074 99.1525 0.84386 118 2.09036
637636842 97.5 1.42522 120 2.00585
637571428 96.0938 1.71247 128 2.08092
637604196 84.6154 10.0068 13 2.56522
637636964 0 0 0 0
637571430 98.2659 0.992466 173 2.51292
637604198 75 8.83883 24 2.54167
637636966 0 0 0 1.5
637571432 96.0784 2.71805 51 1.88462
637604200 99.2126 0.784295 127 1.86813
637636968 99.1304 0.865777 115 2.24731
637571434 100 0 45 1.87671
637604202 90.9091 2.40403 143 1.93976
637636970 98.4615 1.07946 130 2.04523
637571556 98.6395 0.955482 147 2.09179
637604324 79.1667 8.28982 24 2.53333
637637092 0 0 2 1
637571558 95.679 1.59751 162 1.86147
637604326 83.3333 8.7841 18 2.45455
637637094 50 35.3553 2 3
637571560 98.0769 1.9045 52 1.72059
637604328 100 0 109 1.96774
637637096 98.5507 1.01734 138 2.1746
637571562 98.1818 1.80158 55 1.72973
637604330 98.0645 1.10658 155 1.92746
637637098 96.3504 1.60211 137 2.12207
637571684 98.6014 0.98202 143 2.20419
637604452 70 14.4914 10 2.8
637637220 0 0 0 3
637571686 98.0392 1.12091 153 2.21973
637604454 69.2308 12.8008 13 2.76471
637637222 50 35.3553 2 3
637571688 96 2.77128 50 1.80723
637604456 99.1228 0.873338 114 1.95513
637637224 97.479 1.43704 119 2.43979
637571690 98.2143 1.7697 56 1.91463
637604458 99.1304 0.865777 115 1.99401
637637226 97.9021 1.19845 143 2.33333
637571812 97.6378 1.34761 127 1.92179
637604580 90.9091 8.66784 11 2.66667
637637348 100 0 1 3
637571814 98.5075 1.04748 134 2.19459
637604582 50 17.6777 8 2
637637350 0 0 0 3
637571816 100 0 45 1.92857
637604584 100 0 113 1.95541
637637352 99.1736 0.823025 121 2.1641
637571818 100 0 58 1.79167
637604586 99.115 0.881032 113 1.65772
637637354 97.619 1.35818 126 2.09942
637575268 95.3975 1.3554 239 2.07097
637608036 83.3333 10.7583 12 2.08696
637640804 50 35.3553 2 3
637575270 96.1207 1.26777 232 2.25148
637608038 79.1667 8.28982 24 2.4375
637640806 0 0 1 3
637575272 97.5 2.46855 40 1.94737
637608040 98.5401 1.02471 137 2.06417
637640808 99.3243 0.67339 148 2.4218
637575274 94.7368 2.95764 57 1.86301
637608042 95.8621 1.65398 145 1.90761
637640810 98.1366 1.06574 161 2.24675
637575396 95 1.46938 220 2.30333
637608164 81.8182 8.22304 22 2.66667
637640932 0 0 3 0
637575398 98.5185 0.735233 270 2.408
637608166 78.125 7.30792 32 2.64865
637640934 0 0 0 0
637575400 96.1538 2.66683 52 2.06757
637608168 98.0645 1.10658 155 2.20874
637640936 96.9512 1.34251 164 2.34052
637575402 98.1481 1.83462 54 1.66667
637608170 97.037 1.45937 135 1.79885
637640938 97.0238 1.31104 168 2.30417
637575524 97.6834 0.93473 259 2.34493
637608292 78.5714 10.9664 14 2.57143
637641060 0 0 2 2
637575526 96.9298 1.14246 228 2.33136
637608294 38.8889 11.4904 18 2.27273
637641062 0 0 0 0
637575528 96.6667 2.31741 60 1.80263
637608296 98.6395 0.955482 147 1.72251
637641064 98.2659 0.992466 173 1.89474
637575530 93.8776 3.42488 49 2.11268
637608298 97.9592 1.16618 147 1.92228
637641066 97.1429 1.25937 175 1.9697
637575652 94.0171 1.55043 234 2.03654
637608420 66.6667 10.2869 21 2.04762
637641188 0 0 1 0
637575654 95.7747 1.37837 213 1.84365
637608422 88.8889 7.40741 18 2.68
637641190 0 0 1 0
637575656 95.1613 2.7252 62 2.04651
637608424 97.0149 1.47009 134 2.04192
637641192 95.8084 1.55072 167 2.15284
637575658 94.3396 3.17418 53 1.76623
637608426 98.1013 1.08578 158 1.695
637641194 96.5035 1.5361 143 1.88938
637575780 96.2264 1.30875 212 2.57343
637608548 86.6667 8.77707 15 2.55
637641316 0 0 2 0
637575782 95.4167 1.34989 240 2.71884
637608550 85 7.98436 20 2
637641318 0 0 1 3
637575784 84.7826 5.29596 46 1.95588
637608552 97.7099 1.30695 131 2.04142
637641320 98.0769 1.09956 156 2.70386
637575786 98.0769 1.9045 52 1.76923
637608554 97.037 1.45937 135 1.82659
637641322 96.0674 1.45686 178 2.00433
637575908 97.2093 1.12329 215 2.49286
637608676 91.6667 7.97856 12 2.66667
637641444 0 0 0 0
637575910 96.1089 1.20628 257 2.59401
637608678 73.913 9.15605 23 2.29167
637641446 0 0 1 0
637575912 97.7778 2.19739 45 2.05714
637608680 96.4286 1.56841 140 2.0289
637641448 94.8905 1.88122 137 2.33514
637575914 93.2203 3.2729 59 2.08861
637608682 99.2857 0.711729 140 2.19075
637641450 96.5517 1.51529 145 2.24091
637579364 97.037 1.45937 135 2.33831
637612132 78.2609 8.60061 23 2.48276
637644900 100 0 4 2.33333
637579366 97.0588 1.29585 170 2.24615
637612134 76.4706 10.2879 17 2.3
637644902 0 0 0 2.5
637579368 98.2456 1.73893 57 1.42105
637612136 100 0 116 1.87952
637644904 96.9231 1.51461 130 2.06341
637579370 95 3.44601 40 2.08475
637612138 98.3471 1.15907 121 1.93023
637644906 100 0 133 2.23288
637579492 97.4194 1.27356 155 2.65625
637612260 81.8182 8.22304 22 3.03448
637645028 0 0 0 3
637579494 98.1132 1.07901 159 2.61224
637612262 84.2105 8.36547 19 2.51852
637645030 0 0 0 3
637579496 98.3871 1.59984 62 1.64557
637612264 100 0 126 1.9774
637645032 98.5915 0.988887 142 2.04206
637579498 100 0 46 1.76316
637612266 100 0 112 1.79412
637645034 98.4 1.12228 125 2.29798
637579620 96.3768 1.59071 138 1.97368
637612388 80 8.94427 20 2.26923
637645156 100 0 1 2
637579622 98.7261 0.895016 157 2.4902
637612390 74.0741 8.4337 27 2.4
637645158 50 35.3553 2 3
637579624 96 2.77128 50 1.62821
637612392 99.115 0.881032 113 1.54167
637645160 98.5075 1.04748 134 2.03846
637579626 100 0 57 2.04878
637612394 100 0 114 1.94643
637645162 97.8571 1.22385 140 2.54124
637579748 98.0263 1.12821 152 2.0892
637612516 84.2105 8.36547 19 2.625
637645284 0 0 0 3
637579750 0 0 176 0
637612518 0 0 14 0
637645286 0 0 3 0
637579752 98.0769 1.9045 52 1.875
637612520 98.1982 1.26254 111 1.7931
637645288 99.3464 0.651455 153 2.24153
637579754 51.2195 7.80637 41 1.43333
637612522 100 0 111 2.14371
637645290 98.4615 1.07946 130 2.3401
637579876 97.1014 1.42812 138 2.57143
637612644 90.9091 8.66784 11 2.46154
637645412 0 0 0 0
637579878 96.8553 1.38404 159 2.23474
637612646 80 12.6491 10 2.6
637645414 0 0 0 0
637579880 100 0 51 1.91892
637612648 99.1071 0.888863 112 2.11409
637645416 100 0 121 2.45902
637579882 97.9167 2.06152 48 1.98592
637612650 99.115 0.881032 113 2.02817
637645418 100 0 117 2.20765
637580004 93.913 2.22953 115 2.27737
637612772 71.4286 12.0736 14 2.5
637645540 100 0 1 3
637580006 98.9418 0.744292 189 2.49818
637612774 84.2105 8.36547 19 2.54545
637645542 0 0 0 3
637580008 100 0 41 1.98413
637612776 99.1379 0.858345 116 2.75484
637645544 99.2063 0.790497 126 2.61749
637580010 100 0 51 2.63291
637612778 96.5753 1.5051 146 2.45361
637645546 99.2701 0.727257 137 2.44928
637583460 96.4286 1.16902 252 2.13814
637616228 60.8696 10.1764 23 2.10526
637648996 0 0 1 3
637583462 96.6292 1.1045 267 1.90113
637616230 76.9231 8.26286 26 2.34375
637648998 0 0 2 0
637583464 95.6522 3.0068 46 1.7
637616232 98.6842 0.924263 152 1.86207
637649000 96.9512 1.34251 164 2
637583466 95.5556 3.07207 45 1.87692
637616234 94.6667 1.83465 150 2.05464
637649002 96.4497 1.42344 169 2.21224
637583588 98.3264 0.829788 239 2.35313
637616356 79.1667 8.28982 24 2.52174
637649124 50 35.3553 2 3
637583590 96.4427 1.16449 253 2.18235
637616358 68.75 11.5878 16 2.17647
637649126 0 0 3 3
637583592 88.1356 4.20991 59 1.62667
637616360 94.4444 2.04064 126 1.81046
637649128 98.9189 0.760296 185 1.99627
637583594 91.1765 4.86433 34 1.92727
637616362 97.1429 1.40802 140 1.99454
637649130 97.076 1.28838 171 2.11489
637583716 96.7213 1.14003 244 2.08934
637616484 81.25 9.75781 16 2
637649252 0 0 2 1
637583718 95.5056 1.26793 267 2.26462
637616486 58.6207 9.14572 29 1.73333
637649254 66.6667 27.2166 3 3
637583720 98.0769 1.9045 52 1.84
637616488 99.2806 0.716831 139 2.03911
637649256 97.5124 1.09855 201 2.03358
637583722 50.8197 6.40098 61 1.70213
637616490 49.2958 4.19549 142 1.95789
637649258 58.4795 3.76821 171 1.79845
637583844 96.861 1.16767 223 2.42088
637616612 82.3529 9.24594 17 2.31579
637649380 0 0 0 0
637583846 95.9839 1.24423 249 2.17889
637616614 63.1579 11.0665 19 2
637649382 0 0 0 0
637583848 91.3793 3.68537 58 1.72
637616616 96.6102 1.66594 118 1.97436
637649384 96.5116 1.39906 172 2.13281
637583850 96 2.77128 50 1.62319
637616618 97.2222 1.36946 144 2.04278
637649386 96.4286 1.43176 168 2.37069
637583972 97.3214 1.07878 224 2.31529
637616740 69.2308 12.8008 13 2.78947
637649508 0 0 0 0
637583974 97.1963 1.12846 214 2.79333
637616742 80 12.6491 10 2.78947
637649510 0 0 3 3
637583976 87.8049 5.11047 41 2.01818
637616744 93.3884 2.25895 121 1.93421
637649512 95.7219 1.47982 187 2.18103
637583978 83.3333 5.37914 48 2.18182
637616746 97.4359 1.46128 117 2.27742
637649514 95.3947 1.70007 152 2.45588
637584100 92.623 1.67342 244 1.95312
637616868 61.5385 9.54113 26 2.21739
637649636 0 0 1 0
637584102 96.1373 1.26244 233 2.3565
637616870 61.5385 13.4932 13 2.36842
637649638 50 35.3553 2 3.5
637584104 96.9697 2.11003 66 1.79518
637616872 96.732 1.4374 153 1.87222
637649640 95.2381 1.64301 168 2.2521
637584106 94.1176 3.29478 51 1.75
637616874 96.0317 1.73909 126 1.61392
637649642 95.977 1.48965 174 1.80342
637587556 94.958 2.00583 119 2.3681
637620324 66.6667 19.245 6 2.4
637653092 0 0 0 2
637587558 96.9697 1.3345 165 2.08182
637620326 80 10.328 15 2.41176
637653094 100 0 1 2.5
637587560 100 0 54 1.77647
637620328 99.0566 0.938937 106 1.76871
637653096 99.0566 0.938937 106 1.83929
637587562 98.5714 1.41833 70 2.69608
637620330 100 0 106 2.22973
637653098 97.7778 1.26866 135 2.4455
637587684 97.541 1.40215 122 2.50857
637620452 75 10.8253 16 2.42105
637653220 100 0 2 2.25
637587686 97.2973 1.33296 148 2.3176
637620454 80 8 25 2.36667
637653222 66.6667 27.2166 3 3
637587688 100 0 54 1.67442
637620456 98.4962 1.05529 133 1.87425
637653224 96.3964 1.76904 111 2.02105
637587690 96.2963 2.56996 54 1.81481
637620458 98.9899 1.00499 99 1.79021
637653226 98.4 1.12228 125 2.03398
637587812 97.541 1.40215 122 2.14201
637620580 83.3333 10.7583 12 2.57895
637653348 50 35.3553 2 1
637587814 97.2973 1.33296 148 2.00862
637620582 72 8.97998 25 2.5
637653350 66.6667 27.2166 3 2.4
637587816 100 0 48 1.77612
637620584 98.3333 1.16865 120 1.72727
637653352 99.2958 0.70174 142 2.17512
637587818 95.1219 3.36412 41 2.15942
637620586 98.5507 1.01734 138 2.04444
637653354 99.2647 0.732586 136 2.32547
637587940 95.9184 1.63196 147 2.45226
637620708 88.8889 7.40741 18 2.5
637653476 100 0 1 2.75
637587942 0 0 148 0
637620710 0 0 11 0
637653478 0 0 1 0
637587944 97.1014 2.01966 69 1.61702
637620712 99.3056 0.692028 144 1.87317
637653480 100 0 103 2.30247
637587946 98.0392 1.94147 51 1.67901
637620714 99.1597 0.836798 119 2.02454
637653482 100 0 114 2.1658
637588068 96.3636 1.78482 110 2.20253
637620836 94.1176 5.70672 17 2.33333
637653604 0 0 0 1
637588070 96.7105 1.4467 152 2.06881
637620838 85.7143 9.3522 14 2.64286
637653606 0 0 0 0
637588072 91.0714 3.81055 56 1.39437
637620840 100 0 123 1.52632
637653608 99.2 0.796794 125 2.03465
637588074 97.8723 2.1049 47 2.19118
637620842 97.3214 1.52562 112 1.94231
637653610 100 0 127 2.09375
637588196 97.7444 1.28752 133 1.94416
637620964 78.5714 10.9664 14 2
637653732 100 0 2 3
637588198 98.1928 1.03393 166 2.25806
637620966 94.7368 5.12278 19 2.03571
637653734 50 35.3553 2 2.5
637588200 96.9231 2.14198 65 1.83908
637620968 95.2381 1.89719 126 1.93333
637653736 100 0 120 2.40196
637588202 98.1132 1.86891 53 1.84
637620970 100 0 108 1.92262
637653738 99.3671 0.630906 158 2.26991
