637566989 96.1304 0.250711 5918 2.26041
637632525 99.1238 0.141511 4337 2.5233
637566993 94.6381 0.29966 5651 1.54142
637632529 94.6013 0.324406 4853 1.93502
637566997 85.3659 1.83998 369 1.68938
637632533 83.4602 0.472886 6173 1.60369
637567001 74.9213 0.627948 4765 1.29464
637632537 71.4221 0.682567 4381 1.34757
637567005 95.0375 0.283596 5864 2.16073
637632541 99.273 0.1301 4264 2.51359
637567117 94.1676 0.360119 4235 1.94466
637632653 98.5549 0.226831 2768 2.10117
637567121 94.3123 0.315764 5380 2.20561
637632657 97.8665 0.20216 5109 2.34276
637567125 77.9928 0.554616 5580 1.332
637632661 94.7548 0.277718 6444 1.92176
637567129 91.9171 0.361317 5691 1.65473
637632665 93.9515 0.33736 4993 1.90354
637567133 95.9387 0.256246 5934 2.2998
637632669 98.2305 0.203871 4182 2.51064
637567245 94.2314 0.303688 5894 1.86266
637632781 98.0821 0.215064 4067 2.42391
637567249 88.3753 0.489701 4284 1.59908
637632785 97.3379 0.252725 4057 1.81673
637567253 95.3069 0.308198 4709 1.87192
637632789 96.1203 0.250268 5954 1.99102
637567257 90.9285 0.382667 5633 1.57793
637632793 95.1076 0.307342 4926 1.85712
637567261 95.3911 0.271943 5945 2.0156
637632797 98.2343 0.19943 4361 2.47589
637567373 95.4899 0.26972 5920 2.14934
637632909 99.2024 0.136234 4263 2.50805
637567377 95.0386 0.287517 5704 1.93457
637632913 95.7302 0.285575 5012 2.07151
637567381 95.0877 0.310497 4845 1.66774
637632917 93.6847 0.308341 6223 1.69762
637567385 92.2991 0.629796 1792 1.80288
637632921 96.5764 0.285375 4060 1.89224
637567389 95.5537 0.269033 5870 2.22131
637632925 99.0896 0.14511 4284 2.75134
637567501 92.972 0.334264 5848 1.87367
637633037 99.1006 0.143377 4336 2.44928
637567505 95.5947 0.297222 4767 1.76014
637633041 94.9153 2.86007 59 2.04762
637567509 94.6162 0.30085 5628 1.65306
637633045 96.0038 0.247145 6281 1.90501
637567513 88.6071 0.424577 5600 1.46322
637633049 90.3816 0.413513 5084 1.73294
637567517 95.5962 0.270701 5745 2.23182
637633053 98.3833 0.194467 4206 2.5367
637567629 95.329 0.275515 5866 2.04749
637633165 99.0234 0.153652 4096 2.34738
637567633 95.1818 0.286606 5583 1.79708
637633169 96.7292 0.251198 5014 2.00465
637567637 95.5478 0.271996 5750 1.8066
637633173 93.5406 0.311976 6208 1.95342
637567641 92.8571 0.346762 5516 1.67409
637633177 96.1059 0.267939 5213 2.02657
637567645 91.3534 0.364877 5933 1.61723
637633181 92.313 0.40473 4332 1.75033
637567757 94.7661 0.288918 5942 1.88952
637633293 98.1688 0.210918 4041 2.32255
637567761 97.2963 0.219217 5474 1.85517
637633297 97.8248 0.207022 4965 2.08333
637567765 94.317 0.307572 5666 1.64365
637633301 94.0106 0.305224 6044 1.73031
637567769 97.8222 0.194212 5648 1.9867
637633305 98.3551 0.180152 4985 2.40481
637567773 94.7111 0.290936 5918 2.05147
637633309 98.4674 0.190097 4176 2.49978
637567885 87.6576 0.426525 5947 1.5266
637633421 90.8831 0.444108 4201 1.66024
637567889 91.6578 0.367615 5658 1.81554
637633425 97.1491 0.23498 5016 2.05978
637567893 96.3163 0.2525 5565 1.85814
637633429 96.687 0.223738 6399 2.07064
637567897 93.4505 0.336509 5405 1.89689
637633433 83.6181 0.52473 4975 1.55565
637567901 94.1945 0.304675 5891 1.98355
637633437 98.625 0.177771 4291 2.49734
637568013 95.5172 0.271706 5800 1.92516
637633549 98.7856 0.172425 4035 2.46585
637568017 95.8768 0.26679 5554 1.77005
637633553 94.96 0.309386 5000 1.96319
637568021 96.8354 0.235403 5530 1.92842
637633557 94.2292 0.295651 6221 1.88745
637568025 97.591 0.207923 5438 2.03401
637633561 98.0522 0.192873 5134 2.31258
637568029 78.6823 0.53786 5798 1.67322
637633565 96.3636 0.289536 4180 2.2958
637568141 94.9339 0.287392 5823 1.81623
637633677 96.9349 0.266738 4176 2.1844
637568145 92.7286 0.350102 5501 1.79001
637633681 95.2277 0.300612 5029 2.022
637568149 94.6953 0.3074 5316 1.72067
637633685 92.7211 0.338793 5880 1.77821
637568153 97.3861 0.21496 5509 2.10564
637633689 98.0483 0.2004 4765 2.23323
637568157 94.9716 0.350919 3878 2.07849
637633693 98.8235 0.206746 2720 2.50752
637568269 85.1858 0.463822 5866 2.07591
637633805 98.8156 0.164863 4306 2.53234
637568273 97.0939 0.225683 5540 2.05823
637633809 97.851 0.207455 4886 2.29641
637568277 94.8354 0.291352 5770 1.92113
637633813 92.7945 0.326479 6273 1.92844
637568281 94.7558 0.29925 5549 1.89725
637633817 96.9939 0.238566 5123 2.10066
637568285 89.9165 0.392978 5871 1.97378
637633821 97.5369 0.237391 4263 2.37016
637568397 94.1733 0.307107 5818 1.91328
637633933 97.8942 0.222099 4179 2.30128
637568401 95.1944 0.286945 5556 1.75358
637633937 97.5674 0.219347 4933 2.27382
637568405 93.5622 0.327293 5623 1.67198
637633941 93.1843 0.316182 6353 1.69004
637568409 82.0495 0.511882 5621 1.69503
637633945 96.7821 0.252648 4879 2.0975
637568413 86.2093 0.451582 5830 1.67292
637633949 92.6663 0.406236 4118 1.88239
637569037 96.788 0.246005 5137 2.08232
637634573 98.7635 0.143818 5904 2.29112
637569041 92.5882 0.366821 5100 1.6041
637634577 94.3355 0.327046 4996 1.70071
637569045 98.3827 0.65488 371 1.96728
637634581 96.0784 0.261545 5508 1.73724
637569049 85.3766 0.537902 4315 1.60843
637634585 94.9956 0.325175 4496 1.6666
637569053 92.5765 0.360299 5294 1.60782
637634589 90.4556 0.386013 5794 1.64307
637569165 95.6398 0.328004 3876 1.89218
637634701 96.3949 0.286152 4244 2.11775
637569169 96.731 0.25339 4925 2.05502
637634705 88.0372 0.451516 5166 1.90464
637569173 92.4521 0.371325 5061 1.58545
637634709 94.2059 0.304992 5868 1.79625
637569177 61.7095 0.675981 5171 1.32083
637634713 78.5365 0.574293 5111 1.4182
637569181 95.4398 0.28817 5241 1.88088
637634717 97.3803 0.210378 5764 2.04021
637569293 95.7422 0.280883 5167 1.9592
637634829 98.3262 0.171187 5616 2.36169
637569297 94.8571 0.355965 3850 1.65995
637634833 95.7411 0.31147 4203 1.85359
637569301 94.7883 0.335301 4394 1.67197
637634837 95.8948 0.271035 5359 1.72352
637569305 92.6568 0.364044 5134 1.66856
637634841 96.1775 0.269842 5049 1.93136
637569309 97.2371 0.227035 5212 2.33515
637634845 98.6375 0.150353 5945 2.51135
637569421 96.2548 0.268702 4993 2.1306
637634957 94.5383 0.296863 5859 1.95493
637569425 0 0 5151 0
637634961 70.5143 0.638873 5094 1.27844
637569429 92.2507 0.400718 4452 1.53594
637634965 93.407 0.333982 5521 1.64644
637569433 90.5233 1.10153 707 1.43941
637634969 92.9664 0.3922 4251 1.60484
637569437 96.5456 0.256578 5066 2.03876
637634973 98.4623 0.161734 5788 2.20894
637569549 96.2483 0.268442 5011 1.9279
637635085 96.6724 0.235506 5800 1.9983
637569553 97.0647 0.237716 5042 1.9384
637635089 94.7368 2.95764 57 2.12121
637569557 95.1829 0.302731 5003 1.73928
637635093 93.6972 0.325642 5569 1.69927
637569561 90 0.421741 5060 1.50543
637635097 60.9869 0.67721 5188 1.41937
637569565 95.8951 0.282827 4921 2.2777
637635101 98.4942 0.159307 5844 2.65612
637569677 96.0346 0.270746 5195 1.86475
637635213 93.0419 0.339857 5605 2.02384
637569681 92.9129 0.358552 5122 1.57746
637635217 95.653 0.284698 5130 1.84173
637569685 92.336 0.370544 5154 1.58348
637635221 92.7429 0.347704 5567 1.63313
637569689 86.6613 0.480437 5008 1.68291
637635225 94.3143 0.318264 5294 1.76287
637569693 95.1906 0.30226 5011 1.7961
637635229 97.7486 0.193741 5863 1.97472
637569805 96.2891 0.264177 5120 1.67743
637635341 98.0119 0.184346 5734 2.085
637569809 97.3509 0.22837 4945 1.87456
637635345 97.7809 0.208279 5002 1.87636
637569813 94.4201 0.324027 5018 1.57063
637635349 89.7989 0.409228 5470 1.62646
637569817 96.3347 0.260308 5211 1.89563
637635353 97.57 0.21469 5144 1.91425
637569821 96.0511 0.268992 5242 2.06564
637635357 97.8119 0.19203 5804 2.12698
637569933 96.3394 0.259303 5245 2.07494
637635469 98.3148 0.169658 5756 2.33354
637569937 79.095 0.571585 5061 1.31767
637635473 80.8783 0.551865 5078 1.38091
637569941 97.253 0.229778 5060 1.83528
637635477 96.3527 0.249443 5648 1.96004
637569945 90.6136 0.41435 4954 1.63128
637635481 95.4302 0.294361 5033 1.67439
637569949 94.4571 0.315256 5268 1.87419
637635485 97.4773 0.205431 5827 2.12519
637570061 95.7023 0.283457 5119 1.88147
637635597 98.1582 0.178077 5701 2.17509
637570065 95.3352 0.29524 5102 1.76434
637635601 97.2255 0.232038 5010 2.0218
637570069 95.1126 0.307038 4931 1.63974
637635605 89.1598 0.414774 5618 1.87104
637570073 93.7676 0.342769 4974 1.47999
637635609 97.9922 0.195838 5130 1.80643
637570077 93.437 0.343045 5211 1.68666
637635613 97.8377 0.194432 5596 2.24104
637570189 88.5402 0.44469 5131 1.53934
637635725 97.3546 0.21602 5519 1.93866
637570193 91.5288 0.395455 4958 1.50537
637635729 96.8873 0.243748 5076 1.86817
637570197 95.0218 0.313242 4821 1.56346
637635733 92.1937 0.36972 5265 1.58681
637570201 84.0191 0.51661 5031 1.41573
637635737 84.8844 0.507843 4975 1.47525
637570205 96.5432 0.320941 3240 1.89025
637635741 97.9253 0.237066 3615 2.07242
637570317 93.2171 0.350051 5160 1.89654
637635853 97.9274 0.186458 5838 2.09157
637570321 96.7478 0.250555 5012 1.75463
637635857 96.5029 0.261187 4947 1.89891
637570325 93.6273 0.338932 5194 1.55811
637635861 92.3077 0.357235 5564 1.70714
637570329 74.4011 0.614061 5051 1.28987
637635865 86.8768 0.466674 5235 1.53445
637570333 95.497 0.286442 5241 1.71013
637635869 93.0892 0.333389 5788 1.68017
637570445 93.5791 0.348864 4937 1.60244
637635981 94.1475 0.31072 5707 1.78878
637570449 95.6 0.290048 5000 1.78468
637635985 95.2666 0.300101 5007 1.93582
637570453 96.4891 0.258489 5070 1.56595
637635989 97.7687 0.196548 5647 1.90236
637570457 96.9876 0.239842 5079 1.84417
637635993 98.075 0.19257 5091 1.97147
637570461 92.4667 0.366815 5177 1.66114
637635997 94.8565 0.292156 5716 1.73718
637567021 97.7653 0.184777 6399 1.7788
637632557 96.0435 0.296515 4322 2.18911
637567025 82.6953 0.612536 3814 1.28165
637599793 87.6225 0.576433 3264 1.38911
637632561 90.2468 0.587171 2553 1.47419
637567029 96.6678 0.336129 2851 1.65949
637599797 92.2633 0.453946 3464 1.51307
637632565 97.0579 0.298957 3195 1.60629
637567033 100 0 2 1
637599801 91.4231 0.545509 2635 1.44379
637632569 89.8292 0.588838 2635 1.64706
637567037 98.0338 0.172073 6510 1.85893
637632573 96.019 0.300968 4220 1.96141
637567149 97.2712 0.208257 6120 1.58758
637632685 59.9954 0.74348 4342 1.66724
637567153 85.9589 0.563875 3796 1.3593
637599921 94.1233 0.419179 3148 1.55415
637632689 92.0045 0.527967 2639 1.71765
637567157 94.0283 0.445437 2830 1.4332
637599925 95.661 0.324533 3941 1.63271
637632693 93.1892 0.433527 3377 1.57912
637567161 88.3086 0.523178 3772 1.43063
637599929 86.4971 0.594648 3303 1.42336
637632697 95.2783 0.415568 2605 1.57456
637567165 95.1786 0.271119 6243 1.51506
637632701 93.1612 0.384967 4299 1.76982
637567277 97.5434 0.191813 6513 1.94502
637632813 95.989 0.29706 4363 2.13339
637567281 97.3294 0.310505 2696 1.48489
637600049 95.2589 0.375328 3206 1.64141
637632817 95.5282 0.488653 1789 1.54948
637567285 85.2877 0.675979 2746 1.51371
637600053 94.7399 0.379512 3460 1.61638
637632821 83.9701 0.633877 3350 1.45914
637567289 94.4849 0.425143 2883 1.51771
637600057 94.9367 0.436059 2528 1.77038
637632825 92.1788 0.605104 1969 1.64548
637567293 96.6983 0.222985 6421 1.64831
637632829 94.7199 0.338842 4356 1.8811
637567405 94.8085 0.280829 6241 1.63403
637632941 95.3926 0.315836 4406 1.82965
637567409 87.4207 0.539088 3784 1.37091
637600177 92.9644 0.452242 3198 1.6303
637632945 95.4385 0.413756 2543 1.8394
637567413 93.5566 0.468452 2747 1.39309
637600181 90.0355 0.515049 3382 1.35412
637632949 88.0152 0.555287 3421 1.37662
637567417 81.9957 0.730563 2766 1.41844
637600185 90.4122 0.520309 3202 1.52698
637632953 93.8622 0.577572 1727 1.48588
637567421 95.9772 0.247284 6314 1.76639
637632957 96.0945 0.291922 4404 1.94228
637567533 1.61394 0.160087 6196 1.25342
637633069 95.3704 0.315774 4428 2.1578
637567537 94.6052 0.364713 3837 1.40251
637600305 95.5569 0.359451 3286 1.5385
637633073 94.4527 0.440196 2704 1.5735
637567541 92.2948 0.488099 2985 1.36021
637600309 93.7962 0.40693 3514 1.51311
637633077 64.3089 0.822477 3393 1.54046
637567545 94.5338 0.407622 3110 1.46007
637600313 94.9504 0.464939 2218 1.53524
637633081 90.8338 0.678046 1811 1.5628
637567549 97.4168 0.199701 6310 1.81883
637633085 95.6146 0.312743 4287 2.04178
637567661 94.6041 0.286316 6227 1.50858
637633197 95.7551 0.314903 4099 2.03475
637567665 79.2409 0.651711 3873 1.38722
637600433 85.4683 0.612558 3310 1.61765
637633201 93.4439 0.480451 2654 1.60152
637567669 90.8749 0.532357 2926 1.43063
637600437 91.8432 0.463045 3494 1.61384
637633205 91.9484 0.460574 3490 1.5561
637567673 92.9987 0.414759 3785 1.39313
637600441 94.6897 0.394008 3239 1.62113
637633209 87.6723 0.634455 2685 1.5496
637567677 92.4289 0.35602 5521 1.45306
637633213 89.7696 0.460009 4340 1.52216
637567789 96.8835 0.219673 6257 1.61999
637633325 68.4307 0.703503 4365 1.48384
637567793 95.931 0.324322 3711 1.58194
637600561 97.2721 0.291814 3116 1.60335
637633329 97.5582 0.301478 2621 1.78178
637567797 93.0601 0.481903 2781 1.6074
637600565 86.8291 0.575996 3447 1.35493
637633333 94.8463 0.378334 3415 1.52001
637567801 97.8334 0.267869 2954 1.62403
637600569 95.8852 0.385929 2649 1.76578
637633337 98.0705 0.354821 1503 1.91831
637567805 95.9949 0.246703 6317 1.60538
637633341 95.677 0.307578 4372 1.86161
637567917 90.48 0.370618 6271 1.47497
637633453 88.2598 0.489358 4327 1.6916
637567921 94.4608 0.374186 3737 1.52317
637600689 95.9685 0.349081 3175 1.68128
637633457 96.0091 0.381619 2631 1.79248
637567925 93.4738 0.455358 2942 1.47975
637600693 94.5112 0.385099 3498 1.79287
637633461 96.319 0.321836 3423 1.60879
637567929 93.68 0.397344 3750 1.48386
637600697 94.4288 0.405781 3195 1.58681
637633465 94.3307 0.458853 2540 1.5323
637567933 86.2184 0.433603 6320 1.33797
637633469 54.31 0.754237 4362 1.33816
637568045 97.6474 0.189814 6376 1.77974
637633581 95.0302 0.33118 4306 1.96989
637568049 95.1954 0.347483 3788 1.40669
637600817 93.9099 0.417318 3284 1.64715
637633585 97.4002 0.30889 2654 1.8055
637568053 95.4952 0.392178 2797 1.54716
637600821 94.6473 0.375814 3587 1.65969
637633589 95.3447 0.36163 3394 1.62362
637568057 92.0076 0.446353 3691 1.443
637600825 92.671 0.456373 3261 1.51141
637633593 95.1471 0.420045 2617 1.50756
637568061 73.5822 0.590649 5572 1.22543
637633597 87.2936 0.543571 3754 1.60077
637568173 97.6654 0.191599 6211 1.74993
637633709 95.8495 0.301204 4385 1.78592
637568177 97.9221 0.229892 3850 1.70447
637600945 95.9842 0.342442 3287 1.62516
637633713 97.6813 0.288726 2717 1.7597
637568181 92.4688 0.484966 2961 1.42133
637600949 93.3124 0.422312 3499 1.4445
637633717 87.7415 0.569869 3312 1.49449
637568185 93.986 0.397626 3575 1.41946
637600953 93.5135 0.439169 3145 1.50277
637633721 95.3672 0.407932 2655 1.53664
637568189 90.1832 0.37715 6224 1.55299
637633725 93.5879 0.376118 4242 1.78552
637568301 93.1264 0.318403 6314 1.49189
637633837 94.4406 0.347295 4353 1.91581
637568305 62.3387 0.794429 3720 1.17069
637601073 93.6862 0.434305 3136 1.62104
637633841 97.5124 0.304682 2613 1.66043
637568309 87.2193 0.620524 2895 1.35359
637601077 89.6096 0.522765 3407 1.4377
637633845 96.9589 0.296504 3354 1.69588
637568313 94.5369 0.366545 3844 1.45643
637601081 96.3445 0.330309 3228 1.57269
637633849 97.2665 0.317711 2634 1.69983
637568317 98.1418 0.168752 6404 2.05275
637633853 96.4362 0.284807 4237 2.26211
637568429 89.0453 0.394968 6253 1.3941
637633965 95.722 0.311102 4231 2.02476
637568433 93.271 0.409375 3745 1.44032
637601201 95.2308 0.373827 3250 1.74875
637633969 94.3289 0.44972 2645 1.67564
637568437 96.0189 0.359121 2964 1.53159
637601205 95.3694 0.348893 3628 1.68936
637633973 97.8185 0.249135 3438 1.69726
637568441 96.0393 0.322336 3661 1.45863
637601209 95.1603 0.376788 3244 1.62101
637633977 96.4602 0.35483 2712 1.91536
637568445 97.7749 0.187293 6202 1.89345
637633981 94.0476 0.361489 4284 1.78358
637569069 96.9821 0.330222 2684 1.63105
637601837 96.6898 0.286586 3897 1.64934
637634605 95.6688 0.363266 3140 1.8359
637569073 89.2548 0.420071 5435 1.44376
637634609 94.3309 0.342791 4551 1.59436
637569077 44.2876 0.743455 4464 1.11657
637634613 94.3343 0.32886 4942 1.77068
637569081 75 21.6506 4 1.26016
637634617 94.692 0.331348 4578 1.55037
637569085 74.2246 0.825867 2805 1.2182
637601853 52.9544 0.789781 3994 1.27444
637634621 86.9385 0.60146 3139 1.46941
637569197 94.3651 0.453017 2591 1.50381
637601965 89.4452 0.505471 3695 1.77584
637634733 93.6689 0.433274 3159 1.56909
637569201 93.4021 0.339872 5335 1.36181
637634737 88.5632 0.474273 4503 1.5618
637569205 95.2331 0.308758 4762 1.50133
637634741 94.5966 0.309675 5330 1.61096
637569209 93.0004 0.344471 5486 1.61364
637634745 78.4357 0.611318 4526 1.45091
637569213 93.0015 0.493548 2672 1.60365
637601981 89.9447 0.487922 3799 1.50146
637634749 93.7143 0.432439 3150 1.58834
637569325 96.2456 0.37592 2557 1.61403
637602093 95.8969 0.313755 3997 1.87777
637634861 95.0722 0.383469 3186 1.82608
637569329 93.2345 0.382295 4316 1.45293
637634865 93.611 0.393324 3866 1.55701
637569333 91.435 0.42069 4425 1.43976
637634869 66.0935 0.673326 4943 1.30183
637569337 88.911 0.495112 4022 1.44697
637634873 95.0325 0.373609 3382 1.83351
637569341 76.0425 0.831021 2638 1.63975
637602109 95.5473 0.325319 4020 1.83809
637634877 93.2144 0.44889 3139 1.87751
637569453 88.3787 0.646019 2461 1.55936
637602221 82.6908 0.608544 3865 1.42045
637634989 95.0448 0.388028 3128 1.67801
637569457 73.9524 0.602981 5298 1.17858
637634993 76.4812 0.635349 4456 1.35815
637569461 93.1971 0.377287 4454 1.67556
637634997 96.8623 0.248847 4908 1.69578
637569465 91.7452 0.412169 4458 1.34631
637635001 92.2779 0.444102 3613 1.41711
637569469 96.2505 0.385614 2427 1.57983
637602237 94.4258 0.368553 3875 1.60049
637635005 95.0664 0.385136 3162 1.65973
637569581 97.0297 0.331287 2626 1.65555
637602349 96.9886 0.275361 3852 1.97333
637635117 95.5006 0.368986 3156 1.91789
637569585 95.6129 0.275188 5539 1.51854
637635121 95.4298 0.302379 4770 1.62869
637569589 60.5223 0.721092 4595 1.16785
637635125 47.3853 0.706776 4991 1.32337
637569593 93.9909 0.350672 4593 1.41852
637635129 92.3077 0.474103 3159 1.50882
637569597 95.3962 0.407099 2650 1.54821
637602365 96.2462 0.303744 3916 1.78626
637635133 94.964 0.39546 3058 1.90619
637569709 95.621 0.397579 2649 1.5473
637602477 94.8778 0.355473 3846 1.66567
637635245 94.7973 0.408194 2960 1.67039
637569713 92.8899 0.347893 5457 1.41206
637635249 92.4073 0.392385 4557 1.52059
637569717 96.445 0.274295 4557 1.59001
637635253 87.3183 0.469526 5023 1.35709
637569721 91.7982 0.36962 5511 1.40625
637635257 93.982 0.352452 4553 1.56125
637569725 90.3906 0.582491 2560 1.55681
637602493 89.3649 0.533595 3338 1.47881
637635261 89.3456 0.548596 3163 1.44569
637569837 96.6082 0.35742 2565 1.51435
637602605 95.1065 0.343516 3944 1.52603
637635373 93.2416 0.444043 3196 1.53466
637569841 0 0 5267 0
637635377 97.8567 0.216396 4479 1.85042
637569845 92.601 0.394341 4406 1.5238
637635381 84.4637 0.513895 4969 1.5181
637569849 95.0855 0.335521 4151 1.5865
637635385 96.8975 0.313338 3062 1.67741
637569853 96.2054 0.368528 2688 1.47969
637602621 96.5589 0.29431 3836 1.74179
637635389 94.7186 0.39656 3181 1.67844
637569965 96.2443 0.370305 2636 1.55094
637602733 95.4652 0.335896 3837 1.75158
637635501 95.3052 0.374225 3195 1.81887
637569969 91.4688 0.377564 5474 1.55624
637635505 95.5336 0.306402 4545 1.84068
637569973 94.5244 0.336019 4584 1.57913
637635509 96.7167 0.252137 4995 1.93227
637569977 97.1349 0.227546 5375 1.68364
637635513 96.1582 0.288094 4451 1.73968
637569981 45.4266 0.976095 2602 1.47076
637602749 82.4787 0.610213 3881 1.28373
637635517 80.5143 0.697153 3228 1.24364
637570093 96.4933 0.361104 2595 1.4225
637602861 94.6117 0.359117 3953 1.48715
637635629 89.472 0.554102 3068 1.46914
637570097 94.4097 0.311534 5438 1.48877
637635633 94.8302 0.327709 4565 1.56084
637570101 96.4901 0.271723 4587 1.42925
637635637 94.5978 0.319762 4998 1.65116
637570105 75.335 0.592164 5299 1.35286
637635641 92.5796 0.388354 4555 1.58449
637570109 93.0263 0.533417 2280 1.43446
637602877 94.5539 0.386232 3452 1.55081
637635645 94.0594 0.452661 2727 1.61102
637570221 85.3448 0.700074 2552 1.34638
637602989 87.4477 0.535768 3824 1.46073
637635757 88.9734 0.557549 3156 1.38923
637570225 82.2392 0.516085 5484 1.3986
637635761 88.5874 0.466586 4644 1.56155
637570229 92.7092 0.381836 4636 1.45146
637635765 86.5377 0.489704 4858 1.651
637570233 96.9591 0.238969 5163 1.55744
637635769 96.4175 0.276379 4522 1.70191
637570237 93.2127 0.488428 2652 1.42967
637603005 93.9158 0.38545 3846 1.40838
637635773 86.9977 0.6079 3061 1.54247
637570349 97.1406 0.334467 2483 1.56402
637603117 96.4855 0.292814 3955 1.78573
637635885 94.5161 0.408899 3100 1.67697
637570353 95.2436 0.294172 5235 1.49583
637635889 94.3935 0.339776 4584 1.6381
637570357 82.328 0.570127 4476 1.26027
637635893 79.8219 0.570944 4941 1.41643
637570361 96.4154 0.252053 5440 1.51304
637635897 78.2947 0.615076 4492 1.53154
637570365 98.056 0.272239 2572 1.60007
637603133 95.1637 0.340483 3970 1.62514
637635901 94.0476 0.424403 3108 1.75848
637570477 96.006 0.380103 2654 1.5392
637603245 95.8869 0.318412 3890 1.6742
637636013 94.6024 0.403842 3131 1.6206
637570481 54.2367 0.676902 5417 1.2898
637636017 74.5242 0.640772 4624 1.36776
637570485 88.651 0.464155 4670 1.40138
637636021 89.1761 0.433094 5146 1.41842
637570489 96.8908 0.237539 5339 1.57702
637636025 94.7547 0.324878 4709 1.66956
637570493 93.6989 0.479207 2571 1.47589
637603261 93.5871 0.395546 3836 1.43255
637636029 69.8059 0.818907 3143 1.31472
637567053 97.5048 0.341678 2084 1.92997
637632589 98.4217 0.260958 2281 2.04482
637567057 98.4281 0.432539 827 2.36298
637632593 97.9859 0.315234 1986 2.12811
637567061 97.9751 0.320948 1926 1.67178
637632597 97.7706 0.318186 2153 1.70323
637567065 89.6902 0.669009 2066 1.32629
637632601 96.0651 0.445339 1906 1.48311
637567069 97.8703 0.314074 2113 1.63709
637632605 98.3857 0.26324 2292 1.65873
637567181 97.2093 0.794284 430 1.48239
637632717 93.0707 0.540447 2208 1.50153
637567185 87.7119 0.675797 2360 1.29025
637632721 88.7792 0.719369 1925 1.41495
637567189 97.1733 0.356769 2158 1.48397
637632725 65.1271 0.981 2360 1.32817
637567193 89.5114 0.628866 2374 1.27172
637632729 89.4377 0.704563 1903 1.35569
637567197 92.0208 0.58879 2118 1.36891
637632733 84.7846 0.768905 2182 1.26548
637567309 98.0057 0.304643 2106 1.67728
637632845 97.8651 0.298684 2342 1.69335
637567313 97.5976 0.375263 1665 1.45386
637632849 96.5278 0.459994 1584 1.62601
637567317 94.3957 0.507747 2052 1.40226
637632853 47.1063 1.08719 2108 1.20804
637567321 95.5962 0.418213 2407 1.35957
637632857 92.9361 0.561667 2081 1.43362
637567325 95.5224 0.453793 2077 1.36344
637632861 94.7204 0.473026 2235 1.37962
637567437 97.9198 0.32147 1971 1.68386
637632973 94.184 0.49696 2218 1.74058
637567441 93.1171 0.530077 2281 1.28319
637632977 96.1951 0.422542 2050 1.52952
637567445 96.033 0.443027 1941 1.39013
637632981 88.1769 0.685896 2216 1.3777
637567449 89.4678 0.726564 1785 1.25109
637632985 93.1035 0.640329 1566 1.35594
637567453 78.3881 0.932561 1948 1.20248
637632989 97.7183 0.312784 2279 1.60981
637567565 97.14 0.373361 1993 1.56977
637633101 96.677 0.377277 2257 1.76146
637567569 91.5892 0.570603 2366 1.31376
637633105 91.5663 0.610055 2075 1.39202
637567573 93.4547 0.548659 2032 1.30769
637633109 93.4112 0.536285 2140 1.38441
637567577 91.3413 0.579393 2356 1.26361
637633113 95.3299 0.475382 1970 1.42587
637567581 92.8571 0.539121 2282 1.47244
637633117 96.0235 0.415383 2213 1.58863
637567693 93.9514 0.530794 2017 1.4693
637633229 97.4672 0.328328 2290 1.56905
637567697 86.5033 0.696308 2408 1.23119
637633233 95.8436 0.443971 2021 1.48197
637567701 94.5293 0.50485 2029 1.36076
637633237 94.9214 0.465469 2225 1.44426
637567705 88.1314 0.655413 2435 1.31182
637633241 87.474 0.754645 1924 1.39107
637567709 93.3303 0.533264 2189 1.28271
637633245 95.9266 0.473479 1743 1.42762
637567821 89.101 0.698393 1991 1.39395
637633357 95.1049 0.451081 2288 1.4337
637567825 97.426 0.327998 2331 1.60437
637633361 97.8225 0.340518 1837 1.54785
637567829 92.0942 0.782525 1189 1.33935
637633365 100 0 5 1.16667
637567833 96.4162 0.386256 2316 1.52665
637633369 96.1661 0.44308 1878 1.4958
637567837 93.2749 0.552897 2052 1.31626
637633373 88.5384 0.671429 2251 1.47035
637567949 96.6085 0.404248 2005 1.78606
637633485 95.4237 0.444822 2207 1.68724
637567953 88.837 0.648783 2356 1.27607
637633489 93.6398 0.564196 1871 1.45667
637567957 96.0833 0.431948 2017 1.48925
637633493 95.949 0.420615 2197 1.46538
637567961 96.879 0.359539 2339 1.60342
637633497 81.698 0.871872 1967 1.4885
637567965 94.7848 0.500289 1975 1.45179
637633501 84.4887 0.753538 2308 1.3959
637568077 98.0139 0.310896 2014 1.76709
637633613 97.0588 0.351386 2312 1.83486
637568081 92.5682 0.550027 2274 1.30643
637633617 91.7282 0.611218 2031 1.41297
637568085 94.5418 0.508332 1997 1.50943
637633621 94.4907 0.490924 2160 1.58575
637568089 93.5784 0.515879 2258 1.37598
637633625 66.8737 1.07081 1932 1.42847
637568093 98.2473 0.28561 2111 1.66486
637633629 97.5779 0.319729 2312 1.83908
637568205 96.8023 0.387262 2064 1.43988
637633741 96.7014 0.372084 2304 1.63998
637568209 94.9904 0.478772 2076 1.44511
637633745 0 0 0 0
637568213 65.8282 1.03326 2107 1.18638
637633749 52.1779 1.06962 2181 1.33626
637568217 90.642 0.619248 2212 1.55162
637633753 94.5805 0.516824 1919 1.57331
637568221 94.5985 0.494219 2092 1.43715
637633757 97.4775 0.332808 2220 1.53675
637568333 95.9121 0.447601 1957 1.5
637633869 94.3878 0.474578 2352 1.59153
637568337 96.4487 0.385151 2309 1.45639
637633873 94.4615 0.51797 1950 1.57164
637568341 86.8213 0.751501 2026 1.26069
637633877 48.3182 1.0654 2200 1.31436
637568345 78.6878 0.848015 2332 1.22545
637633881 87.9837 0.733695 1964 1.38125
637568349 98.4733 0.29712 1703 1.95268
637633885 97.9288 0.328199 1883 1.87656
637568461 98.9593 0.220716 2114 2.21778
637633997 98.7007 0.239699 2232 2.25712
637568465 96.2581 0.3936 2325 1.40531
637634001 97.4632 0.354176 1971 1.60161
637568469 89.9087 0.660296 2081 1.35652
637634005 93.6097 0.508221 2316 1.63995
637568473 92.0984 0.560548 2316 1.27096
637634009 94.4019 0.502848 2090 1.58946
637568477 0 0 2129 0
637634013 0 0 2243 0
637571149 96.7841 0.3986 1959 1.67694
637636685 97.9339 0.323289 1936 1.81018
637571153 97.1091 0.607374 761 1.54842
637636689 94.6225 0.525728 1841 1.71379
637571157 97.6935 0.339846 1951 1.8457
637636693 98.5601 0.256736 2153 1.92649
637571161 95.0326 0.486684 1993 1.34183
637636697 95.5964 0.484409 1794 1.72818
637571165 83.9542 0.802073 2094 1.44678
637636701 93.5484 0.547287 2015 1.6367
637571277 92.25 1.33692 400 1.59459
637636813 97.8022 0.343663 1820 1.4611
637571281 97.9724 0.302565 2170 1.46853
637636817 97.0975 0.392863 1826 1.55459
637571285 91.0706 0.608671 2195 1.45636
637636821 94.5923 0.461281 2404 1.52231
637571289 82.4887 0.808464 2210 1.2744
637636825 47.4987 1.15821 1859 1.38087
637571293 91.2738 0.632008 1994 1.29769
637636829 94.8207 0.494543 2008 1.36804
637571405 98.203 0.292757 2059 1.63774
637636941 98.1132 0.307246 1961 1.78694
637571409 95.7644 0.518117 1511 1.44806
637636945 97.1014 0.430593 1518 1.56109
637571413 97.6203 0.354454 1849 1.67304
637636949 97.5621 0.337182 2092 1.81818
637571417 95.4779 0.448652 2145 1.40066
637636953 93.6567 0.562743 1876 1.44521
637571421 74.1568 0.954163 2105 1.20395
637636957 80.8994 0.883635 1979 1.27527
637571533 97.0677 0.379337 1978 1.49267
637637069 97.2222 0.366004 2016 1.67699
637571537 87.2225 0.6833 2387 1.48258
637637073 90.2076 0.685652 1879 1.42556
637571541 64.6324 1.04807 2081 1.1785
637637077 67.8233 0.991702 2219 1.40666
637571545 92.4016 0.624028 1803 1.21675
637637081 94.0661 0.613503 1483 1.34658
637571549 97.3487 0.359327 1999 1.46004
637637085 96.5622 0.409668 1978 1.4827
637571661 95.1245 0.495756 1887 1.55683
637637197 97.6975 0.34309 1911 1.71232
637571665 94.6389 0.474128 2257 1.58268
637637201 90.3961 0.686335 1843 1.5426
637571669 86.7745 1.04496 1051 1.3531
637637205 89.4239 0.901778 1163 1.32043
637571673 92.5926 0.556586 2214 1.3866
637637209 97.2742 0.376452 1871 1.55991
637571677 94.494 0.508011 2016 1.50608
637637213 96.2377 0.444322 1834 1.58288
637571789 95.1196 0.475985 2049 1.33824
637637325 97.619 0.346848 1932 1.65801
637571793 96.9331 0.371677 2152 1.45976
637637329 94.936 0.517235 1797 1.57577
637571797 97.178 0.375105 1949 1.46679
637637333 94.747 0.489754 2075 1.45563
637571801 90.3094 0.630999 2198 1.26431
637637337 93.3333 0.59041 1785 1.40103
637571805 96.9223 0.381737 2047 1.47263
637637341 97.4046 0.358684 1965 1.53642
637571917 72.0552 0.99619 2029 1.31473
637637453 84.9765 0.816063 1917 1.41906
637571921 95.6714 0.427688 2264 1.37912
637637457 96.2201 0.449631 1799 1.66176
637571925 93.6995 0.69055 1238 1.39355
637637461 100 0 5 2.16667
637571929 95.8502 0.42357 2217 1.50139
637637465 91.3601 0.663318 1794 1.45097
637571933 89.4407 0.674809 2074 1.32819
637637469 93.5349 0.561499 1918 1.63658
637572045 97.9622 0.311226 2061 1.50599
637637581 97.3131 0.357396 2047 1.67453
637572049 68.3216 0.975157 2276 1.17857
637637585 94.414 0.537425 1826 1.3676
637572053 96.9806 0.387118 1954 1.50557
637637589 96.4489 0.402703 2112 1.63068
637572057 93.7413 0.521533 2157 1.36154
637637593 93.2515 0.592435 1793 1.52905
637572061 94.0695 0.534053 1956 1.55486
637637597 97.4529 0.3556 1963 1.51073
637572173 62.912 1.07131 2033 1.18322
637637709 79.7024 0.927145 1882 1.35497
637572177 95.3932 0.45221 2149 1.42205
637637713 95.7288 0.467227 1873 1.52385
637572181 93.6888 0.537846 2044 1.50546
637637717 80.1939 0.856329 2166 1.55566
637572185 80.8165 0.873263 2033 1.34375
637637721 93.52 0.576877 1821 1.49095
637572189 96.9163 0.382473 2043 1.50399
637637725 98.1855 0.299663 1984 1.65289
637572301 97.4653 0.343723 2091 1.5093
637637837 97.7522 0.331288 2002 1.531
637572305 95.0838 0.511024 1790 1.44241
637637841 0 0 0 0
637572309 92.0064 0.623972 1889 1.36442
637637845 92.6923 0.570664 2080 1.60384
637572313 93.5145 0.537787 2097 1.39619
637637849 94.9754 0.510518 1831 1.63319
637572317 97.042 0.385954 1927 1.59938
637637853 97.8528 0.32775 1956 1.71114
637572429 94.0803 0.542547 1892 1.43624
637637965 95.4382 0.472388 1951 1.5868
637572433 0 0 2197 0
637637969 0 0 1808 0
637572437 91.7665 0.614025 2004 1.29028
637637973 86.2021 0.745868 2138 1.35579
637572441 95.5889 0.431273 2267 1.48467
637637977 93.3993 0.582329 1818 1.66836
637572445 92.1748 0.605398 1968 1.3408
637637981 96.6722 0.422407 1803 1.56473
637572557 98.2116 0.299588 1957 1.72568
637638093 96.6111 0.413163 1918 1.79079
637572561 97.6153 0.351231 1887 1.47602
637638097 97.9448 0.359565 1557 1.72901
637572565 94.1962 0.529895 1947 1.50693
637638101 97.5782 0.322582 2271 1.63644
637572569 89.9811 0.652721 2116 1.33146
637638105 86.8833 0.813275 1723 1.40852
637572573 98.322 0.294137 1907 1.64661
637638109 97.2177 0.384145 1833 1.73228
637567085 86.4865 5.62027 37 1.26471
637632621 100 0 17 1.47826
637567089 90.7407 1.39459 432 1.24439
637632625 78.7906 1.22809 1108 1.25
637567093 95.8494 0.619683 1036 1.46175
637632629 93.2651 0.731771 1173 1.43659
637567097 84.5295 1.44418 627 1.26094
637632633 35.0926 1.45226 1080 1.40901
637567101 85.1351 4.13541 74 1.49296
637632637 64.2857 7.39356 42 1.0303
637567213 86.3636 7.3165 22 1.3
637632749 83.3333 10.7583 12 1
637567217 49.6296 2.48445 405 1.15891
637632753 46.6912 1.51252 1088 1.23404
637567221 93.6399 0.763372 1022 1.34244
637632757 90.9006 0.876357 1077 1.41898
637567225 61.3772 1.88381 668 1.12215
637632761 66.1815 1.38428 1168 1.3015
637567229 86.5169 3.62035 89 1.35802
637632765 68.4211 10.6639 19 1.52174
637567341 95.0549 1.60708 182 1.30986
637632877 74.0143 1.85655 558 1.49576
637567345 91.1074 1.16592 596 1.22381
637632881 90.2364 0.951568 973 1.26931
637567349 91.6077 0.881675 989 1.28682
637632885 85.0294 1.11604 1022 1.36997
637567353 89.4428 1.17667 682 1.24313
637632889 89.6219 0.865029 1243 1.30769
637567357 48.4472 2.78505 322 1.48325
637632893 48.1564 1.67018 895 1.19084
637567469 91.129 2.55331 124 1.4403
637633005 95.6098 0.826148 615 1.67737
637567473 93.75 2.70633 80 1.51087
637633009 94.9704 0.840595 676 1.54111
637567477 95.7346 0.80318 633 1.31355
637633013 96.4687 0.739463 623 1.42768
637567481 94.9527 1.22957 317 1.23714
637633017 95.7333 0.737981 750 1.35393
637567485 95.1219 1.94228 123 1.39098
637633021 97.3597 0.651294 606 1.38644
637567597 93.7659 0.862379 786 1.33576
637633133 93.2039 0.715877 1236 1.49074
637567601 94.5024 0.601282 1437 1.29946
637633137 94.6163 0.561437 1616 1.49768
637567605 83.3878 0.951833 1529 1.19575
637633141 87.5524 0.807587 1671 1.24684
637567609 89.7255 0.805453 1421 1.31501
637633145 92.1002 0.683588 1557 1.36454
637567613 86.3469 1.20419 813 1.25516
637633149 92.5955 0.731021 1283 1.57002
637567725 90.293 1.26699 546 1.33026
637633261 80.2419 2.52841 248 1.5743
637567729 77.038 1.09623 1472 1.23977
637633265 84.6201 0.889469 1645 1.40774
637567733 93.0946 0.641117 1564 1.2838
637633269 91.5957 0.661164 1761 1.41062
637567737 83.7966 0.959445 1475 1.36612
637633273 89.7573 0.737782 1689 1.34393
637567741 89.3401 1.26942 591 1.33
637633277 91.3357 1.69023 277 1.61514
637567853 85.3333 4.08502 75 1.50725
637633389 90 9.48683 10 1.35714
637567857 0 0 1365 0
637633393 0 0 1598 0
637567861 96.6316 0.585344 950 1.46828
637633397 75 21.6506 4 1.25
637567865 93.5319 0.717545 1175 1.39318
637633401 93.5342 0.616152 1593 1.63286
637567869 80.6452 4.09678 93 1.225
637633405 87.5 11.6927 8 1.33333
637567981 93.4664 1.05276 551 1.34864
637633517 91.6201 2.07104 179 1.55462
637567985 91.4073 0.728984 1478 1.31562
637633521 92.5462 0.641359 1677 1.41355
637567989 85.4859 0.87354 1626 1.26555
637633525 79.0868 0.965574 1774 1.37349
637567993 91.3265 0.759833 1372 1.30077
637633529 88.8889 0.768112 1674 1.3843
637567997 92.8196 1.08038 571 1.44097
637633533 95.8333 1.35965 216 1.74638
637568109 92.9677 0.958918 711 1.37468
637633645 92.4627 0.721172 1340 1.47687
637568113 89.2896 1.02233 915 1.22292
637633649 75.3202 1.25993 1171 1.31157
637568117 86.6269 0.83164 1675 1.27675
637633653 89.5798 0.723142 1785 1.43313
637568121 91.3043 0.928972 920 1.54812
637633657 93.0451 0.779868 1064 1.4577
637568125 92.4303 0.963939 753 1.42755
637633661 91.3011 0.775096 1322 1.54253
637568237 88.6819 1.19916 698 1.31831
637633773 93.6027 0.635009 1485 1.45484
637568241 79.8673 1.08895 1356 1.36312
637633777 89.4807 1.11954 751 1.39384
637568245 91.3804 0.689046 1659 1.28165
637633781 90.0836 0.705453 1795 1.39612
637568249 84.4961 1.06224 1161 1.24122
637633785 62.0386 1.13911 1815 1.24666
637568253 88.7955 1.18044 714 1.40161
637633789 93.5013 0.634776 1508 1.5325
637568365 95.1253 0.803633 718 1.31931
637633901 95.0645 0.596871 1317 1.47686
637568369 87.3913 0.893572 1380 1.37693
637633905 88.5965 0.768651 1710 1.40367
637568373 85.7751 0.861237 1645 1.21996
637633909 86.203 0.816728 1783 1.36602
637568377 89.4737 0.812977 1425 1.3155
637633913 93.432 0.602591 1690 1.44715
637568381 93.5764 1.02155 576 1.43056
637633917 85.1 1.12605 1000 1.48024
637568493 91.5205 1.50637 342 1.3079
637634029 95.1667 0.875569 600 1.4387
637568497 97.5352 0.650574 568 1.38905
637634033 96.9697 0.585217 858 1.36926
637568501 72.1795 1.60451 780 1.11994
637634037 66.2244 1.64261 829 1.37188
637568505 92.845 1.06381 587 1.37577
637634041 94.6488 0.751425 897 1.39615
637568509 93.6556 1.33983 331 1.31198
637634045 92.953 1.04836 596 1.29457
637571181 77.4648 4.95854 71 1.34483
637636717 100 0 16 1.44444
637571185 95.935 1.02803 369 1.3299
637636721 94.4909 0.602503 1434 1.44491
637571189 93.434 0.634677 1523 1.39029
637636725 92.1513 0.639057 1771 1.39989
637571193 72.9663 1.27312 1217 1.17357
637636729 65.1015 1.20066 1576 1.25544
637571197 72.5 4.99218 80 1.5
637636733 100 0 13 1.35294
637571309 0 0 0 0
637636845 98.2759 1.70921 58 1.2069
637571313 0 0 1406 0
637636849 0 0 1618 0
637571317 90.0383 0.756805 1566 1.26346
637636853 92.8837 0.639554 1616 1.39822
637571321 85.3064 0.934281 1436 1.26997
637636857 88.5886 0.779204 1665 1.34961
637571325 76.3492 1.69299 630 1.3055
637636861 71.4286 2.97232 231 1.25764
637571437 94.9807 0.783302 777 1.43524
637636973 95.6489 0.563645 1310 1.58589
637571441 95.8333 0.75744 696 1.31918
637636977 95.0856 0.589866 1343 1.42361
637571445 91.8471 0.690618 1570 1.23234
637636981 89.0671 0.760648 1683 1.30664
637571449 91.9795 0.793381 1172 1.32603
637636985 91.5361 0.696951 1595 1.3297
637571453 93.4844 0.928846 706 1.39687
637636989 95.4327 0.590978 1248 1.63982
637571565 97.0803 0.719192 548 1.49169
637637101 96.5842 0.623368 849 1.5
637571569 94.7619 0.768713 840 1.35969
637637105 97.5773 0.444406 1197 1.43821
637571573 91.9103 0.851283 1026 1.32364
637637109 95.9684 0.582314 1141 1.3748
637571577 0 0 628 0
637637113 0 0 1020 0
637571581 95.2294 0.91301 545 1.38731
637637117 97.4178 0.543364 852 1.50054
637571693 96.7836 0.95405 342 1.40992
637637229 94.9686 0.77527 795 1.61306
637571697 96.0106 0.713678 752 1.3879
637637233 93.0356 0.700351 1321 1.38429
637571701 88.9076 1.28743 595 1.2309
637637237 83.0372 1.50848 619 1.25874
637571705 89.1421 1.13906 746 1.33808
637637241 91.7752 0.784016 1228 1.47312
637571709 93.154 1.2487 409 1.31377
637637245 93.0539 0.879822 835 1.43005
637571821 84.6154 3.33561 117 1.38938
637637357 87.5 6.75077 24 1.82143
637571825 87.9617 1.20357 731 1.29762
637637361 82.7528 1.10119 1177 1.40243
637571829 91.9037 0.902269 914 1.32806
637637365 84.802 1.28297 783 1.3359
637571833 81.25 1.40842 768 1.2879
637637369 82.7338 1.13341 1112 1.2753
637571837 0 0 131 0
637637373 0 0 18 0
637571949 93.8462 2.98075 65 1.34848
637637485 100 0 25 1.6
637571953 98.2385 0.484235 738 1.60434
637637489 97.7411 0.437975 1151 1.69507
637571957 98.6667 0.441471 675 1.99578
637637493 97.2549 1.02321 255 2.28063
637571961 95.2381 0.774524 756 1.37794
637637497 95.6558 0.589201 1197 1.66155
637571965 83.5616 4.33782 73 1.30882
637637501 91.6667 5.64169 24 1.51852
637572077 95.338 1.01787 429 1.53027
637637613 96.5986 0.747521 588 1.55687
637572081 90.6294 1.08985 715 1.40341
637637617 85.4935 1.21437 841 1.5796
637572085 92.5781 0.945868 768 1.34453
637637621 90.5972 1.0404 787 1.44343
637572089 90.1929 1.19251 622 1.28221
637637625 89.1741 1.038 896 1.35784
637572093 0 0 414 0
637637629 0 0 557 0
637572333 86.7073 1.18557 820 1.23333
637637869 92.6709 0.691841 1419 1.40798
637572337 77.5271 1.25397 1108 1.23785
637637873 74.4479 2.44968 317 1.71535
637572341 91.6329 0.719264 1482 1.29003
637637877 82.1632 0.96279 1581 1.45828
637572345 95.5069 0.703121 868 1.35463
637637881 95.1177 0.636299 1147 1.56939
637572349 91.129 1.04238 744 1.36598
637637885 90.9924 0.790992 1310 1.535
637572589 95.8042 0.838304 572 1.28667
637638125 96.6507 1.24453 209 1.76136
637572593 91.4163 1.05952 699 1.35618
637638129 93.8169 0.830513 841 1.42558
637572597 91.1004 0.698231 1663 1.32911
637638133 91.0125 0.665484 1847 1.62035
637572601 86.0632 0.928262 1392 1.25559
637638137 88.0261 0.790435 1687 1.48045
637572605 94.386 0.964171 570 1.35103
637638141 87.1134 2.40553 194 1.675
637575661 96.595 0.76775 558 1.40822
637641197 97.2079 0.529793 967 1.53915
637575665 98.0769 0.397115 1196 1.44402
637641201 96.7188 0.497932 1280 1.39552
637575669 95.1968 0.600029 1270 1.29661
637641205 89.6285 0.848229 1292 1.45448
637575673 94.1558 0.945136 616 1.28239
637641209 69.6177 1.45874 994 1.22717
637575677 96 0.835573 550 1.46308
637641213 94.3333 0.770682 900 1.38641
637579757 94.7917 2.26777 96 1.65
637645293 81.0742 1.98098 391 1.55501
637579761 96.7273 1.07291 275 1.38329
637645297 95.1705 0.808012 704 1.40494
637579765 95.2577 0.9651 485 1.35135
637645301 94.4751 0.980437 543 1.59646
637579769 0 0 109 0
637645305 0 0 459 0
637579773 94.6903 2.10936 113 1.575
637645309 97.4596 0.756172 433 1.61847
