637566980 15.9519 0.659988 3078 1.17163
637599748 6.97544 0.348818 5333 1.34599
637632516 10.6106 0.349901 7747 1.23517
637566982 42.5413 0.898177 3030 1.16008
637599750 18.7803 0.543433 5165 1.18881
637632518 14.624 0.384505 8445 1.18338
637566984 6.66667 2.43432 105 1.18182
637599752 9.76331 1.14161 676 1.16154
637632520 12.1248 1.13096 833 1.16216
637566986 23.5849 4.12338 106 1.24444
637599754 14.2857 1.24974 784 1.13669
637632522 17.5368 1.39138 747 1.14286
637567108 40.034 0.902868 2945 1.15642
637599876 28.7416 0.637594 5038 1.16137
637632644 27.8847 0.513207 7635 1.20649
637567110 30.2318 0.835713 3020 1.15121
637599878 26.5026 0.604869 5324 1.12292
637632646 25.0545 0.464335 8709 1.16507
637567112 16.1905 3.59486 105 1.2
637599880 19.8917 1.46843 739 1.14216
637632648 20.1307 1.44974 765 1.23137
637567114 33.945 4.53552 109 1.24286
637599882 16.1783 1.31435 785 1.10959
637632650 24.5983 1.51415 809 1.10769
637567236 27.1236 0.805172 3049 1.15715
637600004 33.0458 0.651233 5217 1.16598
637632772 27.9906 0.512495 7674 1.16988
637567238 9.68617 0.582183 2581 1.36526
637600006 8.78144 0.416754 4612 1.18074
637632774 6.77835 0.285358 7760 1.31646
637567240 18.4466 3.82174 103 1
637600008 7.57363 0.990844 713 1.09412
637632776 4.59921 0.759321 761 1.19048
637567242 16.3793 3.43618 116 1.09091
637600010 25.0336 1.58928 743 1.12602
637632778 17.1651 1.35978 769 1.10695
637567364 31.0894 0.834693 3075 1.16548
637600132 23.9044 0.601959 5020 1.17829
637632900 27.1676 0.509846 7612 1.17262
637567366 27.0068 0.81885 2940 1.28173
637600134 22.6571 0.608863 4727 1.2081
637632902 17.5999 0.422924 8108 1.17898
637567368 2.72727 1.55297 110 1.5
637600136 2.22513 0.533636 764 1.38462
637632904 2.6178 0.577646 764 1.28571
637567370 8.24742 2.79307 97 1.09091
637600138 5.27859 0.856231 682 1.38636
637632906 5.79531 0.820473 811 1.1791
637567492 8.78402 0.525362 2903 1.21296
637600260 15.032 0.498053 5149 1.14841
637633028 19.7011 0.461554 7426 1.14619
637567494 4.13306 0.364883 2976 1.36517
637600262 25.2956 0.605219 5159 1.26027
637633030 31.1149 0.49507 8745 1.36082
637567496 5.26316 2.29098 95 1.16667
637600264 1.57978 0.495608 633 1.35714
637633032 3.21716 0.64605 746 1.38889
637567498 0 0 110 0
637600266 0 0 740 0
637633034 0 0 732 0
637567620 10.1509 0.559262 2916 1.34817
637600388 7.92079 0.38389 4949 1.18689
637633156 9.45648 0.333269 7709 1.21682
637567622 14.2441 0.66708 2745 1.21976
637600390 8.6277 0.410818 4671 1.1844
637633158 8.84275 0.321409 7803 1.22312
637567624 0 0 113 2
637600392 2.56776 0.597406 701 1.17857
637633160 1.96078 0.485366 816 1.78125
637567626 10.5263 3.14865 95 1.83333
637600394 4.37853 0.768998 708 1.23529
637633162 3.97022 0.687769 806 1.36585
637571076 6.47759 0.460559 2856 1.3025
637603844 14.8942 0.590197 3639 1.20291
637636612 13.32 0.458674 5488 1.25634
637571078 31.6171 0.908068 2622 1.16836
637603846 15.4593 0.602277 3603 1.149
637636614 18.5226 0.486514 6376 1.16232
637571080 19.1011 4.16683 89 1
637603848 6.20321 0.788854 935 1.20238
637636616 11.2432 1.03867 925 1.18978
637571082 18.2796 4.00781 93 1.08
637603850 9.4693 0.944485 961 1.26496
637636618 10.1974 1.00205 912 1.2
637571204 45.8688 0.959138 2699 1.41183
637603972 55.9524 0.878697 3192 1.61202
637636740 51.1156 0.711932 4930 1.57872
637571206 32.4435 0.901481 2697 1.11315
637603974 28.5756 0.770268 3440 1.13739
637636742 27.3689 0.552077 6522 1.16152
637571208 37.5 4.74722 104 1
637603976 26.3692 1.40326 986 1.10645
637636744 28 1.4763 925 1.0848
637571210 50 5.39164 86 1.0625
637603978 30.7542 1.44423 1021 1.10811
637636746 35.9302 1.63609 860 1.10251
637571332 14.6535 0.688145 2641 1.16864
637604100 17.0823 0.637156 3489 1.1942
637636868 14.8277 0.493147 5193 1.23256
637571334 29.5397 0.868559 2759 1.23348
637604102 63.8371 0.813659 3487 1.38207
637636870 68.7643 0.553618 7008 1.54573
637571336 4.25532 2.0819 94 1
637604104 22.6078 1.3564 951 1.14634
637636872 24.4469 1.4294 904 1.15845
637571338 11.1111 3.02406 108 1.41667
637604106 6.81363 0.797627 998 1.10127
637636874 3.89064 0.627051 951 1.28169
637571460 17.1161 0.744564 2559 1.19646
637604228 12.2653 0.56192 3408 1.26496
637636996 18.5342 0.526642 5444 1.28467
637571462 13.8072 0.66551 2687 1.2277
637604230 10.5893 0.525542 3428 1.18959
637636998 8.86567 0.347264 6700 1.16308
637571464 27.6786 4.22762 112 1.17143
637604232 8.10157 0.948825 827 1.18947
637637000 6.70795 0.803628 969 1.30864
637571466 14.5631 3.47561 103 1.3
637604234 4.65608 0.685395 945 1.13514
637637002 5.52326 0.711083 1032 1.55224
637571588 1.73433 0.259183 2537 1.28788
637604356 1.45754 0.213331 3156 1.26133
637637124 2.48523 0.222189 4909 1.54795
637571590 7.53121 0.529592 2483 1.39416
637604358 11.0167 0.555483 3177 1.15112
637637126 19.0106 0.521559 5660 1.16795
637571592 5.55556 2.41452 90 1
637604360 2.8451 0.539695 949 1.33333
637637128 2.48963 0.501827 964 1.66667
637571594 1.1236 1.11727 89 2.5
637604362 3.01142 0.550723 963 1.09677
637637130 2.71801 0.547219 883 1.30303
637571716 12.179 0.645117 2570 1.21628
637604484 12.278 0.579339 3209 1.18142
637637252 13.4379 0.483736 4971 1.19572
637571718 12.5953 0.664523 2493 1.22495
637604486 19.1476 0.701717 3144 1.15713
637637254 18.804 0.498786 6137 1.1627
637571720 5.49451 2.38876 91 1
637604488 1.2945 0.371263 927 1.42308
637637256 4.21622 0.660749 925 1.46875
637571722 4.21053 2.06047 95 1.18182
637604490 4.1498 0.6345 988 1.65957
637637258 5.51876 0.758629 906 1.35088
637575172 14.9202 0.663672 2882 1.23132
637607940 6.40973 0.351621 4852 1.3381
637640708 3.79381 0.223987 7275 1.41138
637575174 32.8252 0.864269 2952 1.15072
637607942 24.243 0.597058 5152 1.1514
637640710 34.8456 0.521313 8354 1.16734
637575176 16.1017 3.38354 118 1.13043
637607944 9.02022 1.12973 643 1.10577
637640712 10.5263 1.26453 589 1.11224
637575178 24.0385 4.19019 104 1.18605
637607946 5.00642 0.781343 779 1.24
637640714 10.687 1.20716 655 1.21212
637575300 39.0293 0.889441 3008 1.17626
637608068 27.1337 0.618584 5167 1.1737
637640836 26.5529 0.506067 7615 1.20699
637575302 21.2354 0.747304 2995 1.13476
637608070 15.1806 0.492152 5316 1.18739
637640838 13.9266 0.374389 8552 1.18284
637575304 39.4231 4.79195 104 1.10204
637608072 35.9684 1.74195 759 1.1404
637640840 37.554 1.83691 695 1.11658
637575306 27.6786 4.22762 112 1.03846
637608074 37.2203 1.659 849 1.12668
637640842 36.7707 1.77614 737 1.14066
637575428 32.3816 0.857615 2977 1.28807
637608196 43.5392 0.69639 5069 1.19349
637640964 45.2583 0.564238 7782 1.22836
637575430 21.4944 0.758761 2931 1.28064
637608198 19.0728 0.57161 4724 1.45066
637640966 14.4732 0.387847 8229 1.42603
637575432 3.15789 1.79419 95 1.66667
637608200 7.1656 1.0292 628 1.37705
637640968 11.2116 1.34168 553 1.34568
637575434 15.9091 3.89902 88 1.04
637608202 13.5566 1.36712 627 1.16667
637640970 8.63836 1.07495 683 1.09375
637575556 7.16981 0.477836 2915 1.23954
637608324 5.31268 0.314033 5101 1.38404
637641092 5.9387 0.276472 7308 1.33754
637575558 3.36015 0.39202 2113 1.46721
637608326 2.46719 0.251313 3810 1.27474
637641094 3.79856 0.250619 5818 1.38658
637575560 9.67742 3.06575 93 1.27273
637608328 4.83384 0.833601 662 1.13333
637641096 6.41628 0.969374 639 1.24615
637575562 3.33333 1.89215 90 1.6
637608330 7.25076 1.0079 662 1.27778
637641098 10.6667 1.18814 675 1.23077
637575684 15.0802 0.675681 2805 1.16477
637608452 13.5267 0.487045 4931 1.20748
637641220 17.4419 0.443831 7310 1.21719
637575686 14.5417 0.654389 2902 1.37135
637608454 8.15185 0.386777 5005 1.32879
637641222 8.90993 0.313879 8238 1.30279
637575688 2.67857 1.52562 112 1.11111
637608456 4 0.740656 700 1.4
637641224 6.67727 0.995331 629 1.16327
637575690 1.07527 1.06947 93 1.42857
637608458 3.30124 0.662646 727 1.62963
637641226 4.02685 0.805257 596 1.09677
637575812 4.28517 0.394383 2637 1.43195
637608580 9.47278 0.428702 4666 1.16926
637641348 10.9323 0.375738 6897 1.32218
637575814 8.5676 0.512023 2988 1.27441
637608582 9.30902 0.402546 5210 1.14663
637641350 8.88195 0.317962 8005 1.23202
637575816 19.1304 3.6678 115 1.13043
637608584 3.51105 0.663734 769 1.125
637641352 7.97721 1.0226 702 1.30986
637575818 7.27273 2.47603 110 1.5
637608586 1.88425 0.498821 743 1.23529
637641354 1.97568 0.542516 658 1.76471
637579268 15.973 0.7094 2667 1.16839
637612036 7.78407 0.46269 3353 1.27354
637644804 8.26241 0.366596 5640 1.49372
637579270 64.8155 0.912804 2737 1.37035
637612038 12.4507 0.554127 3550 1.35415
637644806 46.7223 0.608988 6712 1.32567
637579272 13 3.36303 100 1.39474
637612040 8.30918 0.857969 1035 1.11765
637644808 13.4534 1.11059 944 1.15686
637579274 25.4386 4.07898 114 1.24444
637612042 12.9482 1.05956 1004 1.08966
637644810 9.48571 0.99058 875 1.14563
637579396 22.3787 0.802243 2699 1.22635
637612164 21.6381 0.701768 3443 1.27691
637644932 14.3576 0.48778 5168 1.30591
637579398 26.6281 0.840748 2764 1.26307
637612166 31.0289 0.763215 3674 1.238
637644934 40.2824 0.604363 6586 1.29212
637579400 0 0 121 0
637612168 26.2425 1.3871 1006 1.10843
637644936 22.9432 1.43129 863 1.10714
637579402 44.3396 4.82521 106 1.07547
637612170 18.6802 1.24185 985 1.09174
637644938 20.6858 1.34719 904 1.13469
637579524 10.2475 0.596373 2586 1.25219
637612292 10.2436 0.519485 3407 1.34363
637645060 12.629 0.455036 5329 1.40857
637579526 28.1022 0.858722 2740 1.27568
637612294 17.3625 0.629825 3617 1.2605
637645062 19.9018 0.466311 7331 1.27052
637579528 30 4.58258 100 1.27273
637612296 12.9843 1.08769 955 1.19271
637645064 16.8317 1.31625 808 1.21965
637579530 6.18557 2.4459 97 1.22222
637612298 5.37281 0.74664 912 1.21538
637645066 7.98526 0.950082 814 1.16304
637579652 7.79468 0.522756 2630 1.5036
637612420 9.19171 0.493519 3427 1.24063
637645188 11.8753 0.439291 5423 1.26782
637579654 7.32601 0.498691 2730 1.3178
637612422 12.5747 0.559248 3515 1.18717
637645190 11.3477 0.391187 6574 1.29657
637579656 1.03093 1.0256 97 2
637612424 2.61438 0.576901 765 1.31818
637645192 3.33778 0.656321 749 1.59259
637579658 5.45455 2.16523 110 1.83333
637612426 4.68432 0.674294 982 1.09333
637645194 7.35294 0.87785 884 1.5
637579780 2.30235 0.31259 2302 1.34343
637612548 3.63575 0.345032 2943 1.24912
637645316 6.23561 0.349776 4779 1.35904
637579782 12.015 0.664098 2397 1.2095
637612550 7.60456 0.49282 2893 1.24607
637645318 7.42515 0.342931 5845 1.28333
637579784 1.16279 1.15601 86 1
637612552 1.43172 0.394234 908 1
637645320 2.29358 0.506944 872 1.375
637579786 4.25532 2.0819 94 1.16667
637612554 3.95604 0.646167 910 1.38462
637645322 3.30369 0.637114 787 1.11429
637579908 5.92536 0.463117 2599 1.32848
637612676 7.84433 0.468821 3289 1.42485
637645444 4.86891 0.302165 5073 1.48058
637579910 13.2035 0.642982 2772 1.20552
637612678 18.0407 0.646102 3542 1.25771
637645446 13.1322 0.410734 6762 1.26948
637579912 2.7027 1.53918 111 1.5
637612680 1.41414 0.375263 990 1.56522
637645448 1.76166 0.423485 965 2.875
637579914 5.94059 2.3521 101 1
637612682 3.43035 0.586816 962 1.58333
637645450 4.22993 0.662852 922 1.14286
637583364 42.6576 0.912919 2935 1.15906
637616132 33.5144 0.65739 5156 1.14448
637648900 38.3916 0.554341 7697 1.29278
637583366 42.488 1.03457 2283 1.20964
637616134 36.5246 0.771411 3896 1.15871
637648902 26.7653 0.549739 6486 1.19816
637583368 22.0779 4.72676 77 1.72222
637616136 8.21018 1.11241 609 1.10227
637648904 5.51282 0.817196 780 1.13333
637583370 26.5306 4.45978 98 1.15909
637616138 13.0898 1.31589 657 1.14151
637648906 10.5398 1.10089 778 1.312
637583492 37.3389 0.868198 3104 1.16162
637616260 33.7972 0.653077 5246 1.14208
637649028 25.9066 0.49421 7859 1.16741
637583494 20.2576 0.721287 3105 1.21728
637616262 2.26349 0.206878 5169 1.34651
637649030 1.57159 0.134194 8590 1.80178
637583496 3.92157 1.92195 102 1
637616264 8.93119 1.09126 683 1.34667
637649032 6.50118 0.847645 846 1.69333
637583498 29.8507 5.59051 67 1.34211
637616266 39.4636 2.1393 522 1.0795
637649034 38.5113 1.95748 618 1.12625
637583620 29.5971 0.873652 2730 1.17324
637616388 26.1148 0.664251 4373 1.13046
637649156 16.7983 0.484541 5953 1.15414
637583622 10.7272 0.561355 3039 1.33304
637616390 24.4202 0.594794 5217 1.65358
637649158 6.66745 0.270511 8504 1.81905
637583624 10 2.86039 110 1
637616392 5.01475 0.838181 678 1.05682
637649160 4.52381 0.717068 840 1.32258
637583626 14.1304 3.63165 92 1.16667
637616394 11.6519 1.2322 678 1.11111
637649162 10.1183 1.09319 761 1.31897
637583748 6.42037 0.464221 2788 1.53571
637616516 14.7713 0.509275 4854 1.22403
637649284 15.8097 0.427208 7293 1.1828
637583750 3.49627 0.338421 2946 1.5736
637616518 4.56621 0.294133 5037 1.29875
637649286 5.07754 0.235303 8705 1.7348
637583752 4.9505 2.15843 101 1
637616520 2.42792 0.599566 659 1.26087
637649288 2.05811 0.494002 826 1.80952
637583754 6.38298 2.5213 94 1.3
637616522 3.02572 0.666257 661 1.3913
637649290 5.21739 0.783778 805 1.23529
637583876 4.56218 0.400241 2718 1.4375
637616644 4.00794 0.276289 5040 1.3758
637649412 2.50926 0.183148 7293 1.40523
637583878 3.93621 0.358203 2947 1.34808
637616646 0 0 4637 0
637649414 11.377 0.375626 7146 1.35714
637583880 9.43396 2.83907 106 1.28205
637616648 2.7439 0.637809 656 1.45
637649416 4.44727 0.73482 787 1.11321
637583882 3.15789 1.79419 95 1.25
637616650 3.49418 0.749052 601 1.19231
637649418 2.90621 0.610536 757 1.35484
637584004 15.9309 0.654552 3126 1.16512
637616772 20.1971 0.558137 5174 1.17049
637649540 14.1666 0.404463 7433 1.2
637584006 0 0 3002 0
637616774 0 0 5071 0
637649542 0 0 8035 0
637584008 7.14286 2.60154 98 1.33333
637616776 8.11209 1.04853 678 1.22353
637649544 13.0852 1.16846 833 1.18301
637584010 7.36842 2.68043 95 1.77778
637616778 5.01567 0.864132 638 1.25714
637649546 4.56853 0.743825 788 1.5
637587460 23.563 0.828013 2627 1.20759
637620228 23.9453 0.720515 3508 1.28899
637652996 39.6568 0.675461 5245 1.21238
637587462 26.6062 0.859065 2646 1.24433
637620230 24.4257 0.732647 3439 1.28286
637652998 34.0418 0.613016 5975 1.36204
637587464 32.7103 4.53549 107 1.17949
637620232 17.0956 1.14134 1088 1.10138
637653000 18.0169 1.33644 827 1.17391
637587466 12.6316 3.40835 95 1.16129
637620234 15.6881 1.10158 1090 1.15228
637653002 29.5042 1.58588 827 1.16
637587588 38.9423 0.93773 2704 1.18775
637620356 24.3902 0.749825 3280 1.27162
637653124 39.5539 0.690055 5021 1.19132
637587590 49.448 0.975469 2627 1.17941
637620358 44.1718 0.848782 3423 1.2721
637653126 47.92 0.629495 6298 1.25057
637587592 10.7843 3.07126 102 1.41667
637620360 11.7278 0.962707 1117 1.11364
637653128 7.59952 0.92035 829 1.26582
637587594 17.1717 3.79034 99 1
637620362 13.2662 1.02602 1093 1.19412
637653130 11.2113 1.1326 776 1.07914
637587716 20.1258 0.771182 2703 1.18462
637620484 21.2849 0.684106 3580 1.17701
637653252 16.9118 0.51471 5304 1.17729
637587718 30.8194 0.87924 2758 1.15914
637620486 19.3404 0.660299 3578 1.18844
637653254 18.7547 0.476995 6697 1.16748
637587720 27.3684 4.57431 95 1.28571
637620488 13.1042 1.10594 931 1.19079
637653256 20.7572 1.46538 766 1.11628
637587722 30.2083 4.68629 96 1.26
637620490 9.17516 0.878817 1079 1.15385
637653258 14.1802 1.34073 677 1.33858
637587844 4.9501 0.43339 2505 1.34328
637620612 3.01035 0.302582 3189 1.27304
637653380 3.03152 0.242933 4981 1.33145
637587846 4.36508 0.407009 2520 1.23256
637620614 6.22496 0.424135 3245 1.33408
637653382 5.90611 0.305794 5943 1.23037
637587848 8.57143 3.34594 70 1.25
637620616 2.47027 0.469494 1093 1.67647
637653384 2.55376 0.578344 744 1.08696
637587850 6.54206 2.39042 107 1.21739
637620618 4.58716 0.708463 872 1.575
637653386 4.69799 0.775227 745 1.7561
637587972 3.28975 0.366313 2371 1.43774
637620740 7.93703 0.489545 3049 1.33188
637653508 7.36568 0.384467 4616 1.55433
637587974 11.1609 0.635515 2455 1.17961
637620742 15.1662 0.644335 3099 1.19103
637653510 12.4395 0.433802 5788 1.20321
637587976 6.31579 2.49566 95 1
637620744 1.91956 0.414843 1094 2.03125
637653512 2.92249 0.600411 787 1.35294
637587978 3.63636 1.78482 110 1.8
637620746 2.17822 0.459312 1010 1.17241
637653514 3.77113 0.68695 769 1.08108
637588100 9.60536 0.568559 2686 1.25203
637620868 8.11594 0.464922 3450 1.31053
637653636 6.62498 0.347696 5117 1.4208
637588102 24.0156 0.804566 2819 1.24958
637620870 10.0257 0.507599 3501 1.20298
637653638 10.3185 0.383866 6280 1.19084
637588104 10.7143 2.92256 112 1.19231
637620872 3.64631 0.565923 1097 1.64286
637653640 4.90196 0.755833 816 1.58491
637588106 7.05882 2.77818 85 1.14286
637620874 7.1618 0.766731 1131 1.2875
637653642 5.82902 0.843233 772 1.65672
637567012 23.6358 0.714353 3537 1.30764
637599780 18.7679 0.507257 5925 1.23329
637632548 39.2607 0.672361 5275 1.3412
637567014 14.6341 0.598721 3485 1.22837
637599782 5.21519 0.288842 5925 1.26984
637632550 7.17557 0.356528 5240 1.19675
637567016 16.6667 4.39205 72 1.36364
637599784 13.5775 0.813062 1775 1.09816
637632552 22.6017 0.937348 1991 1.13415
637567018 8.42105 2.84918 95 1.11765
637599786 11.6853 0.778446 1703 1.2406
637632554 19.4234 0.889741 1977 1.16323
637567140 28.2577 0.765342 3461 1.28363
637599908 8.48741 0.369821 5679 1.34855
637632676 26.8419 0.613812 5212 1.32295
637567142 12.8826 0.558811 3594 1.23416
637599910 15.108 0.454749 6202 1.26234
637632678 16.409 0.514881 5174 1.23097
637567144 26.087 5.28625 69 1
637599912 9.75057 0.706298 1764 1.11504
637632680 26.6735 1.00357 1942 1.19409
637567146 12.1951 3.61364 82 1.21739
637599914 18.7783 0.928801 1768 1.12105
637632682 25.7197 0.94952 2119 1.16159
637567268 15.6399 0.609209 3555 1.30718
637600036 9.99834 0.386915 6011 1.20399
637632804 10.0318 0.411 5343 1.18104
637567270 24.9218 0.729598 3515 1.26158
637600038 24.8085 0.569872 5744 1.19044
637632806 22.5263 0.577935 5225 1.2217
637567272 29.5775 5.41635 71 1.15
637600040 2.29885 0.359278 1740 1.15909
637632808 3.22581 0.390612 2046 1.1697
637567274 10.6667 3.56443 75 1.09524
637600042 27.7003 1.07844 1722 1.11018
637632810 38.0571 1.08649 1997 1.10992
637567396 16.7334 0.631309 3496 1.38019
637600164 12.1869 0.434446 5670 1.35592
637632932 26.0101 0.601396 5321 1.54647
637567398 11.4733 0.569743 3129 1.15903
637600166 15.942 0.515793 5037 1.28672
637632934 22.4664 0.609627 4687 1.26291
637567400 12.5 3.37539 96 1.02941
637600168 4.48642 0.502951 1694 1.18474
637632936 16.5254 0.854776 1888 1.18443
637567402 5.61798 2.44084 89 1.625
637600170 6.10236 0.613174 1524 1.14865
637632938 22.011 1.02591 1631 1.31138
637567524 14.8993 0.612841 3376 1.35061
637600292 9.33665 0.387996 5623 1.22967
637633060 17.1694 0.51943 5271 1.49832
637567526 14.9927 0.610903 3415 1.22035
637600294 13.5149 0.447451 5838 1.19246
637633062 10.8557 0.42019 5481 1.22303
637567528 1.02041 1.01519 98 2
637600296 3.06442 0.431014 1599 1.17647
637633064 5.29628 0.512854 1907 1.09677
637567530 6.45161 2.54748 93 1.27778
637600298 6.61058 0.609105 1664 1.13253
637633066 14.2712 0.788262 1969 1.12771
637567652 10.5899 0.52199 3475 1.29047
637600420 13.6754 0.454654 5711 1.29585
637633188 17.917 0.529172 5252 1.375
637567654 8.69037 0.491036 3291 1.24385
637600422 8.61696 0.393595 5083 1.22551
637633190 11.3913 0.46446 4679 1.27217
637567656 15.1515 3.60357 99 1.02941
637600424 5.97826 0.582601 1656 1.08955
637633192 15.0077 0.81107 1939 1.15751
637567658 6.38298 2.5213 94 1.28571
637600426 7.26744 0.625954 1720 1.25137
637633194 8.56397 0.639458 1915 1.4449
637571108 12.7603 0.571445 3409 1.23048
637603876 9.53483 0.446792 4321 1.24456
637636644 24.434 0.933238 2120 1.33124
637571110 14.564 0.620284 3234 1.22035
637603878 17.5476 0.58693 4200 1.24638
637636646 12.0582 0.742398 1924 1.2457
637571112 10.061 1.66095 328 1.22917
637603880 9.10704 0.699652 1691 1.15152
637636648 7.61473 0.595617 1983 1.12617
637571114 17.6471 2.06746 340 1.10127
637603882 5.18839 0.551218 1619 1.16102
637636650 9.56669 0.697752 1777 1.22745
637571236 13.2475 0.593652 3261 1.25953
637604004 5.4584 0.36978 3774 1.24324
637636772 4.6146 0.472449 1972 1.46032
637571238 20.4019 0.708515 3235 1.29496
637604006 8.38777 0.448096 3827 1.2128
637636774 21.0305 0.934435 1902 1.2087
637571240 11.3497 1.7568 326 1.18841
637604008 4.73961 0.513992 1709 1.14286
637636776 8.40909 0.661522 1760 1.14773
637571242 22.2222 2.16425 369 1.19828
637604010 15.0779 0.893188 1605 1.12772
637636778 33.9633 1.08505 1905 1.17153
637571364 8.5206 0.493231 3204 1.35458
637604132 8.856 0.450002 3986 1.24925
637636900 14.8708 0.78564 2051 1.33673
637571366 12.3907 0.572072 3317 1.27184
637604134 15.999 0.574705 4069 1.20569
637636902 13.662 0.744163 2130 1.35449
637571368 3.78549 1.07189 317 1.26667
637604136 3.06785 0.418857 1695 1.13131
637636904 6.55192 0.583059 1801 1.20207
637571370 22.619 2.28236 336 1.2973
637604138 16.7966 0.915617 1667 1.14634
637636906 27.282 1.00582 1961 1.18237
637571492 4.85047 0.410262 2742 1.23048
637604260 4.20994 0.336426 3563 1.38333
637637028 4.17548 0.459865 1892 1.38583
637571494 3.95827 0.341539 3259 1.31198
637604262 10.3262 0.476577 4077 1.57121
637637030 5.78794 0.514996 2056 1.33071
637571496 4.33213 1.22319 277 1.13333
637604264 3.91134 0.494978 1534 1.27234
637637032 9.68198 0.786124 1415 1.28403
637571498 4.57143 1.11643 350 1.1375
637604266 7.18527 0.629302 1684 1.14062
637637034 14.0043 0.800794 1878 1.10088
637571620 9.78654 0.538464 3045 1.27645
637604388 5.73128 0.38218 3699 1.32882
637637156 19.8231 0.909356 1922 1.2375
637571622 4.21999 0.373912 2891 1.23045
637604390 3.72501 0.313411 3651 1.33445
637637158 3.65854 0.44202 1804 1.59195
637571624 9 1.65227 300 1.15094
637604392 4.75617 0.522231 1661 1.16588
637637160 7.48175 0.64888 1644 1.33878
637571626 10.231 1.74101 303 1.66667
637604394 3.06189 0.439732 1535 1.50746
637637162 5.53191 0.563634 1645 1.28934
637571748 9.3689 0.525571 3074 1.25539
637604516 4.10086 0.330104 3609 1.33205
637637284 24.3214 0.989732 1879 1.26736
637571750 4.4459 0.372662 3059 1.23333
637604518 11.6166 0.542002 3495 1.20752
637637286 11.5751 0.73551 1892 1.16147
637571752 5.53846 1.26876 325 1.28
637604520 2.10403 0.346963 1711 1.175
637637288 7.10744 0.603127 1815 1.18762
637571754 1.81818 0.735491 330 1.29412
637604522 2.97657 0.427666 1579 1.36765
637637290 9.12815 0.696683 1709 1.20889
637575204 17.6471 0.745059 2618 1.39402
637607972 9.93672 0.457967 4267 1.55316
637640740 25.3455 0.702418 3835 1.4481
637575206 3.54263 0.313719 3472 1.19932
637607974 18.6188 0.506428 5908 1.19361
637640742 26.5743 0.621597 5050 1.25096
637575208 25.7576 5.38278 66 1.14286
637607976 6.48694 0.714876 1187 1.22273
637640744 14.7358 1.12998 984 1.19363
637575210 7.95455 2.88448 88 1.07143
637607978 12.3529 0.841217 1530 1.18269
637640746 18.1287 1.04161 1368 1.20056
637575332 21.171 0.693804 3467 1.32084
637608100 20.0689 0.525677 5805 1.2659
637640868 22.4891 0.5742 5287 1.41229
637575334 15.2277 0.60057 3579 1.23037
637608102 19.6948 0.506748 6159 1.32217
637640870 23.7099 0.594612 5116 1.31672
637575336 57.8947 5.66345 76 1.22059
637608104 13.1611 0.828755 1664 1.0932
637640872 17.7267 0.993358 1478 1.09574
637575338 12.2222 3.4526 90 1.11111
637608106 15.8012 0.861887 1791 1.10112
637640874 24.7095 1.0667 1635 1.1194
637575460 6.3451 0.413055 3483 1.51185
637608228 5.63532 0.308929 5572 1.3212
637640996 5.21275 0.301681 5429 1.28719
637575462 3.61407 0.33527 3099 1.34921
637608230 19.944 0.565147 4999 1.2088
637640998 22.1178 0.599809 4788 1.19815
637575464 9.25926 3.9445 54 1
637608232 4.92505 0.578122 1401 1.15833
637641000 7.09583 0.69444 1367 1.22043
637575466 10.2941 3.68511 68 1.11111
637608234 25.3679 1.15184 1427 1.10321
637641002 30.8775 1.32922 1208 1.12555
637575588 13.6486 0.593937 3341 1.34688
637608356 8.52042 0.371193 5657 1.19434
637641124 24.0758 0.591703 5221 1.20542
637575590 17.0799 0.746569 2541 1.15931
637608358 15.7524 0.540719 4539 1.17783
637641126 15.3748 0.57502 3935 1.18053
637575592 6.45161 3.12001 62 1.125
637608360 7.33479 0.702563 1377 1.11189
637641128 9.06618 0.864544 1103 1.09938
637575594 4.81928 2.35086 83 2
637608362 12.0055 0.848888 1466 1.11207
637641130 20.324 1.09199 1358 1.15991
637575716 14.8239 0.621868 3265 1.29146
637608484 8.98545 0.388048 5431 1.33083
637641252 42.9306 0.683264 5248 1.46987
637575718 3.5114 0.318879 3332 1.23507
637608486 5.22442 0.298153 5570 1.17701
637641254 3.09357 0.238529 5269 1.32039
637575720 6.94444 2.99587 72 1
637608488 6.60793 0.67313 1362 1.12338
637641256 9.43205 0.93079 986 1.07568
637575722 3.84615 2.17746 78 1.8
637608490 5.17116 0.597625 1373 1.23711
637641258 8.10373 0.776844 1234 1.2381
637575844 11.705 0.555515 3349 1.1859
637608612 10.9738 0.424481 5422 1.27115
637641380 9.23802 0.414422 4882 1.23118
637575846 12.8124 0.566488 3481 1.22
637608614 19.7606 0.524483 5764 1.16786
637641382 17.4398 0.535395 5023 1.1883
637575848 4.30108 2.10378 93 2
637608616 4.9461 0.54601 1577 1.25862
637641384 11.5942 0.884218 1311 1.13287
637575850 2.53165 1.76734 79 2.16667
637608618 1.3245 0.2942 1510 1.35
637641386 2.24632 0.41242 1291 1.2125
637579300 6.41975 0.430605 3240 1.34444
637612068 7.36227 0.416109 3939 1.26202
637644836 6.92168 0.541644 2196 1.17417
637579302 19.7789 0.698076 3256 1.19007
637612070 20.3109 0.637069 3988 1.23399
637644838 19.5171 0.888897 1988 1.23921
637579304 5.70652 1.20921 368 1.11429
637612072 4.63297 0.515601 1662 1.28272
637644840 4.91453 0.499626 1872 1.18593
637579306 35.7576 2.63838 330 1.17123
637612074 19.3627 0.978118 1632 1.08038
637644842 36.3118 1.04841 2104 1.14201
637579428 16.6045 0.656184 3216 1.21947
637612196 17.8989 0.604835 4017 1.23817
637644964 25.5646 0.956254 2081 1.29967
637579430 21.7718 0.715165 3330 1.29047
637612198 19.5509 0.619599 4097 1.37442
637644966 16.8871 0.844928 1966 1.40985
637579432 19.2192 2.15923 333 1.13665
637612200 9.35961 0.722764 1624 1.22857
637644968 15.186 0.815647 1936 1.16548
637579434 14.5401 1.92021 337 1.19737
637612202 14.0625 0.869086 1600 1.24172
637644970 17.804 0.866519 1949 1.17431
637579556 8.50986 0.533251 2738 1.20455
637612324 4.4474 0.336411 3755 1.36667
637645092 13.3687 0.783838 1885 1.22943
637579558 9.02301 0.495238 3347 1.30105
637612326 9.2257 0.443954 4249 1.2589
637645094 12.3445 0.705988 2171 1.31638
637579560 9.83051 1.73343 295 1.09756
637612328 3.10026 0.445155 1516 1.08235
637645096 6.49943 0.588613 1754 1.09434
637579562 34.7962 2.6669 319 1.17791
637612330 12.8239 0.861868 1505 1.13057
637645098 23.5834 0.986187 1853 1.14404
637579684 8.70804 0.50173 3158 1.1873
637612452 14.8294 0.556864 4073 1.17973
637645220 23.488 0.917894 2133 1.24476
637579686 5.01261 0.387435 3172 1.45511
637612454 3.7182 0.295926 4088 1.33259
637645222 10.1869 0.653859 2140 1.37828
637579688 3.25203 1.13092 246 1.09302
637612456 3.41226 0.479076 1436 1.17391
637645224 6.0307 0.557397 1824 1.19469
637579690 10.6583 1.72773 319 1.39583
637612458 5.57315 0.577307 1579 1.26174
637645226 15.3642 0.831452 1881 1.26324
637579812 13.3552 0.648915 2748 1.2888
637612580 7.69016 0.445546 3576 1.34802
637645348 10.5841 0.687376 2003 1.37368
637579814 12.2523 0.622436 2775 1.28246
637612582 8.52853 0.484014 3330 1.18132
637645350 17.4973 0.884308 1846 1.32244
637579816 5.53633 1.34522 289 1.04762
637612584 2.42623 0.394001 1525 1.31667
637645352 4.60048 0.51543 1652 1.14545
637579818 14.5963 1.96758 322 1.08333
637612586 3.67597 0.490956 1469 1.14286
637645354 9.93902 0.738785 1640 1.1553
637579940 8.24124 0.488648 3167 1.27014
637612708 9.63218 0.479933 3779 1.24133
637645476 28.8382 1.0317 1928 1.23856
637579942 11.8583 0.560163 3331 1.26369
637612710 12.7165 0.524024 4042 1.20228
637645478 16.9295 0.807646 2156 1.16105
637579944 6.81818 1.34347 352 1.14607
637612712 6.43029 0.601321 1664 1.1597
637645480 11.9518 0.759563 1824 1.19041
637579946 16.3934 2.11985 305 1.16456
637612714 8.09988 0.673303 1642 1.18229
637645482 12.0885 0.776617 1762 1.13386
637583396 12.1479 0.551016 3515 1.50787
637616164 9.77041 0.390103 5793 1.29738
637648932 10.5313 0.424369 5232 1.27128
637583398 22.4806 0.821863 2580 1.30329
637616166 25.0354 0.66515 4242 1.26998
637648934 16.5765 0.611515 3698 1.27158
637583400 45 6.42262 60 1.14286
637616168 7.7248 0.655881 1657 1.26389
637648936 19.4588 0.949877 1737 1.26702
637583402 14.4928 4.23792 69 1.06667
637616170 6.75513 0.616364 1658 1.17241
637648938 15.0163 0.833253 1838 1.18269
637583524 18.9579 0.652555 3608 1.34248
637616292 10.2807 0.394924 5914 1.26577
637649060 12.8541 0.448131 5578 1.25758
637583526 25.203 0.714365 3694 1.33664
637616294 6.85305 0.329879 5866 1.30759
637649062 7.49762 0.363289 5255 1.35274
637583528 41.5385 6.11229 65 1.14286
637616296 9.46458 0.680756 1849 1.14433
637649064 16.8922 0.838867 1995 1.14365
637583530 4.16667 2.88424 48 1.33333
637616298 19.8687 0.974651 1676 1.1068
637649066 17.8043 0.835786 2095 1.19108
637583652 8.14898 0.457824 3571 1.41795
637616420 6.73271 0.3247 5956 1.28703
637649188 6.79962 0.346938 5265 1.24691
637583654 23.7782 0.71971 3499 1.1697
637616422 23.136 0.550833 5861 1.19695
637649190 21.0704 0.558852 5325 1.21137
637583656 12.5 4.41942 56 1.625
637616424 11.3661 0.74196 1830 1.13978
637649192 15.4906 0.84951 1814 1.16638
637583658 5.33333 2.59458 75 1.1
637616426 5.92679 0.569183 1721 1.42727
637649194 19.1678 1.02804 1466 1.14286
637583780 16.0135 0.641711 3266 1.43179
637616548 12.3015 0.443736 5479 1.32722
637649316 12.0367 0.459345 5018 1.25294
637583782 1.17176 0.181923 3499 1.2027
637616550 15.2014 0.475136 5710 1.21198
637649318 17.07 0.513339 5372 1.25348
637583784 26.1538 5.45099 65 1
637616552 3.55097 0.442895 1746 1.18705
637649320 9.60699 0.795001 1374 1.15217
637583786 16.6667 3.92837 90 1.1
637616554 3.50373 0.440678 1741 1.125
637649322 4.88082 0.513307 1762 1.12069
637583908 20.0915 0.699625 3280 1.32831
637616676 16.4326 0.491006 5696 1.27097
637649444 30.6477 0.643932 5126 1.38855
637583910 5.96616 0.408074 3369 1.24719
637616678 7.20789 0.356182 5272 1.22825
637649446 9.19692 0.428652 4545 1.24761
637583912 21.0526 4.67644 76 1.4
637616680 4.29262 0.498387 1654 1.12057
637649448 9.88939 0.76144 1537 1.26797
637583914 0 0 51 1.33333
637616682 2.20884 0.380239 1494 1.5614
637649450 12.9657 0.916996 1342 1.12171
637584036 10.6965 0.513832 3618 1.50293
637616804 13.2468 0.442919 5858 1.33895
637649572 16.0506 0.512003 5140 1.2309
637584038 11.9403 0.54936 3484 1.27166
637616806 8.98008 0.374626 5824 1.28908
637649574 16.2173 0.524821 4933 1.25738
637584040 10.9589 3.65609 73 1.13333
637616808 3.80101 0.452095 1789 1.38679
637649576 7.27884 0.614723 1786 1.39103
637584042 5.26316 2.56139 76 1
637616810 11.015 0.751841 1734 1.17797
637649578 14.7892 0.890548 1589 1.29667
637587492 15.3514 0.632912 3244 1.19949
637620260 10.1413 0.47535 4033 1.27971
637653028 15.9901 0.815483 2020 1.1509
637587494 15.706 0.654775 3088 1.17914
637620262 11.4613 0.514132 3839 1.27485
637653030 9.10082 0.671432 1835 1.22364
637587496 19.5592 2.0819 363 1.26866
637620264 9.36639 0.764623 1452 1.13523
637653032 10.2564 0.809685 1404 1.19877
637587498 11.165 1.55158 412 1.22857
637620266 8.22743 0.71067 1495 1.12994
637653034 10.0381 0.757448 1574 1.18333
637587620 19.4629 0.703744 3165 1.24772
637620388 21.6618 0.671176 3767 1.36924
637653156 49.4093 1.13307 1947 1.27156
637587622 21.608 0.729385 3184 1.20662
637620390 18.2133 0.630261 3750 1.23959
637653158 25.0129 0.985563 1931 1.20574
637587624 17.663 1.98795 368 1.13095
637620392 6.15894 0.618673 1510 1.21429
637653160 11.6155 0.827849 1498 1.14118
637587626 46.988 2.44995 415 1.12931
637620394 27.2161 1.17124 1444 1.11417
637653162 42.562 1.20131 1694 1.13641
637587748 15.696 0.641947 3211 1.28716
637620516 9.42299 0.445626 4298 1.2036
637653284 31.3959 1.01299 2099 1.2731
637587750 6.19091 0.420852 3279 1.38655
637620518 2.68425 0.248006 4247 1.53846
637653286 4.22152 0.428411 2203 1.7479
637587752 8.52459 1.59897 305 1.175
637620520 2.75762 0.441134 1378 1.18367
637653288 7.8707 0.713843 1423 1.18519
637587754 7.34908 1.33684 381 1.1129
637620522 6.0423 0.654822 1324 1.25
637653290 18.4903 1.02163 1444 1.12074
637587876 9.86102 0.542338 3022 1.23804
637620644 11.2807 0.508865 3865 1.25251
637653412 24.6399 0.977332 1944 1.31481
637587878 4.48298 0.374324 3056 1.27158
637620646 9.33743 0.486484 3577 1.18903
637653414 10.3869 0.702331 1887 1.18412
637587880 4.42478 1.11691 339 1.03448
637620648 3.56083 0.504728 1348 1.16393
637653416 5.04334 0.614315 1269 1.0989
637587882 17.7852 2.21512 298 1.04301
637620650 10.2776 0.831727 1333 1.17143
637653418 14.6523 0.918905 1481 1.33096
637588004 15.0303 0.675243 2801 1.45712
637620772 16.7718 0.605766 3804 1.33179
637653540 46.2743 1.15862 1852 1.22307
637588006 11.0411 0.570671 3016 1.29798
637620774 10.2593 0.506626 3587 1.21677
637653542 14.0295 0.797585 1896 1.29685
637588008 6.28272 1.24152 382 1.21212
637620776 4.15722 0.548784 1323 1.17647
637653544 10.493 1.08966 791 1.22384
637588010 11.2717 1.70015 346 1.17241
637620778 5.80131 0.629511 1379 1.08411
637653546 12.9009 0.904981 1372 1.18908
637588132 22.873 0.737436 3244 1.18199
637620900 13.85 0.546163 4000 1.15481
637653668 17.3494 0.831297 2075 1.17143
637588134 5.24738 0.386117 3335 1.30235
637620902 1.6369 0.199833 4032 1.30488
637653670 1.82741 0.301773 1970 1.33983
637588136 7.91789 1.46223 341 1.08333
637620904 6.19174 0.621859 1502 1.16993
637653672 10.8316 0.821546 1431 1.16382
637588138 14.9254 1.77725 402 1.17172
637620906 8.74576 0.735579 1475 1.11932
637653674 12.5081 0.844357 1535 1.17742
637567044 12.7938 0.404821 6808 1.2044
637599812 4.87676 0.350643 3773 1.15385
637632580 6.66667 3.22031 60 1.09091
637567046 2.81159 0.199003 6900 1.67263
637599814 2.23586 0.218894 4562 1.4
637632582 4.6875 2.64214 64 1
637567048 2.25941 0.429884 1195 1.23256
637599816 3.01837 0.309901 3048 1.0813
637632584 4.09471 0.330739 3590 1.14208
637567050 7.8125 0.750112 1280 1.17483
637599818 7.39873 0.478927 2987 1.18059
637632586 15.2971 0.606971 3517 1.16719
637567172 11.629 0.392432 6673 1.15061
637599940 6.8655 0.424163 3554 1.24507
637632708 4.16667 4.07894 24 1
637567174 5.79833 0.277933 7071 1.24299
637599942 1.15117 0.157213 4604 1.56849
637632710 0 0 41 1
637567176 1.0118 0.290601 1186 1.24
637599944 2.0156 0.253389 3076 1.2129
637632712 1.94805 0.232222 3542 1.27358
637567178 24.1636 1.16724 1345 1.22815
637599946 5.6096 0.414355 3084 1.15735
637632714 13.0279 0.559233 3623 1.21867
637567300 5.64356 0.274443 7070 1.27728
637600068 5.06757 0.353582 3848 1.18954
637632836 19.4444 6.59621 36 1.25
637567302 10.1592 0.36685 6782 1.30829
637600070 3.40712 0.267245 4608 1.51977
637632838 0 0 32 1
637567304 2.36349 0.433671 1227 1.81081
637600072 2.9684 0.303206 3133 1.29457
637632840 1.48719 0.200871 3631 1.3587
637567306 33.3333 1.32175 1272 1.23364
637600074 7.39753 0.477773 3001 1.22205
637632842 17.824 0.641702 3557 1.14756
637567428 3.39383 0.219952 6777 1.32081
637600196 2.94269 0.271523 3874 1.23182
637632964 5.26316 2.95764 57 1.33333
637567430 3.81878 0.252498 5761 1.32234
637600198 3.61152 0.291455 4098 1.68182
637632966 3.33333 2.31741 60 1.33333
637567432 3.68043 0.56411 1114 1.10169
637600200 5.5647 0.415974 3037 1.13548
637632968 5.35126 0.372818 3644 1.16736
637567434 5.40265 0.721786 981 1.10526
637600202 1.99045 0.278676 2512 1.37931
637632970 2.00394 0.253995 3044 1.625
637567556 2.90958 0.205306 6702 1.33704
637600324 2.09349 0.242446 3487 1.30909
637633092 0 0 28 0
637567558 2.4532 0.184212 7052 1.47126
637600326 0.984037 0.145968 4573 1.62319
637633094 0 0 41 1
637567560 2.55973 0.46132 1172 1.37778
637600328 0.983837 0.185011 2846 1.25253
637633096 1.71723 0.219782 3494 1.30702
637567562 12.7332 0.949317 1233 1.2125
637600330 1.93548 0.253868 2945 1.18474
637633098 2.44827 0.263837 3431 1.15162
637567684 4.37775 0.247568 6830 1.32374
637600452 3.71099 0.316951 3557 1.41772
637633220 2.77778 2.73893 36 1
637567686 10.1598 0.391834 5945 1.31111
637600454 2.73099 0.260384 3918 1.47222
637633222 0 0 32 0
637567688 4.52303 0.595933 1216 1.16901
637600456 3.16129 0.31425 3100 1.09249
637633224 8.15279 0.462015 3508 1.18575
637567690 6.60897 0.696862 1271 1.22674
637600458 1.66852 0.246645 2697 1.26009
637633226 6.25578 0.425114 3245 1.3754
637571140 3.45222 0.276046 4374 1.13851
637603908 3.34553 0.411136 1913 1.2381
637636676 3.84615 2.66683 52 1.33333
637571142 12.609 0.539705 3783 1.22261
637603910 7.25727 0.469069 3059 1.21072
637636678 11.5385 6.26563 26 1.07692
637571144 7.92239 0.767928 1237 1.1
637603912 3.78842 0.360927 2798 1.07027
637636680 11.6722 0.587205 2990 1.11538
637571146 16.4815 1.12896 1080 1.14005
637603914 7.28118 0.511336 2582 1.26055
637636682 13.5435 0.647716 2791 1.21613
637571268 3.49158 0.290936 3981 1.1713
637604036 5.05495 0.592964 1365 1.21387
637636804 12.5 5.22913 40 1.28571
637571270 10.4582 0.492356 3863 1.20922
637604038 4.62701 0.372696 3177 1.39583
637636806 12.1212 5.68144 33 1
637571272 3.56506 0.553547 1122 1.18644
637604040 2.26691 0.284616 2735 1.12687
637636808 6.24319 0.46094 2755 1.19626
637571274 25.5301 1.26987 1179 1.26667
637604042 17.3584 0.719508 2771 1.18343
637636810 21.3873 0.756096 2941 1.23262
637571396 6.73443 0.39952 3935 1.18182
637604164 3.19635 0.420248 1752 1.16923
637636932 9.30233 4.42955 43 1
637571398 4.94544 0.330371 4307 1.36388
637604166 4.00471 0.336455 3396 1.29833
637636934 16.6667 5.07151 54 1
637571400 5.44041 0.666522 1158 1.27193
637604168 3.29142 0.3431 2704 1.12676
637636936 4.0273 0.363201 2930 1.13214
637571402 10.5472 0.864983 1261 1.1879
637604170 6.02113 0.44637 2840 1.19048
637636938 12.651 0.608952 2980 1.19362
637571524 10.8238 0.480766 4176 1.27767
637604292 7.90722 0.619571 1897 1.30807
637637060 8.51064 4.07022 47 1.25
637571526 2.04908 0.218683 4197 1.48348
637604294 1.47502 0.209157 3322 1.33588
637637062 1.85185 1.83463 54 1
637571528 2.9383 0.528517 1021 1.18182
637604296 0.90566 0.184028 2650 1.18889
637637064 0.970549 0.17935 2988 1.36471
637571530 7.00935 0.712485 1284 1.22264
637604298 2.87823 0.321171 2710 1.23827
637637066 4.75026 0.397539 2863 1.22051
637571652 2.86244 0.271468 3773 1.16022
637604420 2.77778 0.422625 1512 1.17037
637637188 14.2857 5.91485 35 1.375
637571654 3.21597 0.293755 3607 1.42929
637604422 1.30465 0.21308 2836 1.63866
637637190 0 0 28 0
637571656 3.45722 0.537102 1157 1.27692
637604424 4.15872 0.389962 2621 1.09459
637637192 9.5358 0.557151 2779 1.085
637571658 1.42857 0.354583 1120 1.32895
637604426 3.41297 0.353566 2637 1.26203
637637194 6.96646 0.488766 2713 1.22422
637571780 2.81611 0.277617 3551 1.24675
637604548 5.49738 0.583094 1528 1.22901
637637316 11.4286 5.37785 35 1
637571782 4.88069 0.354797 3688 1.46774
637604550 3.52985 0.357593 2663 1.34783
637637318 0 0 25 1
637571784 1.35747 0.348109 1105 1.32258
637604552 0.852383 0.180952 2581 1.37363
637637320 3.91654 0.371138 2732 1.19062
637571786 14.3366 1.04576 1123 1.28625
637604554 3.61855 0.362573 2653 1.34199
637637322 11.0704 0.600734 2728 1.17327
637575236 12.494 0.419285 6219 1.12439
637608004 10.242 0.520904 3388 1.17506
637640772 5.76923 3.23336 52 1.2
637575238 8.3004 0.333804 6831 1.28453
637608006 5.15464 0.334669 4365 1.28216
637640774 2.94118 2.8976 34 1
637575240 8.96638 1.00821 803 1.09677
637608008 3.66552 0.36719 2619 1.1645
637640776 5.2297 0.37842 3461 1.125
637575242 19.1489 1.25244 987 1.16625
637608010 11.0662 0.601517 2720 1.21006
637640778 20.3014 0.665797 3650 1.28552
637575364 5.95465 0.286238 6835 1.18182
637608132 3.3929 0.291367 3861 1.16564
637640900 1.53846 1.52658 65 1
637575366 5.89161 0.281578 6993 1.36595
637608134 2.22707 0.218044 4580 1.37698
637640902 0 0 43 0
637575368 12.5498 1.04552 1004 1.15054
637608136 5.39046 0.419789 2894 1.08232
637640904 7.82807 0.453198 3513 1.08009
637575370 36.7194 1.39095 1201 1.1168
637608138 21.8508 0.775147 2842 1.13039
637640906 22.5474 0.687944 3690 1.12634
637575492 5.82654 0.285219 6745 1.16493
637608260 4.09281 0.319887 3836 1.29302
637641028 0 0 31 1
637575494 9.77785 0.371501 6392 1.36733
637608262 6.12529 0.365257 4310 1.24719
637641030 5.12821 3.53199 39 1
637575496 10.9464 1.05429 877 1.15882
637608264 7.68678 0.504858 2784 1.12723
637641032 6.80234 0.420403 3587 1.16667
637575498 14.3204 1.22026 824 1.13613
637608266 6.34017 0.474809 2634 1.24107
637641034 12.6896 0.568508 3428 1.19629
637575620 4.70138 0.261938 6530 1.18092
637608388 2.43565 0.25646 3613 1.34586
637641156 0 0 38 0
637575622 3.40329 0.249312 5289 1.46437
637608390 1.69348 0.216768 3543 1.6895
637641158 0 0 43 0
637575624 2.23684 0.536412 760 1.48148
637608392 1.40625 0.232721 2560 1.30769
637641160 1.64218 0.215718 3471 1.5625
637575626 12.8348 1.11741 896 1.14377
637608394 3.87669 0.417193 2141 1.22464
637641162 7.91175 0.526433 2629 1.23507
637575748 3.72136 0.234725 6503 1.38922
637608516 3.29025 0.305742 3404 1.15385
637641284 13.7931 6.40329 29 1
637575750 4.31136 0.246383 6796 1.47178
637608518 1.76082 0.20568 4089 1.60234
637641286 0 0 31 2
637575752 3.10811 0.637934 740 1.32075
637608520 1.90275 0.280934 2365 1.32031
637641288 2.28258 0.253862 3461 1.09333
637575754 8.95171 0.979795 849 1.24324
637608522 2.25593 0.292858 2571 1.15563
637641290 4.79097 0.373089 3277 1.25586
637575876 5.74495 0.29234 6336 1.1541
637608644 7.58308 0.460134 3310 1.19945
637641412 0 0 31 6
637575878 7.69697 0.328092 6600 1.36975
637608646 5.94805 0.368532 4119 1.31195
637641414 2.63158 2.59672 38 1
637575880 2.36052 0.497288 932 1.3871
637608648 2.93542 0.333941 2555 1.14953
637641416 4.46893 0.361493 3267 1.16667
637575882 22.8166 1.38656 916 1.29101
637608650 18.6313 0.774394 2528 1.17189
637641418 19.406 0.671552 3468 1.1686
637579332 4.87059 0.330182 4250 1.28306
637612100 1.61377 0.292246 1859 1.25
637644868 2.27273 2.24675 44 1
637579334 2.84688 0.26634 3899 1.32922
637612102 3.04858 0.314669 2985 1.61607
637644870 0 0 32 0
637579336 4.53401 0.60285 1191 1.26437
637612104 2.69373 0.311002 2710 1.26168
637644872 3.92562 0.360379 2904 1.11644
637579338 16.984 1.03626 1313 1.17259
637612106 12.4476 0.617296 2860 1.15198
637644874 21.9528 0.749258 3052 1.30789
637579460 7.11223 0.408188 3965 1.20526
637612228 5.2932 0.510046 1927 1.272
637644996 2.32558 2.29838 43 1
637579462 24.0268 0.672766 4033 1.24785
637612230 15.5374 0.619091 3424 1.31383
637644998 8.82353 4.86433 34 1.3
637579464 2.9703 0.509325 1111 1.0625
637612232 2.19657 0.282811 2686 1.1958
637645000 4.62407 0.394556 2833 1.12811
637579466 30.0087 1.34968 1153 1.16293
637612234 9.23077 0.541259 2860 1.13677
637645002 15.2667 0.656657 3000 1.27783
637579588 3.42517 0.286533 4029 1.25373
637612356 13.6339 0.799751 1841 1.13213
637645124 14.7059 6.07387 34 1.16667
637579590 4.34473 0.314117 4212 1.28228
637612358 5.31077 0.383064 3427 1.42508
637645126 7.89474 4.37441 38 1.21429
637579592 4.14828 0.592405 1133 1.08475
637612360 3.33959 0.348034 2665 1.15284
637645128 5.45635 0.413025 3024 1.18092
637579594 26.6831 1.26735 1218 1.09839
637612362 5.9203 0.459758 2635 1.22479
637645130 9.15955 0.522651 3046 1.383
637579716 3.11284 0.270823 4112 1.18715
637612484 4.30701 0.477056 1811 1.15179
637645252 9.09091 4.33392 44 1
637579718 2.56922 0.24988 4009 1.47368
637612486 1.93611 0.247519 3099 1.33831
637645254 5.26316 5.12278 19 1
637579720 3.50719 0.551664 1112 1.10417
637612488 1.14985 0.205329 2696 1.34
637645256 3.29362 0.33407 2854 1.30508
637579722 8.43373 0.81522 1162 1.17445
637612490 4.63717 0.395646 2825 1.17105
637645258 6.28236 0.450814 2897 1.27043
637579844 1.34786 0.195277 3487 1.27612
637612612 3.58835 0.483974 1477 1.45714
637645380 15 5.6458 40 1
637579846 11.7578 0.550874 3419 1.19153
637612614 5.58781 0.437517 2756 1.23643
637645382 9.67742 5.31003 31 1.25
637579848 0.666032 0.250897 1051 1.2
637612616 0.520382 0.14983 2306 1.36
637645384 0.692841 0.162737 2598 1.10714
637579850 2.1254 0.470176 941 1.18293
637612618 2.36378 0.304079 2496 1.54783
637645386 2.36568 0.30432 2494 1.25764
637579972 2.80447 0.266049 3851 1.37411
637612740 1.8 0.343278 1500 1.17073
637645508 3.57143 3.50707 28 1.5
637579974 2.4902 0.236617 4337 1.41497
637612742 4.43611 0.36392 3201 1.28758
637645510 2.77778 2.73893 36 1
637579976 1.90563 0.41186 1102 1.35294
637612744 1.88028 0.266074 2606 1.27344
637645512 4.66592 0.40748 2679 1.18241
637579978 7.30838 0.777024 1122 1.14583
637612746 2.5766 0.29564 2872 1.17749
637645514 7.22689 0.474726 2975 1.27357
637583428 4.53125 0.247887 7040 1.20732
637616196 6.20219 0.398683 3660 1.26515
637648964 0 0 38 1
637583430 3.92796 0.268898 5219 1.36712
637616198 3.8406 0.326565 3463 1.27852
637648966 0 0 45 1
637583432 7.21951 0.808389 1025 1.17021
637616200 3.95442 0.356764 2984 1.13942
637648968 3.55457 0.308548 3601 1.10046
637583434 17.8922 1.09555 1224 1.13528
637616202 12.12 0.648454 2533 1.1135
637648970 19.1835 0.748395 2768 1.19597
637583556 6.62582 0.296911 7018 1.14967
637616324 5.56128 0.367725 3884 1.21631
637649092 3.38983 2.356 59 1
637583558 6.13662 0.285715 7056 1.45733
637616326 2.90208 0.24985 4514 1.41144
637649094 9.30233 4.42955 43 1
637583560 28.8994 1.2755 1263 1.09927
637616328 5.61257 0.412192 3118 1.10487
637649096 4.19259 0.329622 3697 1.15854
637583562 18.6788 1.07395 1317 1.23387
637616330 13.3615 0.613465 3076 1.15052
637649098 26.0145 0.719203 3721 1.18958
637583684 0.890082 0.11164 7078 1.22297
637616452 0.55017 0.119726 3817 1.41176
637649220 0 0 41 0
637583686 5.92314 0.283728 6922 1.36748
637616454 2.9775 0.252419 4534 1.47816
637649222 5.55556 3.11713 54 1.6
637583688 7.53363 0.790418 1115 1.07018
637616456 1.70269 0.234101 3054 1.37
637649224 1.45536 0.200348 3573 1.20482
637583690 6.11477 0.73489 1063 1.1875
637616458 11.0657 0.604514 2693 1.18971
637649226 12.8831 0.564343 3524 1.27198
637583812 4.12277 0.245677 6549 1.32448
637616580 10.7779 0.53434 3368 1.0936
637649348 2.5641 2.53102 39 1
637583814 3.7292 0.226922 6972 1.54766
637616582 2.50056 0.233308 4479 1.72549
637649350 0 0 36 0
637583816 2.63672 0.500702 1024 1.14894
637616584 1.44871 0.236435 2554 1.12766
637649352 1.31887 0.195305 3412 1.31667
637583818 7.8926 0.769097 1229 1.18391
637616586 3.05344 0.320489 2882 1.19512
637649354 8.40476 0.461344 3617 1.21824
637583940 1.46974 0.144453 6940 1.20344
637616708 0.971706 0.165835 3499 1.66667
637649476 0 0 30 0
637583942 7.13311 0.35931 5131 1.32918
637616710 4.9362 0.396955 2978 1.24181
637649478 5.88235 5.70672 17 1
637583944 0.595829 0.24252 1007 1.5
637616712 0.81091 0.172184 2713 1.72093
637649480 0.856468 0.15836 3386 1.10448
637583946 7.80423 0.975573 756 1.13953
637616714 1.7797 0.289966 2079 1.135
637649482 3.7037 0.365278 2673 1.21908
637584068 0 0 6962 0
637616836 0 0 3504 0
637649604 0 0 61 0
637584070 9.83483 0.364893 6660 1.45949
637616838 4.10829 0.305864 4211 1.47442
637649606 4.08163 2.82664 49 1.33333
637584072 0 0 1062 0
637616840 0 0 2905 0
637649608 0 0 3618 0
637584074 21.9938 1.32788 973 1.1106
637616842 10.4759 0.577097 2816 1.16595
637649610 13.2298 0.574592 3477 1.25141
637587524 3.25444 0.278615 4056 1.24717
637620292 3.78567 0.460581 1717 1.31395
637653060 9.09091 5.00438 33 1.25
637587526 18.2398 0.629694 3761 1.31687
637620294 6.11748 0.446796 2877 1.29112
637653062 2.77778 2.73893 36 1
637587528 8.56164 0.945346 876 1.0922
637620296 4.28571 0.387631 2730 1.10811
637653064 9.3436 0.532613 2986 1.09414
637587530 33.7611 1.4858 1013 1.13628
637620298 13.0093 0.635974 2798 1.11858
637653066 21.9041 0.754618 3004 1.13094
637587652 3.66028 0.31755 3497 1.1754
637620420 3.69686 0.468357 1623 1.20482
637653188 2.7027 2.66593 37 1.33333
637587654 17.0768 0.590288 4064 1.1661
637620422 9.72644 0.54455 2961 1.16597
637653190 0 0 36 1.2
637587656 17.98 1.27936 901 1.19807
637620424 4.85047 0.410262 2742 1.09783
637653192 7.67649 0.492827 2918 1.07075
637587658 22.4687 1.2961 1037 1.16317
637620426 16.1081 0.697832 2775 1.19319
637653194 21.2363 0.745575 3009 1.17128
637587780 10.425 0.468249 4259 1.17044
637620548 4.49198 0.478981 1870 1.15455
637653316 13.2075 4.65066 53 1.05263
637587782 3.57794 0.280396 4388 1.39714
637620550 2.92521 0.292634 3316 1.2967
637653318 5.26316 3.62235 38 1
637587784 6.28707 0.836007 843 1.29897
637620552 2.27019 0.28735 2687 1.28455
637653320 3.41023 0.331856 2991 1.13333
637587786 9.66057 1.0674 766 1.2844
637620554 3.47985 0.350758 2730 1.25833
637653322 5.26316 0.410151 2964 1.40107
637587908 6.52969 0.414463 3553 1.19737
637620676 3.34076 0.489621 1347 1.18072
637653444 3.57143 3.50707 28 1
637587910 4.3962 0.337721 3685 1.38793
637620678 1.2939 0.21729 2705 1.33621
637653446 0 0 26 0
637587912 3.18471 0.700692 628 1.25
637620680 1.20172 0.225734 2330 1.22449
637653448 2.4898 0.314792 2450 1.28221
637587914 1.59635 0.423224 877 1.21739
637620682 2.31343 0.290388 2680 1.21429
637653450 4.24597 0.385769 2732 1.13265
637588036 0 0 0 0
637620804 0 0 0 0
637653572 0 0 0 0
637588038 1.39254 0.189943 3806 1.97738
637620806 1.18812 0.215627 2525 1.56522
637653574 2.77778 2.73893 36 1
637588040 0 0 0 0
637620808 0 0 0 0
637653576 0 0 0 0
637588042 4.47598 0.683208 916 1.33136
637620810 2.61386 0.317511 2525 1.3986
637653578 4.54204 0.403427 2664 1.2601
637588164 6.3206 0.377227 4161 1.57087
637620932 6.018 0.564004 1778 1.93254
637653700 3.84615 2.66683 52 1.33333
637588166 5.8881 0.36795 4093 1.37791
637620934 2.7326 0.294049 3074 1.34112
637653702 4.34783 3.0068 46 1
637588168 1.20879 0.362255 910 1.3
637620936 1.03846 0.198812 2600 1.44444
637653704 2.12838 0.265281 2960 1.39326
637588170 10 0.963242 970 1.10823
637620938 11.285 0.603699 2747 1.18391
637653706 17.8127 0.692361 3054 1.22425
637567076 43.1321 0.845766 3429 1.11501
637599844 32.9412 2.54893 340 1.17467
637632612 18.75 6.89981 32 1.11765
637567078 49.0364 0.613395 6642 1.25948
637599846 35.1613 1.91758 620 1.18454
637632614 26.9841 5.59233 63 1.17857
637567080 37.0277 1.71367 794 1.09054
637599848 44.4596 1.06113 2193 1.04785
637632616 53.0497 0.968382 2656 1.09416
637567082 36.2646 1.34116 1285 1.107
637599850 25.6186 0.758287 3314 1.06642
637632618 53.2429 0.750063 4425 1.11907
637567204 53.984 0.65103 5861 1.25855
637599972 38.6221 2.22462 479 1.1853
637632740 16 7.33212 25 1.6
637567206 38.7651 0.587945 6867 1.11392
637599974 22.4335 1.81883 526 1.14881
637632742 15.3846 7.07589 26 1.22222
637567208 68.2784 1.25966 1365 1.08861
637599976 55.3421 0.84823 3435 1.07116
637632744 73.809 0.663815 4387 1.10451
637567210 57.8635 1.34489 1348 1.10197
637599978 51.4499 0.846858 3483 1.1033
637632746 52.9644 0.73962 4554 1.09677
637567332 50.7737 0.631421 6269 1.09927
637600100 40.3397 2.26047 471 1.15409
637632868 20.8333 8.28982 24 1
637567334 56.999 0.59813 6851 1.4036
637600102 37.7391 2.02148 575 1.09756
637632870 27.7778 10.5572 18 1.14286
637567336 35.1852 1.29972 1350 1.06552
637600104 45.4982 0.836598 3543 1.05468
637632872 50.9641 0.739974 4564 1.06732
637567338 46.9343 1.34832 1370 1.08871
637600106 44.2415 0.852414 3395 1.09739
637632874 36.8243 0.723854 4440 1.08655
637567460 30.6236 0.588905 6126 1.10466
637600228 15.5052 1.51077 574 1.18571
637632996 10.2041 4.32431 49 1
637567462 47.6968 0.638355 6122 1.16485
637600230 18.0763 1.56711 603 1.09714
637632998 19.4444 6.59621 36 1.125
637567464 47.1439 1.37762 1313 1.06785
637600232 24.1318 0.734029 3398 1.11984
637633000 38.277 0.734774 4376 1.09619
637567466 38.0225 1.37634 1244 1.08672
637600234 28.3808 0.776396 3372 1.098
637633002 30.0025 0.718946 4063 1.09593
637567588 69.9267 0.598591 5869 1.12464
637600356 53.2374 2.44337 417 1.17291
637633124 20 10.328 15 1.33333
637567590 53.8054 0.604892 6793 1.33755
637600358 45.8733 2.18307 521 1.16425
637633126 19.2308 7.7292 26 1.23077
637567592 17.8992 1.11126 1190 1.09091
637600360 48.2495 0.857093 3399 1.13355
637633128 49.9184 0.763469 4289 1.08855
637567594 22.4916 1.20731 1196 1.05789
637600362 24.0588 0.733055 3400 1.06151
637633130 32.3856 0.697418 4502 1.08729
637567716 44.1849 0.641491 5993 1.15159
637600484 33.1445 2.50546 353 1.07177
637633252 7.40741 5.0401 27 1
637567718 50.7478 0.663182 5683 1.31157
637600486 49 2.4995 400 1.21127
637633254 37.5 9.88212 24 1.2
637567720 42.9725 1.40695 1238 1.06036
637600488 37.3152 0.831643 3382 1.11762
637633256 57.681 0.742053 4433 1.10787
637567722 29.7101 1.37535 1104 1.0983
637600490 50.4487 0.895108 3120 1.06898
637633258 49.158 0.817362 3741 1.0848
637571172 28.035 0.808168 3089 1.11511
637603940 24.8677 2.22324 378 1.33482
637636708 21.9512 6.46428 41 1.24
637571174 32.6683 0.706162 4411 1.24393
637603942 32.5 2.13783 480 1.18644
637636710 32 9.32952 25 1.39286
637571176 46.7589 1.46686 1157 1.04878
637603944 45.2149 0.945824 2769 1.05786
637636712 51.8868 0.933955 2862 1.11214
637571178 25.4358 1.22591 1262 1.04275
637603946 27.1059 0.804742 3051 1.07732
637636714 32.6518 0.813122 3326 1.06237
637571300 43.9127 1.01685 2382 1.15824
637604068 27.7551 2.86083 245 1.09375
637636836 28.5714 12.0736 14 1.23529
637571302 49.5853 0.758945 4340 1.18016
637604070 51.9274 2.37918 441 1.21809
637636838 47.3684 11.4549 19 1.14815
637571304 66.0914 1.50838 985 1.0986
637604072 64.2345 0.984352 2371 1.11757
637636840 70.7486 0.946308 2311 1.16751
637571306 33.3829 1.28586 1345 1.10462
637604074 40.9178 0.877724 3138 1.13659
637636842 37.0916 0.864521 3122 1.13586
637571428 37.7273 0.816969 3520 1.09541
637604196 27.7929 2.33843 367 1.16316
637636964 38.7097 8.74832 31 1.03448
637571430 52.8373 0.723698 4758 1.29972
637604198 33.7838 2.24463 444 1.31776
637636966 53.5714 9.42498 28 1.12121
637571432 40.7464 1.35603 1313 1.0643
637604200 45.7835 0.883778 3178 1.09036
637636968 59.1682 0.85641 3294 1.08107
637571434 51.6009 1.36367 1343 1.08466
637604202 26.9029 0.778471 3245 1.05842
637636970 47.508 0.852549 3431 1.07873
637571556 40.466 0.803231 3734 1.19637
637604324 29.5259 2.11766 464 1.14286
637637092 25 7.21688 36 1.09524
637571558 16.2522 0.549723 4504 1.09243
637604326 32.5052 2.13127 483 1.10781
637637094 28.9474 7.35703 38 1.17241
637571560 29.112 1.26237 1295 1.07351
637604328 32.3801 0.820542 3252 1.16079
637637096 42.4389 0.858689 3313 1.07554
637571562 41.4093 1.386 1263 1.08836
637604330 20.8483 0.733753 3065 1.08026
637637098 32.4125 0.82 3258 1.07936
637571684 48.6398 0.951899 2757 1.10479
637604452 43.1973 2.88894 294 1.27041
637637220 52.6316 11.4549 19 1.21053
637571686 42.1534 0.786896 3938 1.08947
637604454 29.9435 2.4343 354 1.12755
637637222 40.9091 10.4824 22 1.29167
637571688 45.1115 1.45725 1166 1.07684
637604456 53.4628 0.954826 2729 1.15171
637637224 54.2227 0.963103 2676 1.22465
637571690 46.9308 1.39111 1287 1.08713
637604458 36.5524 0.895967 2889 1.06959
637637226 50.2173 0.914235 2991 1.10386
637571812 36.3986 0.861249 3121 1.1248
637604580 23.3962 2.60061 265 1.15873
637637348 45 11.1243 20 1.08696
637571814 45.4883 0.841466 3502 1.15277
637604582 46.5798 2.84697 307 1.1625
637637350 45.4545 8.66784 33 1.125
637571816 53.2423 1.45744 1172 1.06008
637604584 35.6207 0.889253 2900 1.08401
637637352 49.7583 0.929107 2896 1.09429
637571818 35.8614 1.46753 1068 1.06645
637604586 41.107 0.99263 2457 1.08364
637637354 64.7701 0.943007 2566 1.11974
637575268 36.9611 0.636454 5752 1.13037
637608036 27.5304 2.00965 494 1.08407
637640804 26.8293 6.9196 41 1.14286
637575270 39.7406 0.608055 6477 1.12971
637608038 23.5294 1.81867 544 1.10373
637640806 6.66667 4.5542 30 1
637575272 53.8316 1.53339 1057 1.06846
637608040 54.2714 0.856502 3383 1.07828
637640808 62.6371 0.739028 4285 1.09035
637575274 52.7897 1.46262 1165 1.06554
637608042 55.0889 0.849425 3429 1.08686
637640810 58.0083 0.747624 4358 1.10349
637575396 54.3565 0.642293 6014 1.13215
637608164 33.6299 1.99288 562 1.1196
637640932 34.1463 7.40577 41 1.15385
637575398 51.4623 0.615241 6599 1.24316
637608166 40.5042 2.01249 595 1.33092
637640934 39.2857 9.22962 28 1.2
637575400 58.6882 1.43707 1174 1.0617
637608168 67.8752 0.804977 3365 1.08887
637640936 63.2439 0.736544 4285 1.09803
637575402 44.0336 1.43907 1190 1.09214
637608170 42.2235 0.849309 3382 1.0667
637640938 58.7553 0.73523 4483 1.09732
637575524 49.6221 0.640902 6086 1.11622
637608292 30.2658 2.07752 489 1.10648
637641060 17.2414 7.01445 29 1.11111
637575526 63.2379 0.606547 6319 1.10632
637608294 37.0166 2.0721 543 1.11656
637641062 14.2857 7.63604 21 1.2
637575528 33.2474 1.38082 1164 1.0443
637608296 30.3021 0.783323 3442 1.05356
637641064 28.304 0.676509 4434 1.07499
637575530 41.597 1.5019 1077 1.09524
637608298 29.9367 0.795197 3317 1.06168
637641066 34.1171 0.741964 4083 1.07016
637575652 35.2752 0.621813 5905 1.11841
637608420 26.2156 2.02224 473 1.11224
637641188 10.3448 5.65523 29 1.25
637575654 24.1795 0.602043 5058 1.07416
637608422 32.6389 1.95371 576 1.14483
637641190 22.5806 7.50952 31 1.06667
637575656 47.8745 1.58927 988 1.08132
637608424 40.2174 0.852019 3312 1.09005
637641192 41.8466 0.747607 4354 1.10738
637575658 37.0847 1.58137 933 1.10194
637608426 30.0844 0.898402 2606 1.10852
637641194 33.8696 0.802146 3481 1.11438
637575780 62.6808 0.642306 5670 1.1149
637608548 49.7238 2.6279 362 1.14483
637641316 31.5789 10.6639 19 1
637575782 51.5839 0.633712 6219 1.35789
637608550 33.2665 2.10924 499 1.16434
637641318 10 5.47723 30 1.28571
637575784 66.9065 1.50851 973 1.0817
637608552 59.3321 0.848182 3354 1.11283
637641320 67.1046 0.732863 4110 1.25912
637575786 42.2967 1.52825 1045 1.07976
637608554 35.5482 0.831853 3311 1.09453
637641322 44.6684 0.761072 4267 1.1413
637575908 71.5924 0.608369 5495 1.13497
637608676 55.8376 2.50174 394 1.17252
637641444 42.1053 11.3269 19 1.21429
637575910 60.1647 0.622092 6193 1.10879
637608678 43.2203 2.28018 472 1.14067
637641446 33.3333 12.1716 15 1.2
637575912 67.3828 1.46503 1024 1.06383
637608680 54.8519 0.883308 3174 1.07581
637641448 64.9666 0.75067 4039 1.12097
637575914 64.1548 1.53029 982 1.1292
637608682 59.2809 0.840001 3421 1.16898
637641450 62.3629 0.732373 4376 1.09834
637579364 43.7467 0.807506 3774 1.16686
637612132 34.5361 2.41391 388 1.14403
637644900 37.037 9.29349 27 1.15
637579366 47.2196 0.76309 4280 1.20593
637612134 53.8259 2.5608 379 1.15385
637644902 31.0345 8.59091 29 1.29167
637579368 27.0479 1.23486 1294 1.05252
637612136 35.9778 0.86718 3063 1.06949
637644904 45.5995 0.889392 3136 1.079
637579370 55.3744 1.35344 1349 1.09516
637612138 32.5627 0.84561 3071 1.10737
637644906 46.626 0.89425 3112 1.13658
637579492 63.0496 0.810324 3548 1.11994
637612260 49.2375 2.33353 459 1.15847
637645028 45.1613 8.93812 31 1.22222
637579494 73.1691 0.657081 4547 1.22472
637612262 49.5935 2.2541 492 1.16867
637645030 50 8.57493 34 1.28571
637579496 44.9527 1.39697 1268 1.08762
637612264 51.5516 0.912888 2997 1.07534
637645032 59.6882 0.87496 3143 1.09482
637579498 53.1159 1.34334 1380 1.0864
637612266 53.0723 0.89046 3141 1.09529
637645034 59.9293 0.841157 3394 1.14509
637579620 41.1636 0.813355 3661 1.10324
637612388 40.7216 2.49428 388 1.12749
637645156 28 8.97998 25 1
637579622 46.8934 0.72301 4764 1.3221
637612390 39.8601 2.36386 429 1.12621
637645158 63.6364 10.2559 22 1.27778
637579624 37.4804 1.35408 1278 1.05528
637612392 18.2132 0.683344 3190 1.09802
637645160 41.4299 0.851975 3343 1.09151
637579626 50.7302 1.38607 1301 1.14007
637612394 39.0229 0.852388 3275 1.07742
637645162 55.1734 0.845463 3460 1.17018
637579748 34.2613 0.787914 3628 1.20392
637612516 42 2.46779 400 1.10909
637645284 48.1481 9.6159 27 1.16
637579750 0 0 4490 0
637612518 0 0 378 0
637645286 0 0 23 0
637579752 38.3784 1.35137 1295 1.09929
637612520 27.6957 0.793426 3181 1.08984
637645288 44.1246 0.855334 3370 1.09448
637579754 4.68864 0.572176 1365 1.05128
637612522 18.2494 0.694175 3096 1.10336
637645290 27.7059 0.767535 3400 1.1093
637579876 54.5797 0.881823 3188 1.12355
637612644 40.413 2.66524 339 1.19583
637645412 66.6667 9.07218 27 1.3
637579878 56.1032 0.797213 3875 1.13016
637612646 37.1795 2.73606 312 1.15534
637645414 60 10.9545 20 1.41667
637579880 41.0596 1.4154 1208 1.10046
637612648 55.9841 0.942505 2774 1.10489
637645416 57.9993 0.921455 2869 1.102
637579882 52.4656 1.4199 1237 1.11439
637612650 48.4547 0.958601 2718 1.05527
637645418 60.5529 0.897407 2966 1.09324
637580004 51.2766 0.941247 2820 1.10877
637612772 48.329 2.53368 389 1.09818
637645540 58.3333 10.0635 24 1.08571
637580006 52.4746 0.726271 4728 1.328
637612774 55.7078 2.37347 438 1.24079
637645542 59.0909 10.4824 22 1.6129
637580008 60.5505 1.48036 1090 1.12946
637612776 52.4954 0.953141 2745 1.19806
637645544 65.4986 0.903548 2768 1.18208
637580010 56.936 1.36705 1312 1.11719
637612778 62.1889 0.866197 3134 1.09576
637645546 63.9886 0.810248 3510 1.13352
637583460 44.7097 0.63581 6115 1.15276
637616228 18.1237 1.77875 469 1.0678
637648996 18.5185 7.47568 27 1
637583462 36.1408 0.675493 5058 1.13704
637616230 18.2692 1.69454 520 1.12782
637648998 4.34783 4.25226 23 1
637583464 34.8509 1.33498 1274 1.06316
637616232 46.5558 0.852204 3426 1.10096
637649000 45.7084 0.750656 4404 1.0892
637583466 46.2659 1.50472 1098 1.10864
637616234 42.7973 0.965905 2624 1.07865
637649002 47.9589 0.856149 3405 1.05415
637583588 47.7742 0.629816 6290 1.11291
637616356 35.6215 2.06268 539 1.11986
637649124 32.3529 8.02309 34 1.33333
637583590 51.8028 0.606168 6795 1.09217
637616358 23.2236 1.75789 577 1.08584
637649126 19.5122 6.18908 41 1.06667
637583592 36.8499 1.31487 1346 1.1221
637616360 40.904 0.821255 3584 1.08652
637649128 53.9069 0.738496 4556 1.08836
637583594 50.4833 1.36329 1345 1.11787
637616362 31.1339 0.770986 3607 1.07893
637649130 42.1807 0.745097 4393 1.08835
637583716 34.9695 0.603976 6234 1.10603
637616484 30.5606 1.95894 553 1.14865
637649252 26.4706 7.56611 34 1.19048
637583718 45.7519 0.606111 6756 1.09132
637616486 19.5161 1.59168 620 1.08837
637649254 18.75 6.89981 32 1.08333
637583720 51.0655 1.37903 1314 1.08418
637616488 44.1509 0.846025 3445 1.05338
637649256 42.1099 0.733495 4531 1.07005
637583722 25.9095 1.30512 1127 1.13256
637616490 26.2567 0.756649 3382 1.08136
637649258 27.5369 0.667833 4474 1.05428
637583844 65.9863 0.628442 5683 1.13668
637616612 34.8601 2.40376 393 1.18018
637649380 27.5862 8.29961 29 1.47059
637583846 51.0502 0.610121 6713 1.08863
637616614 29.2543 1.98927 523 1.06224
637649382 25 10.8253 16 1.16667
637583848 49.274 1.50603 1102 1.11786
637616616 42.3714 0.857216 3323 1.08389
637649384 53.4016 0.75246 4395 1.12524
637583850 44.3816 1.41262 1237 1.06471
637616618 51.4116 0.839794 3542 1.06366
637649386 64.1147 0.720831 4428 1.11578
637583972 51.0379 0.660215 5733 1.15482
637616740 49.7059 2.71158 340 1.17204
637649508 47.3684 11.4549 19 1.33333
637583974 70.923 0.613336 5482 1.20216
637616742 53.2787 2.60792 366 1.18482
637649510 12.5 8.26797 16 1.4
637583976 55.1515 1.4634 1155 1.06688
637616744 52.8533 0.862847 3347 1.08694
637649512 57.2736 0.748144 4372 1.17819
637583978 57.0416 1.47324 1129 1.14417
637616746 52.8462 0.855097 3408 1.13534
637649514 58.7369 0.758564 4212 1.1599
637584100 22.1455 0.538846 5938 1.13414
637616868 18.4843 1.66887 541 1.10778
637649636 10.8696 4.58923 46 1.25
637584102 42.5089 0.630176 6154 1.09226
637616870 39.3103 2.02813 580 1.2134
637649638 24.1379 7.94627 29 1.31818
637584104 27.4099 1.29143 1193 1.04851
637616872 27.5266 0.757903 3473 1.09477
637649640 48.9342 0.752752 4410 1.14418
637584106 28.1304 1.31677 1166 1.22063
637616874 20.0361 0.694261 3324 1.05662
637649642 32.6773 0.709518 4370 1.11528
637587556 60.7964 0.904548 2913 1.1162
637620324 34.7962 2.6669 319 1.0977
637653092 46.1538 9.77675 26 1.45455
637587558 41.7744 0.777469 4024 1.10747
637620326 31.0513 2.28792 409 1.09744
637653094 25 8.83883 24 1.29412
637587560 47.8677 1.47372 1149 1.06501
637620328 34.4992 0.875962 2945 1.10166
637653096 36.5726 0.898876 2871 1.12237
637587562 76.73 1.16525 1315 1.12962
637620330 56.3789 0.890114 3104 1.09227
637653098 71.3519 0.803518 3166 1.10762
637587684 61.5904 0.852251 3257 1.13589
637620452 37.0667 2.49412 375 1.11
637653220 33.3333 8.60663 30 1.27778
637587686 51.5514 0.78116 4093 1.16734
637620454 42.0673 2.4204 416 1.15254
637653222 43.75 8.76951 32 1.17647
637587688 48.4826 1.3597 1351 1.04703
637620456 36.3695 0.864571 3096 1.07401
637653224 46.2479 0.906528 3025 1.0631
637587690 59.8665 1.33506 1348 1.06802
637620458 40.7637 0.865836 3221 1.06991
637653226 45.4925 0.860351 3350 1.07017
637587812 41.2948 0.817208 3630 1.11054
637620580 17.3913 1.64798 529 1.09694
637653348 27.7778 7.46505 36 1.08571
637587814 35.7159 0.717248 4463 1.08091
637620582 39.0852 2.22482 481 1.11573
637653350 37.5 8.55817 32 1.16667
637587816 36.3196 1.36627 1239 1.1011
637620584 33.4564 0.827786 3249 1.12039
637653352 49.6352 0.837509 3564 1.11949
637587818 50.487 1.42444 1232 1.15917
637620586 36.9221 0.858768 3158 1.07109
637653354 48.9737 0.849969 3459 1.13842
637587940 55.8649 0.878194 3197 1.14586
637620708 32.4405 2.55398 336 1.15736
637653476 30.5556 7.67737 36 1
637587942 0 0 3850 0
637620710 0 0 364 0
637653478 0 0 38 0
637587944 42.6445 1.46348 1142 1.07259
637620712 28.1417 0.822116 2992 1.12413
637653480 55.8694 0.879699 3186 1.15721
637587946 39.034 1.37266 1263 1.06874
637620714 46.7191 0.92235 2926 1.06256
637653482 58.7368 0.881513 3119 1.10498
637588068 56.6958 0.9089 2972 1.14578
637620836 38.1818 2.67442 330 1.12139
637653604 40.9091 10.4824 22 1
637588070 45.8535 0.841162 3509 1.18411
637620838 46.3087 2.88852 298 1.13559
637653606 47.3684 11.4549 19 1.1
637588072 21.7088 1.21729 1147 1.04167
637620840 24.144 0.804038 2833 1.03981
637653608 44.3543 0.877409 3206 1.06899
637588074 44.5854 1.44577 1182 1.1805
637620842 28.384 0.837804 2896 1.07938
637653610 43.4215 0.906902 2987 1.09468
637588196 25.6729 0.743168 3455 1.10861
637620964 24.8162 1.85195 544 1.13333
637653732 24.3902 6.70664 41 1.23529
637588198 58.7966 0.763584 4155 1.08973
637620966 27.7467 1.93218 537 1.13953
637653734 17.1429 6.37049 35 1.28
637588200 46.9274 1.40985 1253 1.06371
637620968 32.8189 0.833324 3175 1.06737
637653736 61.6635 0.867948 3138 1.10358
637588202 25.0386 1.20436 1294 1.04394
637620970 25.0385 0.760764 3243 1.06096
637653738 41.3652 0.873474 3179 1.08703
