637566980 39.6453 1.16999 1748 1.15391
637599748 22.6857 0.771202 2949 1.21661
637632516 30.5627 0.706889 4247 1.206
637566982 67.0151 1.13299 1722 1.21177
637599750 38.0822 0.898623 2920 1.17981
637632518 33.7679 0.697129 4602 1.16452
637566984 23.8095 6.57205 42 1.07143
637599752 25.8907 2.13485 421 1.15854
637632520 35.5056 2.26845 445 1.14545
637566986 36.8421 6.38923 57 1.4
637599754 35.3383 2.3931 399 1.11446
637632522 44.9309 2.38771 434 1.1015
637567108 68.097 1.16235 1608 1.18065
637599876 54.1501 0.948622 2759 1.1784
637632644 53.5466 0.759337 4314 1.22274
637567110 55.119 1.21346 1680 1.14957
637599878 53.0756 0.914963 2975 1.1355
637632646 55.5263 0.707029 4940 1.16022
637567112 30.8824 5.60267 68 1.33333
637599880 38.8506 2.33695 435 1.17619
637632648 45.7002 2.46923 407 1.16667
637567114 63.0137 5.65036 73 1.38571
637599882 35.9102 2.39569 401 1.12865
637632650 47.4359 2.30821 468 1.11744
637567236 59.078 1.17302 1757 1.1413
637600004 61.4777 0.902129 2910 1.18977
637632772 56.8645 0.745456 4414 1.19077
637567238 22.3891 1.08908 1465 1.27235
637600006 17.0023 0.73928 2582 1.1763
637632774 17.0188 0.572621 4307 1.24975
637567240 21.875 5.16748 64 1.05882
637600008 23.5294 2.01763 442 1.22727
637632776 18.6441 1.91642 413 1.15741
637567242 46 7.0484 50 1.11905
637600010 46.4789 2.41649 426 1.09877
637632778 45.8525 2.39181 434 1.13402
637567364 55.5419 1.22968 1633 1.16032
637600132 53.4754 0.932197 2863 1.17148
637632900 54.5389 0.769615 4186 1.18266
637567366 55.5839 1.25519 1567 1.25907
637600134 50.5882 0.973979 2635 1.26371
637632902 39.0673 0.723631 4546 1.23604
637567368 12.6984 4.19484 63 1
637600136 9.39759 1.43237 415 1.09302
637632904 10.1617 1.45201 433 1.18293
637567370 29.1667 6.56057 48 1.22222
637600138 15.7068 1.86169 382 1.06944
637632906 12.0181 1.54845 441 1.22105
637567492 25.428 1.09655 1577 1.13451
637600260 42.3794 0.927109 2841 1.16499
637633028 43.5196 0.774566 4097 1.12397
637567494 11.2875 0.767253 1701 1.20866
637600262 41.3311 0.909722 2930 1.29679
637633030 52.0922 0.72993 4684 1.3819
637567496 11.2903 4.01923 62 1.11111
637600264 5.66572 1.23048 353 1.86364
637633032 10.1928 1.588 363 1.32143
637567498 0 0 64 0
637600266 0 0 367 0
637633034 0 0 451 0
637567620 27.019 1.0821 1684 1.17423
637600388 24.6486 0.818108 2775 1.14539
637633156 25.828 0.688101 4046 1.17949
637567622 37.047 1.2511 1490 1.14003
637600390 26.6176 0.869934 2581 1.12873
637633158 25.1328 0.659284 4329 1.15355
637567624 1.6129 1.59984 62 1
637600392 7.88804 1.35971 393 1.08889
637633160 8.20734 1.2756 463 1.21429
637567626 20 5.16398 60 1.42857
637600394 9.39086 1.46957 394 1.03333
637633162 11.7271 1.48567 469 1.02941
637571076 23.4528 1.08145 1535 1.23793
637603844 33.6678 1.05856 1993 1.18601
637636612 32.7285 0.852286 3031 1.22643
637571078 56.0893 1.29089 1478 1.19269
637603846 40.461 1.08695 2039 1.09727
637636614 43.6984 0.822812 3634 1.17925
637571080 39.5833 7.05853 48 1.08333
637603848 20.5931 1.64133 607 1.18621
637636616 26.2295 1.87737 549 1.10989
637571082 42.6471 5.99747 68 1.05714
637603850 29.8658 1.87469 596 1.10849
637636618 29.065 2.04707 492 1.12683
637571204 69.7422 1.19651 1474 1.44129
637603972 75.1286 1.03361 1749 1.65901
637636740 74.7415 0.83495 2708 1.64041
637571206 56.2753 1.28854 1482 1.12342
637603974 54.341 1.13916 1912 1.18269
637636742 54.608 0.825782 3635 1.21185
637571208 66.6667 6.24391 57 1.13953
637603976 50.3636 2.13195 550 1.10312
637636744 52.0295 2.14591 542 1.08475
637571210 71.4286 6.45363 49 1.19298
637603978 61.985 2.10063 534 1.09763
637636746 65.1838 2.09515 517 1.19274
637571332 32.9911 1.2301 1461 1.19809
637604100 41.6894 1.15098 1835 1.15064
637636868 37.2011 0.906336 2844 1.21856
637571334 56.6257 1.26002 1547 1.20322
637604102 80.9668 0.880887 1986 1.51516
637636870 83.5538 0.59704 3855 1.69258
637571336 18.1818 5.2007 55 1.15385
637604104 43.6842 2.07749 570 1.10309
637636872 46.3221 2.22335 503 1.14238
637571338 24.0741 5.81799 54 1
637604106 21.7082 1.73901 562 1.08054
637636874 13.2007 1.43944 553 1.144
637571460 37.7645 1.24677 1512 1.18362
637604228 33.0894 1.07581 1913 1.18154
637636996 38.0952 0.874035 3087 1.26147
637571462 36.1055 1.24892 1479 1.15057
637604230 31.5928 1.06764 1896 1.14756
637636998 26.1583 0.70905 3842 1.13085
637571464 32.6087 6.91178 46 1.15
637604232 20.7171 1.80885 502 1.1295
637637000 28.9583 2.07025 480 1.13939
637571466 30 6.48074 50 1.48276
637604234 13.8937 1.43249 583 1.23529
637637002 14.313 1.52988 524 1.31429
637571588 4.36288 0.537547 1444 1.29752
637604356 4.2754 0.476698 1801 1.28269
637637124 6.38767 0.468526 2724 1.47106
637571590 19.7917 1.04995 1440 1.12308
637604358 32.3951 1.09938 1812 1.14678
637637126 39.8719 0.8552 3278 1.1768
637571592 22 5.85833 50 1.13333
637604360 6.72897 1.08311 535 1.18182
637637128 8.38095 1.20937 525 1.52778
637571594 8.92857 3.81055 56 2.66667
637604362 10.2467 1.32103 527 1.15517
637637130 11.1111 1.39987 504 1.34286
637571716 34.691 1.26136 1424 1.16539
637604484 33.6364 1.12619 1760 1.16509
637637252 35.9039 0.908532 2788 1.17668
637571718 31.7923 1.2419 1406 1.13255
637604486 46.2832 1.16146 1843 1.16149
637637254 43.2221 0.858848 3327 1.18359
637571720 10.2041 4.32431 49 1
637604488 3.40265 0.788249 529 1.24138
637637256 9.33099 1.22045 568 1.3375
637571722 10.9091 4.20368 55 1.27778
637604490 13.2007 1.43944 553 1.17045
637637258 13.3201 1.51506 503 1.23404
637575172 42.5834 1.22928 1618 1.16754
637607940 21.2403 0.788159 2693 1.30217
637640708 11.0714 0.501164 3920 1.38642
637575174 60.2374 1.19226 1685 1.17096
637607942 48.3927 0.934137 2862 1.13901
637640710 59.8601 0.724784 4574 1.19442
637575176 31.5789 6.15682 57 1.1
637607944 25.1816 2.13585 413 1.06081
637640712 33.6601 2.70137 306 1.07143
637575178 52 7.06541 50 1.075
637607946 16.4975 1.86987 394 1.22785
637640714 22.8916 2.06236 415 1.15267
637575300 62.9501 1.16379 1722 1.20138
637608068 56.7448 0.913244 2943 1.20683
637640836 52.2426 0.7556 4370 1.19931
637575302 48.3721 1.20497 1720 1.16279
637608070 34.0447 0.865289 2999 1.16022
637640838 34.2517 0.685599 4791 1.17137
637575304 75.9259 5.81799 54 1.22449
637608072 58.5526 2.30696 456 1.17702
637640840 61.573 2.30586 445 1.15718
637575306 44.4444 6.2604 63 1.12195
637608074 65.5814 2.29115 430 1.10324
637640842 59.1241 2.42491 411 1.17836
637575428 52.4114 1.20385 1721 1.33985
637608196 67.2766 0.880135 2842 1.25803
637640964 70.1657 0.694185 4344 1.33503
637575430 45.664 1.22665 1649 1.19755
637608198 40.7884 0.970917 2562 1.42341
637640966 32.7162 0.680538 4753 1.44783
637575432 12.963 4.57096 54 1.3
637608200 18.4729 1.926 406 1.14141
637640968 35.0427 2.54659 351 1.1465
637575434 41.8605 7.52322 43 1.21429
637608202 32.0388 2.2989 412 1.10738
637640970 28.9673 2.27661 397 1.14124
637575556 19.6845 0.998729 1585 1.20423
637608324 14.4813 0.66792 2776 1.3763
637641092 16.2215 0.57707 4081 1.33795
637575558 8.69565 0.80704 1219 1.30794
637608326 8.09 0.596604 2089 1.19816
637641094 7.48447 0.463724 3220 1.43095
637575560 27.6923 5.55028 65 1.19048
637608328 16.8022 1.94637 369 1.22892
637641096 25.1928 2.20108 389 1.13699
637575562 32.0755 6.41153 53 1.09677
637608330 19.7531 1.97835 405 1.15217
637641098 29.602 2.27681 402 1.12805
637575684 38.602 1.22168 1588 1.13874
637608452 36.5492 0.927637 2695 1.17331
637641220 40.5419 0.777658 3986 1.18343
637575686 36.988 1.21186 1587 1.28248
637608454 24.2063 0.81355 2772 1.26208
637641222 28.3341 0.666289 4574 1.27793
637575688 12.3596 3.48866 89 1.15
637608456 12.4011 1.69301 379 1.22951
637641224 21.3115 1.98175 427 1.18103
637575690 8.16327 3.91149 49 1.5
637608458 7.56501 1.28574 423 1.43902
637641226 10.2493 1.59629 361 1.09434
637575812 17.4153 0.996968 1447 1.24058
637608580 25.7967 0.852159 2636 1.14378
637641348 26.7977 0.712328 3866 1.23244
637575814 20.4962 0.981074 1693 1.23903
637608582 26.3884 0.81857 2899 1.13415
637641350 26.8694 0.67033 4373 1.18815
637575816 32.8571 5.61391 70 1.03846
637608584 12.362 1.54647 453 1.16667
637641352 20.9906 1.97774 424 1.11009
637575818 10.3448 3.99885 58 1.52381
637608586 6.5534 1.21918 412 1.16667
637641354 3.76884 0.954598 398 1.66667
637579268 36.0549 1.22715 1531 1.18362
637612036 23.6267 0.981006 1875 1.30221
637644804 21.888 0.739668 3125 1.46873
637579270 78.7758 1.05471 1503 1.43666
637612038 18.896 0.901914 1884 1.3628
637644806 67.7112 0.771833 3670 1.38929
637579272 48.3333 6.45139 60 1.25
637612040 26.6294 1.90746 537 1.12121
637644808 35.8156 2.01888 564 1.15726
637579274 55.0725 5.98824 69 1
637612042 33.1046 1.94898 583 1.14155
637644810 24.6 1.92605 500 1.08904
637579396 51.9231 1.28661 1508 1.25076
637612164 50.8509 1.11843 1998 1.27169
637644932 35.2394 0.886638 2903 1.30934
637579398 48.3656 1.29073 1499 1.28879
637612166 56.4052 1.10496 2014 1.2849
637644934 67.5895 0.782679 3576 1.38932
637579400 0 0 51 0
637612168 54.562 2.12699 548 1.11517
637644936 50.7273 2.13178 550 1.12069
637579402 65.6716 5.80067 67 1.08
637612170 45.0271 2.11567 553 1.07958
637644938 48.6792 2.1711 530 1.18373
637579524 32.1552 1.22956 1443 1.1572
637612292 29.5874 1.06349 1842 1.3276
637645060 33.4882 0.859797 3013 1.40539
637579526 51.8447 1.27119 1545 1.30389
637612294 34.1032 1.05087 2035 1.21254
637645062 42.1951 0.788103 3927 1.27002
637579528 52.1739 6.0136 69 1.13953
637612296 33.0224 2.03136 536 1.16017
637645064 32.8947 2.20018 456 1.19512
637579530 33.3333 6.24391 57 1.08333
637612298 17.4419 1.67052 516 1.075
637645066 25.1938 1.91113 516 1.17964
637579652 20.3776 1.02778 1536 1.20627
637612420 25.7 0.977116 2000 1.22931
637645188 31.9511 0.85967 2942 1.19396
637579654 19.8644 1.03885 1475 1.31436
637612422 31.4244 1.02703 2043 1.17758
637645190 28.5396 0.753195 3595 1.28172
637579656 12.5 5.22913 40 1
637612424 7.35587 1.16397 503 1.15
637645192 9.34579 1.40695 428 1.10204
637579658 27.5862 5.86871 58 1.1
637612426 12.6582 1.41395 553 1.14286
637645194 24.6521 1.92167 503 1.16667
637579780 8.42185 0.764966 1318 1.35
637612548 10.1158 0.744367 1641 1.21543
637645316 16.9225 0.725499 2671 1.16943
637579782 32.7011 1.29219 1318 1.15324
637612550 24.9551 1.05865 1671 1.1648
637645318 20.7565 0.717054 3199 1.17903
637579784 3.0303 2.11003 66 1
637612552 5.09434 0.955107 530 1.34375
637645320 6.07287 1.07456 494 1.2619
637579786 9.80392 4.16398 51 1
637612554 12.8107 1.46139 523 1.12658
637645322 13.8 1.54244 500 1.06024
637579908 20.1602 1.03658 1498 1.33896
637612676 25.6977 1.00273 1899 1.38224
637645444 15.9786 0.691213 2810 1.45436
637579910 33.4845 1.20105 1544 1.18053
637612678 38.6542 1.0792 2036 1.24734
637645446 30.7112 0.75714 3712 1.27327
637579912 15.625 4.53865 64 1.09091
637612680 7.41445 1.1424 526 1.32692
637645448 5.17241 0.969346 522 1.10526
637579914 27.7778 6.09519 54 1.1
637612682 14.239 1.41372 611 1.08911
637645450 9.78044 1.32712 501 1.2029
637583364 67.4023 1.17701 1586 1.17945
637616132 62.741 0.905192 2853 1.20517
637648900 65.8625 0.7365 4145 1.28853
637583366 64.3515 1.27508 1411 1.25129
637616134 59.991 1.04049 2217 1.20288
637648902 51.131 0.835327 3581 1.19863
637583368 33.9286 6.32697 56 1.05
637616136 25.2747 2.27786 364 1.1405
637648904 19.6078 1.85317 459 1.17829
637583370 51.4706 6.06077 68 1
637616138 36.6906 2.36017 417 1.08989
637648906 33.9806 2.33347 412 1.18687
637583492 68.8273 1.12441 1697 1.2038
637616260 63.2799 0.890079 2933 1.17871
637649028 53.8642 0.764042 4257 1.17997
637583494 36.4212 1.15427 1738 1.23233
637616262 5.26676 0.41308 2924 1.20045
637649030 2.95699 0.243592 4836 1.77591
637583496 10.1695 3.93492 59 1.14286
637616264 23.5012 2.07637 417 1.20536
637649032 17.9775 1.82034 445 1.14151
637583498 61.3636 7.34053 44 1.2619
637616266 65.6463 2.76961 294 1.1048
637649034 70.3364 2.52597 327 1.09635
637583620 57.7988 1.28335 1481 1.17168
637616388 55.1883 1.01723 2390 1.16324
637649156 44.4345 0.857222 3360 1.16432
637583622 25.1404 1.08353 1603 1.31447
637616390 49.4835 0.927788 2904 1.60526
637649158 16.7022 0.544417 4694 1.75567
637583624 34.6154 6.59737 52 1.4
637616392 16.8591 1.79921 433 1.13158
637649160 19.6388 1.88747 443 1.16379
637583626 40.8163 7.02134 49 1.06452
637616394 31.3817 2.24566 427 1.08
637649162 36.1991 2.28587 442 1.14222
637583748 18.5065 0.989608 1540 1.3151
637616516 39.2958 0.91648 2840 1.17658
637649284 38.6679 0.753777 4174 1.16063
637583750 8.91449 0.701718 1649 1.28571
637616518 10.8865 0.586532 2820 1.30994
637649286 13.7782 0.493902 4870 1.40471
637583752 19.6721 5.08972 61 1
637616520 5.18519 1.10177 405 1.06897
637649288 7.90068 1.28162 443 1.11765
637583754 14.0351 4.60077 57 1.11765
637616522 7.57576 1.32971 396 1.09091
637649290 20.0441 1.87884 454 1.0916
637583876 13.648 0.866956 1568 1.23256
637616644 10.7406 0.58009 2849 1.18661
637649412 6.86747 0.392577 4150 1.20498
637583878 12.0452 0.815252 1594 1.2702
637616646 0 0 2677 0
637649414 27.4238 0.7025 4033 1.31803
637583880 21.7391 6.08155 46 1.55
637616648 6.40668 1.29238 359 1.17857
637649416 14.8984 1.69175 443 1.18293
637583882 5.17241 2.90804 58 1.14286
637616650 8.35655 1.46055 359 1.21212
637649418 11.358 1.57668 405 1.11111
637584004 40.0841 1.20138 1664 1.13599
637616772 44.1908 0.916674 2935 1.17021
637649540 37.6153 0.754881 4118 1.17794
637584006 0 0 1699 0
637616774 0 0 2892 0
637649542 0 0 4463 0
637584008 2.32558 2.29838 43 1
637616776 28.0612 2.2693 392 1.06164
637649544 29.2308 2.13224 455 1.17838
637584010 20 6.32456 40 1.08333
637616778 11.7949 1.63328 390 1.17647
637649546 12.9098 1.51787 488 1.1573
637587460 48.0304 1.3134 1447 1.22588
637620228 44.784 1.14142 1898 1.28307
637652996 62.9642 0.887289 2962 1.26136
637587462 49.2382 1.31564 1444 1.26536
637620230 44.1298 1.12676 1942 1.30025
637652998 57.9592 0.842849 3430 1.35359
637587464 54.2857 5.95415 70 1.21951
637620232 40.9023 1.90655 665 1.08442
637653000 42.4 2.21009 500 1.09286
637587466 40.9836 6.2969 61 1.12195
637620234 38.6023 1.98585 601 1.10506
637653002 53.9961 2.20049 513 1.16011
637587588 64.5424 1.24561 1475 1.1919
637620356 46.904 1.1336 1938 1.30391
637653124 66.0187 0.898643 2778 1.24858
637587590 72.3982 1.13655 1547 1.21649
637620358 68.4268 1.08447 1837 1.36118
637653126 73.5088 0.738457 3571 1.33921
637587592 32.7586 6.16264 58 1
637620360 27.918 1.7816 634 1.1215
637653128 19.4861 1.8329 467 1.16279
637587594 38.7097 6.186 62 1.06667
637620362 37.4593 1.95334 614 1.06589
637653130 26.378 1.95521 508 1.09189
637587716 44.095 1.3125 1431 1.16846
637620484 45.9828 1.12032 1979 1.13908
637653252 37.7763 0.894005 2941 1.16545
637587718 54.3552 1.29431 1481 1.16167
637620486 38.6802 1.06888 2076 1.20019
637653254 39.952 0.80016 3747 1.2213
637587720 58.1818 6.65112 55 1.26471
637620488 32.3283 1.91429 597 1.09483
637653256 46.4968 2.29822 471 1.09825
637587722 60 7.30297 45 1.08163
637620490 26.049 1.83514 572 1.20904
637653258 31.3043 2.16216 460 1.17112
637587844 12.1831 0.868008 1420 1.16804
637620612 10.7643 0.719016 1858 1.13857
637653380 10.956 0.591006 2793 1.21477
637587846 13.4574 0.913056 1397 1.16447
637620614 21.1528 0.966083 1787 1.1644
637653382 19.8664 0.679983 3443 1.15098
637587848 18.6047 5.93439 43 1.2
637620616 9.40594 1.18581 606 1.14706
637653384 8.95196 1.33402 458 1.43056
637587850 9.25926 3.9445 54 1.46667
637620618 9.64567 1.30981 508 1.08475
637653386 13.0045 1.59268 446 1.28916
637587972 9.00439 0.774483 1366 1.29617
637620740 19.3182 0.941054 1760 1.3215
637653508 20.8658 0.802492 2564 1.47669
637587974 33.8018 1.28648 1352 1.18095
637620742 35.3779 1.11894 1826 1.16925
637653510 32.8216 0.822784 3257 1.1607
637587976 5.66038 3.17418 53 1
637620744 5.27211 0.9216 588 1.14634
637653512 11.2128 1.50936 437 1.1
637587978 5.08475 2.86007 59 1
637620746 7.93388 1.09879 605 1.12281
637653514 9.67033 1.38558 455 1.03774
637588100 28.6277 1.15827 1523 1.22654
637620868 25.065 0.988295 1923 1.26718
637653636 18.7112 0.723965 2902 1.36971
637588102 46.2168 1.30169 1467 1.28255
637620870 27.5845 0.989297 2041 1.19963
637653638 29.7344 0.772511 3501 1.17416
637588104 14.2857 5.39949 42 1.41667
637620872 11.8421 1.31037 608 1.24675
637653640 16.5414 1.61089 532 1.14815
637588106 25.8621 5.7496 58 1.14706
637620874 21.5232 1.67227 604 1.21192
637653642 18.9076 1.79475 476 1.15966
637567012 44.7525 1.10634 2020 1.27029
637599780 39.8928 0.8449 3359 1.27763
637632548 62.5 0.900859 2888 1.41934
637567014 30.1086 1.01915 2026 1.22869
637599782 11.4574 0.548743 3369 1.23529
637632550 16.6727 0.706545 2783 1.17617
637567016 36.5854 7.5224 41 1
637599784 31.1523 1.44724 1024 1.13735
637632552 39.2238 1.40304 1211 1.16147
637567018 33.9286 6.32697 56 1.08
637599786 30.945 1.48963 963 1.1516
637632554 40.3448 1.44042 1160 1.1376
637567140 44.6211 1.14434 1887 1.28904
637599908 23.1653 0.753612 3134 1.24938
637632676 51.3774 0.927485 2904 1.34191
637567142 26.591 0.98133 2027 1.21415
637599910 35.7913 0.818418 3431 1.25314
637632678 39.2699 0.902036 2931 1.20066
637567144 29.7872 6.67074 47 1.42857
637599912 24.974 1.39633 961 1.13492
637632680 51.1971 1.51681 1086 1.24048
637567146 30 6.48074 50 1.04762
637599914 43.5484 1.57423 992 1.19238
637632682 47.265 1.45957 1170 1.15541
637567268 32.9039 1.04595 2018 1.27564
637600036 25.1369 0.756757 3286 1.20841
637632804 27.2757 0.808841 3032 1.18616
637567270 44.495 1.11684 1980 1.2896
637600038 48.8909 0.877382 3246 1.22496
637632806 48.2471 0.930961 2881 1.21147
637567272 38.2353 8.33418 34 1.40625
637600040 7.38046 0.842957 962 1.14035
637632808 7.92327 0.780041 1199 1.24713
637567274 14.6341 5.51993 41 1
637600042 48.5485 1.58126 999 1.10351
637632810 59.1068 1.45483 1142 1.172
637567396 29.734 1.05419 1880 1.33784
637600164 30.0553 0.803765 3254 1.30835
637632932 46.1723 0.923684 2913 1.53167
637567398 24.3931 1.04496 1689 1.15315
637600166 34.1385 0.893715 2815 1.25283
637632934 48.8506 0.978442 2610 1.29472
637567400 17.0213 5.48189 47 1.11765
637600168 13.3333 1.09713 960 1.11154
637632936 29.7817 1.35144 1145 1.1521
637567402 12.5 5.22913 40 1
637600170 16.7816 1.26697 870 1.13089
637632938 38.0808 1.54329 990 1.20893
637567524 26.3073 1.0223 1855 1.36004
637600292 23.6444 0.754428 3172 1.19966
637633060 30.8205 0.864637 2852 1.43144
637567526 28.6383 1.03063 1924 1.24167
637600294 31.6783 0.811942 3283 1.15868
637633062 27.8243 0.820505 2983 1.1969
637567528 5.12821 3.53199 39 1
637600296 10.1695 1.01599 885 1.07627
637633064 15.1515 1.07042 1122 1.08787
637567530 21.0526 5.39989 57 1.05263
637600298 20.4807 1.30453 957 1.15294
637633066 33.7568 1.42449 1102 1.13417
637567652 22.7227 0.942676 1976 1.2919
637600420 31.0919 0.828272 3123 1.27717
637633188 34.2878 0.898007 2794 1.37211
637567654 18.017 0.91481 1765 1.22473
637600422 22.4483 0.78823 2802 1.18959
637633190 29.1896 0.901727 2542 1.19777
637567656 32.2034 6.08315 59 1.14286
637600424 18.7631 1.26402 954 1.08014
637633192 31.4035 1.37464 1140 1.125
637567658 7.54717 3.62839 53 1
637600426 19.979 1.29658 951 1.19679
637633194 21.6802 1.23849 1107 1.31818
637571108 29.0566 1.05416 1855 1.21379
637603876 23.9149 0.871446 2396 1.21503
637636644 40.871 1.42268 1194 1.33958
637571110 27.8367 1.03204 1886 1.22807
637603878 38.3929 1.00282 2352 1.27052
637636646 31.6308 1.39205 1116 1.23893
637571112 19.5 2.80156 200 1.25225
637603880 22.5104 1.34516 964 1.19632
637636648 19.209 1.20885 1062 1.13391
637571114 38.0091 3.26521 221 1.25455
637603882 13.8702 1.15598 894 1.13208
637636650 26.1285 1.2944 1152 1.12814
637571236 28.7663 1.10244 1686 1.22291
637604004 13.9259 0.754787 2104 1.23339
637636772 13.6282 1.03071 1108 1.21818
637571238 35.9669 1.12801 1810 1.29274
637604006 18.4687 0.835904 2155 1.13479
637636774 46.4446 1.49628 1111 1.25169
637571240 22.7778 3.12601 180 1.20732
637604008 14.1201 1.1304 949 1.24444
637636776 21.0019 1.26427 1038 1.10985
637571242 43.2584 3.71344 178 1.10084
637604010 33.4372 1.52026 963 1.12984
637636778 58.8018 1.49424 1085 1.19343
637571364 20.5128 0.974771 1716 1.32339
637604132 25.2145 0.94805 2098 1.21995
637636900 31.6112 1.37588 1142 1.34818
637571366 29.3443 1.06441 1830 1.19858
637604134 33.218 0.979541 2312 1.20218
637636902 34.2128 1.38403 1175 1.29815
637571368 15.8974 2.61849 195 1.05405
637604136 10.3896 1.00379 924 1.09028
637636904 17.2897 1.15606 1070 1.11364
637571370 38.2979 3.54534 188 1.04425
637604138 35.1967 1.5366 966 1.12776
637636906 50.7476 1.48266 1137 1.17753
637571492 11.6816 0.813755 1558 1.29067
637604260 13.0147 0.731964 2113 1.29706
637637028 14.0449 1.06319 1068 1.24434
637571494 8.90688 0.685028 1729 1.23841
637604262 19.8572 0.842695 2241 1.42923
637637030 15.417 1.04813 1187 1.26816
637571496 22.8188 3.43802 149 1.04688
637604264 10.2653 1.03076 867 1.13305
637637032 21.0643 1.35771 902 1.23028
637571498 15.4589 2.51269 207 1.18627
637604266 21.6828 1.35346 927 1.12658
637637034 29.2772 1.37637 1093 1.11009
637571620 23.095 1.02034 1706 1.34078
637604388 17.4264 0.8266 2106 1.32787
637637156 47.4026 1.52081 1078 1.26794
637571622 8.79257 0.704672 1615 1.2446
637604390 10.3298 0.670232 2062 1.23539
637637158 9.66576 0.888118 1107 1.33871
637571624 14.9171 2.64804 181 1.18519
637604392 12.9202 1.08711 952 1.11934
637637160 17.1226 1.19907 987 1.32848
637571626 29.2994 3.63238 157 1.12069
637604394 7.49186 0.867471 921 1.2809
637637162 14.8662 1.11997 1009 1.15589
637571748 23.012 1.03308 1660 1.30712
637604516 11.0829 0.70781 1967 1.20718
637637284 47.8343 1.53285 1062 1.30915
637571750 12.5147 0.802043 1702 1.1748
637604518 30.5416 1.03144 1994 1.12651
637637286 30.54 1.4054 1074 1.19076
637571752 16.3265 2.64005 196 1.13208
637604520 3.65854 0.598498 984 1.22581
637637288 17.0149 1.18531 1005 1.28153
637571754 7.61421 1.88965 197 1.06667
637604522 9.80392 0.98146 918 1.19697
637637290 23.7864 1.32667 1030 1.09732
637575204 34.8711 1.24128 1474 1.38742
637607972 23.8487 0.86415 2432 1.47775
637640740 43.5922 1.09255 2060 1.38117
637575206 6.21181 0.544644 1964 1.20875
637607974 39.2345 0.844363 3344 1.19733
637640742 50.2791 0.933953 2866 1.26774
637575208 41.6667 8.21678 36 1.33333
637607976 15.6112 1.39292 679 1.17117
637640744 28.6408 1.81854 618 1.20506
637575210 33.3333 6.80414 48 1.10714
637607978 24.2591 1.42018 911 1.125
637640746 38.1885 1.69977 817 1.17673
637575332 36.4078 1.06015 2060 1.31884
637608100 38.1976 0.839331 3351 1.27077
637640868 40.6988 0.896191 3005 1.36839
637575334 32.5073 1.03251 2058 1.21371
637608102 43.0769 0.83582 3510 1.30595
637640870 48.7269 0.933502 2867 1.30175
637575336 41.1765 6.89152 51 1.35556
637608104 27.5648 1.43843 965 1.07282
637640872 34.4468 1.53528 958 1.09225
637575338 25 6.84653 40 1
637608106 36.4372 1.53107 988 1.12761
637640874 45.8716 1.59093 981 1.16434
637575460 14.8092 0.795826 1992 1.35645
637608228 15.0204 0.63266 3189 1.36178
637640996 11.1184 0.570152 3040 1.32541
637575462 9.64409 0.707269 1742 1.18712
637608230 42.5516 0.949406 2712 1.16826
637640998 49.2087 0.959115 2717 1.18746
637575464 0 0 27 1
637608232 14.3735 1.22963 814 1.10615
637641000 14.3828 1.18092 883 1.16387
637575466 30 8.3666 30 1.09091
637608234 48.1786 1.71284 851 1.119
637641002 51.7923 1.75678 809 1.13714
637575588 25.9978 1.01868 1854 1.35793
637608356 25.08 0.775297 3126 1.20986
637641124 46.0666 0.938304 2822 1.22943
637575590 37.5915 1.24936 1503 1.20699
637608358 39.0883 0.980021 2479 1.20344
637641126 43.3028 1.06123 2180 1.20258
637575592 10.2564 4.85811 39 2
637608360 15.9198 1.25637 848 1.06915
637641128 22.2938 1.49413 776 1.09016
637575594 7.54717 3.62839 53 2
637608362 26.6892 1.48438 888 1.08475
637641130 43.0337 1.65966 890 1.15582
637575716 25.0136 1.00992 1839 1.35059
637608484 22.0531 0.746098 3088 1.27155
637641252 67.307 0.884763 2811 1.48543
637575718 8.06636 0.651336 1748 1.18212
637608486 12.0367 0.579119 3157 1.19107
637641254 7.70548 0.49351 2920 1.13028
637575720 27.0833 6.41422 48 1
637608488 14.7094 1.21993 843 1.17708
637641256 25 1.6855 660 1.0814
637575722 13.6364 5.17355 44 1
637608490 16.3449 1.32656 777 1.10692
637641258 20.3804 1.48483 736 1.12844
637575844 29.1241 1.05318 1861 1.25439
637608612 25.4742 0.787925 3058 1.1924
637641380 24.736 0.837861 2652 1.22116
637575846 26.7876 1.00805 1930 1.23214
637608614 42.47 0.867455 3247 1.21542
637641382 42.166 0.952662 2687 1.20686
637575848 18.9655 5.14758 58 1.2381
637608616 18.6927 1.32021 872 1.15649
637641384 19.8423 1.44569 761 1.09412
637575850 3.92157 2.71805 51 2.33333
637608618 3.98593 0.66982 853 1.12308
637641386 3.75469 0.672518 799 1.17949
637579300 17.6114 0.893621 1817 1.20617
637612068 19.9103 0.845619 2230 1.20279
637644836 24.3506 1.22279 1232 1.13976
637579302 39.9678 1.13455 1864 1.17768
637612070 41.6628 1.05662 2177 1.22856
637644838 45.2952 1.5119 1084 1.27547
637579304 12.9032 2.45807 186 1.18919
637612072 10.8359 0.998541 969 1.095
637644840 13.6722 1.01707 1141 1.1903
637579306 67.2811 3.18505 217 1.15026
637612074 40.4389 1.58644 957 1.079
637644842 62.3056 1.46586 1093 1.14499
637579428 30.8785 1.0596 1901 1.23463
637612196 32.5848 0.983508 2271 1.23442
637644964 46.6379 1.46473 1160 1.31868
637579430 44.0171 1.14732 1872 1.26374
637612198 36.5511 1.00877 2279 1.39707
637644966 35.6688 1.44496 1099 1.38889
637579432 42.4581 3.69442 179 1.23288
637612200 21.5563 1.33345 951 1.14577
637644968 33.8182 1.42642 1100 1.21649
637579434 44.0415 3.57343 193 1.11382
637612202 32.3621 1.50922 961 1.07637
637644970 40.1852 1.49185 1080 1.17594
637579556 18.4697 0.996643 1516 1.24687
637612324 12.567 0.731575 2053 1.38117
637645092 31.0219 1.39728 1096 1.25049
637579558 24.7265 1.00905 1828 1.21649
637612326 23.1539 0.861567 2397 1.27667
637645094 31.4751 1.36006 1166 1.28187
637579560 31.3253 3.59991 166 1.02899
637612328 10.3651 1.0461 849 1.08148
637645096 19.1207 1.25748 978 1.02899
637579562 67.0103 3.37566 194 1.19018
637612330 29.9459 1.50596 925 1.13673
637645098 46.978 1.5103 1092 1.14326
637579684 23.0726 1.00309 1764 1.26877
637612452 32.9372 0.96827 2356 1.21024
637645220 45.485 1.43988 1196 1.25
637579686 15.2909 0.847115 1805 1.29138
637612454 10.7459 0.63575 2373 1.19718
637645222 28.4979 1.32252 1165 1.26748
637579688 4.93827 1.70229 162 1.02083
637612456 10.8642 1.09341 810 1.12834
637645224 13.7736 1.0585 1060 1.21515
637579690 39.8844 3.72282 173 1.10345
637612458 16.1716 1.22121 909 1.15455
637645226 36.6608 1.43223 1132 1.23212
637579812 27.1028 1.14844 1498 1.26101
637612580 19.0572 0.87954 1994 1.3591
637645348 26.7432 1.31497 1133 1.33511
637579814 24.1426 1.10978 1487 1.28446
637612582 20.0431 0.929226 1856 1.18441
637645350 30.3468 1.42701 1038 1.25191
637579816 23.1788 3.43398 151 1.02273
637612584 6.11046 0.821071 851 1.24691
637645352 12.6494 1.04906 1004 1.12766
637579818 31.2849 3.46551 179 1.10145
637612586 12.1495 1.11664 856 1.125
637645354 25.8547 1.43111 936 1.14905
637579940 22.2473 0.988296 1771 1.18364
637612708 24.5257 0.914369 2214 1.20474
637645476 54.2781 1.48723 1122 1.2621
637579942 30.1887 1.05098 1908 1.17263
637612710 29.8362 0.962654 2259 1.20905
637645478 40.3912 1.43085 1176 1.16133
637579944 26.257 3.28894 179 1.13725
637612712 16.6127 1.22245 927 1.15584
637645480 25.4902 1.33168 1071 1.20295
637579946 37.6884 3.43528 199 1.19048
637612714 22.0711 1.34132 956 1.09603
637645482 28.424 1.38149 1066 1.15739
637583396 27.0065 1.03394 1844 1.42337
637616164 20.7006 0.723039 3140 1.2483
637648932 25.205 0.81981 2805 1.2816
637583398 43.8181 1.25581 1561 1.28163
637616166 49.0849 1.0196 2404 1.27671
637648934 37.129 1.0658 2055 1.28342
637583400 48.1481 6.79947 54 1.2619
637616168 19.8133 1.28378 964 1.24918
637648936 35.2087 1.43877 1102 1.26522
637583402 27.5 7.06001 40 1.05263
637616170 18.75 1.29245 912 1.13171
637648938 28.3442 1.37838 1069 1.12821
637583524 36.4682 1.07658 1999 1.2785
637616292 27.6756 0.776816 3317 1.26401
637649060 31.7548 0.838405 3083 1.23286
637583526 42.58 1.08891 2062 1.33191
637616294 16.2923 0.639095 3339 1.28758
637649062 17.3487 0.696358 2957 1.30491
637583528 49.0909 6.74088 55 1.35714
637616296 27.1484 1.38977 1024 1.10345
637649064 35.3414 1.35478 1245 1.15517
637583530 11.1111 6.04812 27 1
637616298 36.238 1.567 941 1.09924
637649066 38.1034 1.42589 1160 1.17202
637583652 17.7755 0.871583 1924 1.29659
637616420 16.7581 0.651949 3282 1.25104
637649188 18.3013 0.709888 2967 1.19298
637583654 43.8142 1.15323 1851 1.20437
637616422 45.7846 0.862985 3333 1.19962
637649190 44.932 0.91739 2940 1.22529
637583656 41.0256 7.87639 39 1.24
637616424 25.5081 1.38962 984 1.10591
637649192 31.6279 1.41831 1075 1.16522
637583658 23.913 6.28917 46 1.16667
637616426 12.9162 1.06537 991 1.09804
637649194 31.7073 1.42524 1066 1.15618
637583780 33.026 1.09522 1844 1.33576
637616548 23.1582 0.754979 3122 1.30705
637649316 25.2491 0.805211 2911 1.30556
637583782 2.8826 0.383047 1908 1.28436
637616550 30.8978 0.813034 3230 1.20582
637649318 35.8119 0.875493 2999 1.23072
637583784 38.6364 7.34053 44 1.17857
637616552 8.56855 0.88868 992 1.18367
637649320 21.6791 1.34327 941 1.16505
637583786 28.8462 6.28263 52 1.03571
637616554 9.08163 0.917899 980 1.06838
637649322 12.1747 0.996858 1076 1.1976
637583908 34.1438 1.09017 1892 1.3006
637616676 35.9256 0.837864 3279 1.26058
637649444 50.0537 0.945755 2795 1.43618
637583910 15.0662 0.840356 1812 1.19307
637616678 19.4971 0.735304 2903 1.21178
637649446 24.1879 0.847174 2555 1.22034
637583912 24.4898 6.14324 49 1.31034
637616680 10.4626 1.01573 908 1.11888
637649448 18.3457 1.26038 943 1.20462
637583914 0 0 36 3
637616682 5.07426 0.772098 808 1.37705
637649450 33.9576 1.67326 801 1.13648
637584036 22.2666 0.929588 2003 1.45798
637616804 25.4985 0.757575 3310 1.27565
637649572 34.129 0.894927 2807 1.29067
637584038 26.001 1.00027 1923 1.21365
637616806 24.6679 0.74905 3312 1.29228
637649574 37.088 0.919285 2761 1.29125
637584040 19.5122 6.18908 41 1.33333
637616808 8.31663 0.874085 998 1.14286
637649576 15.1744 1.10144 1061 1.1561
637584042 11.4286 5.37785 35 1.28571
637616810 30.5344 1.42265 1048 1.12299
637649578 29.7717 1.38182 1095 1.14604
637587492 35.1873 1.13768 1762 1.20566
637620260 28.7371 0.937911 2328 1.19426
637653028 43.6287 1.44064 1185 1.16504
637587494 36.9248 1.14323 1782 1.17092
637620262 28.2559 0.965868 2173 1.24208
637653030 26.1673 1.3709 1028 1.19574
637587496 45.8333 3.39024 216 1.17143
637620264 20.5575 1.37724 861 1.12963
637653032 22.0866 1.382 901 1.1417
637587498 29.2453 3.12419 212 1.22093
637620266 19.8248 1.31944 913 1.16239
637653034 23.0361 1.3719 942 1.17466
637587620 37.6064 1.15365 1763 1.22807
637620388 43.7034 1.03903 2279 1.30305
637653156 73.1556 1.32122 1125 1.38413
637587622 39.5903 1.15077 1806 1.18522
637620390 39.4154 1.06107 2121 1.24772
637653158 49.9528 1.53646 1059 1.26889
637587624 26.1307 3.11445 199 1.09412
637620392 14.6199 1.20828 855 1.07512
637653160 29.7511 1.53761 884 1.1372
637587626 74.3961 3.03349 207 1.18627
637620394 53.4584 1.70787 853 1.1147
637653162 66.2824 1.46522 1041 1.1674
637587748 27.6667 1.05441 1800 1.2549
637620516 25.64 0.887241 2422 1.15577
637653284 54.1418 1.45612 1171 1.24113
637587750 11.9738 0.759127 1829 1.28664
637620518 6.94981 0.526713 2331 1.34675
637653286 11.8603 0.921519 1231 1.45652
637587752 24.7312 3.16354 186 1.09091
637620520 7.75758 0.931325 825 1.13333
637653288 16.3265 1.24453 882 1.20578
637587754 23.4286 3.20175 175 1.0814
637620522 19.4479 1.40199 797 1.1165
637653290 40.3846 1.70108 832 1.1256
637587876 22.5 1.00688 1720 1.20975
637620644 27.3388 0.9498 2202 1.26916
637653412 47.7702 1.46281 1166 1.35194
637587878 11.9623 0.787772 1697 1.20871
637620646 23.4094 0.933157 2059 1.2183
637653414 27.8493 1.35898 1088 1.2092
637587880 14.3678 2.65913 174 1.06667
637620648 7.277 0.889918 852 1.16312
637653416 15.9631 1.33033 758 1.1822
637587882 40.9938 3.8761 161 1.06422
637620650 27.3923 1.54242 836 1.08487
637653418 34.6667 1.58636 900 1.15285
637588004 29.9936 1.15757 1567 1.40323
637620772 29.822 1.00333 2079 1.36619
637653540 67.6471 1.44099 1054 1.34291
637588006 23.7033 1.04439 1658 1.21274
637620774 24.4224 0.932869 2121 1.16443
637653542 33.2692 1.46106 1040 1.22571
637588008 20.2312 3.05425 173 1.06024
637620776 12.2016 1.19197 754 1.16146
637653544 24.5361 1.9539 485 1.20112
637588010 23.8095 3.0981 189 1.09677
637620778 15.4306 1.24938 836 1.16304
637653546 37.2664 1.65262 856 1.13023
637588132 40.4684 1.1455 1836 1.18069
637620900 31.6938 0.962265 2338 1.17754
637653668 43.1741 1.44684 1172 1.1555
637588134 11.2074 0.734018 1847 1.29308
637620902 2.3306 0.313437 2317 1.34653
637653670 3.62832 0.556273 1130 1.35764
637588136 21.9048 2.85412 210 1.10714
637620904 16.7411 1.24725 896 1.09217
637653672 23.3993 1.44451 859 1.20506
637588138 40 3.30289 220 1.08475
637620906 25.179 1.49937 838 1.1147
637653674 29.4387 1.54254 873 1.15432
637567044 31.1845 0.749909 3816 1.16038
637599812 16.3117 0.812862 2066 1.09644
637632580 25.7143 7.38764 35 1.27273
637567046 8.6536 0.448542 3929 1.39927
637599814 6.7992 0.501961 2515 1.31818
637632582 3.33333 3.27731 30 1.5
637567048 5.47397 0.831162 749 1.18333
637599816 7.76204 0.636899 1765 1.07609
637632584 12.4562 0.738583 1999 1.07285
637567050 15.3324 1.32718 737 1.17284
637599818 20.1058 0.971776 1701 1.10099
637632586 34.6858 1.05876 2021 1.16237
637567172 28.0345 0.725692 3831 1.10916
637599940 15.1755 0.79769 2023 1.18381
637632708 8.33333 5.64169 24 1.2
637567174 13.5044 0.531684 4132 1.24683
637599942 2.99289 0.32957 2673 1.19553
637632710 4.54545 4.44095 22 1
637567176 4.1979 0.776499 667 1.1087
637599944 5.59115 0.554462 1717 1.08962
637632712 6.1609 0.542554 1964 1.15897
637567178 35.6948 1.76839 734 1.22928
637599946 16.3429 0.883886 1750 1.19922
637632714 24.1479 0.937732 2083 1.21484
637567300 13.9975 0.551009 3965 1.24364
637600068 11.0665 0.6627 2241 1.175
637632836 33.3333 11.1111 18 1.71429
637567302 24.9215 0.699498 3824 1.27072
637600070 8.41158 0.549008 2556 1.32339
637632838 4.7619 4.64714 21 1
637567304 7.26257 0.969876 716 1.17742
637600072 7.29345 0.620702 1755 1.07853
637632840 5.65942 0.519413 1979 1.1634
637567306 53.5714 1.84839 728 1.19697
637600074 17.419 0.912388 1728 1.16811
637632842 36.4671 1.0707 2021 1.18999
637567428 8.34832 0.44333 3893 1.18896
637600196 7.49534 0.568147 2148 1.14344
637632964 8.82353 4.86433 34 1.42857
637567430 8.87218 0.493111 3325 1.25376
637600198 9.88963 0.627254 2265 1.1378
637632966 8.82353 4.86433 34 1.25
637567432 12.3907 1.25794 686 1.15929
637600200 16.3342 0.92304 1604 1.06027
637632968 10.0567 0.683005 1939 1.07554
637567434 11.8243 1.32709 592 1.4557
637600202 5.48992 0.600471 1439 1.26374
637632970 6.15854 0.593628 1640 1.30508
637567556 9.12309 0.475167 3672 1.17021
637600324 7.45278 0.593367 1959 1.27551
637633092 0 0 17 0
637567558 7.0193 0.404493 3989 1.38998
637600326 1.99106 0.281591 2461 1.26282
637633094 5.26316 5.12278 19 1
637567560 8.79765 1.08466 682 1.09231
637600328 3.58423 0.454354 1674 1.08462
637633096 4.22607 0.453964 1964 1.29012
637567562 21.0452 1.53197 708 1.14777
637600330 6.65478 0.607534 1683 1.17254
637633098 7.68432 0.606893 1926 1.16623
637567684 10.3042 0.503276 3649 1.15984
637600452 11.3846 0.719277 1950 1.17761
637633220 0 0 12 0
637567686 22.103 0.726514 3262 1.24736
637600454 7.67474 0.568944 2189 1.29248
637633222 0 0 18 0
637567688 18.6047 1.4836 688 1.08772
637600456 11.5134 0.777571 1685 1.09184
637633224 22.4782 0.944587 1953 1.11312
637567690 14.5892 1.32853 706 1.18065
637600458 5.21853 0.568021 1533 1.28788
637633226 9.09608 0.685623 1759 1.34279
637571140 13.3907 0.689145 2442 1.08349
637603908 10.6833 0.958324 1039 1.12575
637636676 23.8095 9.29429 21 1.22222
637571142 25.5612 0.933605 2183 1.16933
637603910 16.8936 0.932089 1616 1.22305
637636678 25 8.83883 24 1.25
637571144 18.6289 1.50303 671 1.1028
637603912 11.7962 0.835086 1492 1.10025
637636680 29.3907 1.11342 1674 1.12994
637571146 33.9806 1.76394 721 1.19954
637603914 16.3857 0.961175 1483 1.23321
637636682 32.2023 1.16054 1621 1.25664
637571268 11.1005 0.68567 2099 1.22556
637604036 11.7794 1.14116 798 1.27841
637636804 16.6667 7.60726 24 1
637571270 27.277 0.960092 2152 1.20513
637604038 14.8603 0.840725 1790 1.16614
637636806 26.087 9.15605 23 1.3
637571272 10.2719 1.17994 662 1.10638
637604040 6.85871 0.661932 1458 1.13295
637636808 17.834 0.974828 1542 1.09063
637571274 38.0556 1.80944 720 1.23678
637604042 32.1773 1.18391 1557 1.21447
637636810 39.3829 1.20175 1653 1.20942
637571396 16.8709 0.812967 2122 1.10816
637604164 6.58174 0.807906 942 1.13253
637636932 15.7895 8.36547 19 1.25
637571398 14.7232 0.72571 2384 1.23288
637604166 9.80293 0.668423 1979 1.34988
637636934 19.0476 8.56891 21 1.36364
637571400 13.9082 1.29048 719 1.17105
637604168 8.75084 0.730345 1497 1.09821
637636936 12.951 0.852291 1552 1.12291
637571402 22.4905 1.4883 787 1.20497
637604170 15.8224 0.912662 1599 1.17614
637636938 33.9084 1.15463 1681 1.19664
637571524 27.2232 0.911618 2384 1.25549
637604292 23.1788 1.29792 1057 1.25
637637060 31.5789 10.6639 19 1.47059
637571526 8.24834 0.579318 2255 1.37844
637604294 3.59869 0.434925 1834 1.31013
637637062 2.77778 2.73893 36 1
637571528 3.85852 0.772273 622 1.13333
637604296 1.21951 0.278064 1558 1.08571
637637064 3.10976 0.428629 1640 1.26154
637571530 12.1984 1.19821 746 1.17117
637604298 7.67247 0.675814 1551 1.18662
637637066 13.2459 0.868062 1525 1.19893
637571652 8.70166 0.604787 2172 1.15464
637604420 8.83777 0.987618 826 1.17308
637637188 27.2727 13.4282 11 1.14286
637571654 9.38284 0.653159 1993 1.22939
637604422 3.54037 0.460558 1610 1.29787
637637190 0 0 20 0
637571656 9.42813 1.14883 647 1.10843
637604424 11.3941 0.822597 1492 1.0856
637637192 25.6214 1.10208 1569 1.06452
637571658 2.47718 0.561222 767 1.32877
637604426 7.77935 0.712297 1414 1.30744
637637194 16.7657 0.959744 1515 1.24013
637571780 7.54342 0.588323 2015 1.20718
637604548 13.1723 1.12047 911 1.12
637637316 0 0 10 1
637571782 12.47 0.723534 2085 1.32265
637604550 11.8004 0.837744 1483 1.18018
637637318 17.6471 9.24594 17 1
637571784 5.77223 0.921154 641 1.07143
637604552 2.01669 0.370695 1438 1.07207
637637320 10.6369 0.802496 1476 1.13772
637571786 24.0741 1.67951 648 1.15873
637604554 8.47682 0.716793 1510 1.20732
637637322 23.3525 1.07013 1563 1.16242
637575236 31.0355 0.792371 3409 1.12571
637608004 25.3804 1.01453 1840 1.15468
637640772 14.2857 5.91485 35 1.18182
637575238 22.4309 0.673661 3834 1.23493
637608006 14.0509 0.70439 2434 1.16162
637640774 5.88235 5.70672 17 1.75
637575240 15.8859 1.64968 491 1.13084
637608008 11.1258 0.809218 1510 1.11628
637640776 15.8003 0.827469 1943 1.10288
637575242 34.8797 1.97553 582 1.2149
637608010 24.7191 1.10902 1513 1.17384
637640778 36.3045 1.07608 1997 1.28513
637575364 16.4164 0.59096 3929 1.13043
637608132 7.97517 0.592017 2094 1.16438
637640900 8.69565 5.87534 23 1
637575366 12.4272 0.52483 3951 1.27514
637608134 5.68979 0.457298 2566 1.30068
637640902 0 0 20 0
637575368 27.2578 1.80439 609 1.09677
637608136 12.5832 0.815749 1653 1.0802
637640904 19.7977 0.874555 2076 1.09683
637575370 55.638 1.91365 674 1.14286
637608138 44.8639 1.23722 1616 1.1011
637640906 46.8273 1.10669 2033 1.1343
637575492 17.5981 0.613961 3847 1.13864
637608260 11.2069 0.690346 2088 1.10863
637641028 21.7391 8.60061 23 1
637575494 18.394 0.645815 3599 1.38276
637608262 16.1369 0.742606 2454 1.22917
637641030 4.54545 4.44095 22 1
637575496 31.6062 1.93221 579 1.0813
637608264 20.6192 1.00672 1615 1.11203
637641032 20.2965 0.909421 1956 1.09354
637575498 26.3889 1.83642 576 1.22388
637608266 16.7698 0.979428 1455 1.17184
637641034 22.7723 0.983542 1818 1.1882
637575620 14.1263 0.574612 3674 1.14643
637608388 6.46109 0.543895 2043 1.21505
637641156 12 6.49923 25 1
637575622 8.35935 0.515475 2883 1.25058
637608390 3.24141 0.389531 2067 1.4026
637641158 5.88235 5.70672 17 1.5
637575624 4.7619 0.948594 504 1.48649
637608392 3.20111 0.464363 1437 1.11765
637641160 3.74415 0.432913 1923 1.17797
637575626 19.7256 1.64804 583 1.15385
637608394 10.6952 0.854204 1309 1.19885
637641162 17.1771 0.973229 1502 1.21778
637575748 11.4369 0.542232 3445 1.28141
637608516 10.437 0.693254 1945 1.16901
637641284 4.7619 4.64714 21 1
637575750 11.7163 0.524216 3764 1.36637
637608518 4.46508 0.434259 2262 1.43784
637641286 5.26316 5.12278 19 1
637575752 7.15789 1.18282 475 1.14286
637608520 5.24017 0.601162 1374 1.19136
637641288 7.00809 0.592721 1855 1.06522
637575754 12 1.49103 475 1.17606
637608522 6.50636 0.655897 1414 1.16429
637641290 10.7643 0.719016 1858 1.23204
637575876 14.4023 0.58888 3555 1.13586
637608644 21.9092 0.944718 1917 1.09282
637641412 19.0476 8.56891 21 1
637575878 19.5174 0.645407 3771 1.21178
637608646 16.615 0.78348 2257 1.25081
637641414 6.66667 6.44061 15 1
637575880 5.22244 0.978462 517 1.05556
637608648 8.31025 0.726413 1444 1.17073
637641416 13.2544 0.805284 1773 1.08978
637575882 29.7989 1.95559 547 1.38989
637608650 33.2423 1.23077 1465 1.1921
637641418 34.8148 1.09579 1890 1.19138
637579332 13.2459 0.697354 2363 1.18182
637612100 4.34363 0.633291 1036 1.14815
637644868 0 0 24 1
637579334 6.59393 0.540536 2108 1.30043
637612102 7.43125 0.634442 1709 1.29268
637644870 9.09091 6.12909 22 1.2
637579336 11.1111 1.19381 693 1.19266
637612104 6.67927 0.626708 1587 1.08451
637644872 8.96255 0.707726 1629 1.12315
637579338 36.0119 1.85177 672 1.32708
637612106 28.1681 1.15262 1523 1.20026
637644874 42.2404 1.19308 1714 1.26125
637579460 19.6096 0.836295 2254 1.16993
637612228 11.3242 0.957633 1095 1.18788
637644996 14.2857 6.613 28 1
637579462 43.155 1.05453 2206 1.20316
637612230 34.8302 1.11494 1826 1.3209
637644998 25.9259 8.4337 27 1.14286
637579464 6.69782 0.986609 642 1.07059
637612232 8.31683 0.709443 1515 1.09787
637645000 15.2318 0.881672 1661 1.07925
637579466 51.2085 1.94274 662 1.1927
637612234 19.1381 0.990304 1578 1.16436
637645002 37.0392 1.15902 1736 1.21992
637579588 8.28706 0.56979 2341 1.22781
637612356 27.4014 1.41825 989 1.14244
637645124 44 9.92774 25 1.26087
637579590 13.5976 0.707669 2346 1.19548
637612358 13.7986 0.796054 1877 1.34029
637645126 41.1765 11.9365 17 1.09091
637579592 8.48 1.11434 625 1.02667
637612360 10.7817 0.805106 1484 1.08108
637645128 15.7797 0.906853 1616 1.09859
637579594 41.6544 1.8947 677 1.1934
637612362 12.1854 0.841812 1510 1.15281
637645130 20.1439 0.982037 1668 1.31567
637579716 9.19643 0.610572 2240 1.12552
637612484 9.80789 0.945745 989 1.14184
637645252 17.6471 9.24594 17 1
637579718 5.91374 0.497393 2249 1.43366
637612486 6.69828 0.608652 1687 1.25105
637645254 23.0769 11.6855 13 1.2
637579720 9.16149 1.13678 644 1.12857
637612488 3.55731 0.475401 1518 1.19767
637645256 8.39416 0.683911 1644 1.04545
637579722 16.5698 1.41751 688 1.18251
637612490 10.9426 0.8015 1517 1.13441
637645258 16.3205 0.900277 1685 1.25267
637579844 5.12157 0.501383 1933 1.19
637612612 9.1638 0.976473 873 1.1028
637645380 17.6471 9.24594 17 1
637579846 23.3383 0.945585 2001 1.15452
637612614 13.264 0.864885 1538 1.20155
637645382 9.52381 6.40564 21 1
637579848 1.50502 0.497883 598 1.2
637612616 0.834598 0.250588 1318 1.3125
637645384 2.21113 0.392715 1402 1.15517
637579850 4.8474 0.909991 557 1.3913
637612618 5.15844 0.600438 1357 1.31356
637645386 7.1229 0.679691 1432 1.14885
637579972 7.25879 0.550919 2218 1.29444
637612740 5.06912 0.744578 868 1.24812
637645508 0 0 14 1
637579974 7.29483 0.541892 2303 1.35358
637612742 11.1607 0.74384 1792 1.20173
637645510 19.2308 7.7292 26 1.18182
637579976 5.43807 0.881356 662 1.06977
637612744 5.64067 0.608808 1436 1.13684
637645512 14.5807 0.882834 1598 1.09669
637579978 17.8517 1.48949 661 1.25
637612746 7.73585 0.669996 1590 1.21329
637645514 16.9643 0.915684 1680 1.18443
637583428 11.8332 0.519755 3862 1.15716
637616196 11.7066 0.733334 1922 1.24444
637648964 4.7619 4.64714 21 1.2
637583430 9.56905 0.54188 2947 1.36289
637616198 9.28793 0.659349 1938 1.22581
637648966 0 0 25 1
637583432 18.0967 1.52062 641 1.14839
637616200 11.9019 0.791906 1672 1.10065
637648968 11.8122 0.72515 1981 1.0884
637583434 35.3276 1.80405 702 1.14248
637616202 28.2822 1.15102 1531 1.12753
637648970 37.9571 1.21854 1586 1.17765
637583556 15.6211 0.571688 4033 1.11522
637616324 14.6989 0.771048 2109 1.15461
637649092 20.6897 7.52216 29 1.16667
637583558 13.349 0.549699 3828 1.32657
637616326 6.17236 0.474153 2576 1.39196
637649094 3.57143 3.50707 28 1.66667
637583560 44.8322 1.82205 745 1.08911
637616328 16.0815 0.874173 1766 1.08894
637649096 13.3463 0.75055 2053 1.08121
637583562 38.9972 1.82024 718 1.15113
637616330 31.1161 1.09919 1774 1.10755
637649098 48.6158 1.10148 2059 1.20315
637583684 1.66171 0.201316 4032 1.14793
637616452 1.36728 0.252156 2121 1.26
637649220 0 0 21 0
637583686 14.1189 0.560983 3853 1.27083
637616454 9.49464 0.573574 2612 1.36484
637649222 8 5.42586 25 1.33333
637583688 18.0428 1.50368 654 1.04242
637616456 5.20024 0.542834 1673 1.09353
637649224 7.30426 0.596484 1903 1.12371
637583690 10.917 1.18979 687 1.20809
637616458 24.6955 1.12171 1478 1.14332
637649226 26.1701 0.986098 1987 1.25195
637583812 11.1863 0.518744 3692 1.18067
637616580 22.4469 0.938134 1978 1.14634
637649348 13.3333 8.77707 15 1.33333
637583814 5.73073 0.367686 3996 1.4172
637616582 5.10367 0.439443 2508 1.42424
637649350 0 0 19 0
637583816 5.50314 0.904244 636 1.28571
637616584 3.78788 0.479662 1584 1.10811
637649352 3.70566 0.434628 1889 1.11215
637583818 15.896 1.38995 692 1.08571
637616586 8.78256 0.696588 1651 1.11599
637649354 13.9909 0.77821 1987 1.22866
637583940 5.52486 0.37057 3801 1.14255
637616708 2.68899 0.364361 1971 1.40984
637649476 12 6.49923 25 1
637583942 15.2525 0.673223 2852 1.27203
637616710 9.18791 0.703271 1687 1.17506
637649478 12.5 8.26797 16 1.25
637583944 1.79211 0.561615 558 1.18182
637616712 1.31148 0.291325 1525 1.22727
637649480 1.33547 0.265305 1872 1.05495
637583946 11.2903 1.42101 496 1.064
637616714 5.53691 0.66241 1192 1.1701
637649482 9.2991 0.765058 1441 1.1954
637584068 0 0 3845 0
637616836 0 0 2025 0
637649604 0 0 37 0
637584070 20.8216 0.648594 3919 1.33932
637616838 11.1111 0.653453 2313 1.22078
637649606 7.69231 5.22589 26 1
637584072 0 0 611 0
637616840 0 0 1670 0
637649608 0 0 2048 0
637584074 37.7743 1.91943 638 1.14323
637616842 24.5921 1.05854 1655 1.1622
637649610 28.2365 1.01627 1962 1.25442
637587524 9.7571 0.602079 2429 1.22695
637620292 9.49432 0.94169 969 1.1938
637653060 9.52381 6.40564 21 1
637587526 38.0749 1.05734 2109 1.31558
637620294 11.3471 0.781286 1648 1.27902
637653062 12.5 6.75077 24 1.16667
637587528 19.7674 1.62313 602 1.10526
637620296 13.3504 0.861683 1558 1.10667
637653064 25.2302 1.07613 1629 1.09786
637587530 57.6014 2.0311 592 1.14639
637620298 32.3474 1.17355 1589 1.12349
637653066 44.0189 1.20503 1697 1.1129
637587652 12.4647 0.716393 2126 1.12027
637620420 8.74862 0.940255 903 1.08511
637653188 9.09091 8.66784 11 1.5
637587654 38.3741 1.01665 2288 1.16595
637620422 24.8943 1.06289 1655 1.1805
637653190 12.5 5.84634 32 1.42857
637587656 30.6569 1.96959 548 1.12676
637620424 12.3385 0.835892 1548 1.08871
637653192 21.7949 1.02009 1638 1.10106
637587658 40.9938 1.93805 644 1.1535
637620426 36.0218 1.18219 1649 1.16207
637653194 44.1032 1.23056 1628 1.18999
637587780 21.0326 0.838375 2363 1.17434
637620548 11.7707 1.031 977 1.09655
637653316 19.0476 8.56891 21 1.125
637587782 9.88917 0.616317 2346 1.34448
637620550 8.18331 0.640242 1833 1.16092
637653318 10.3448 5.65523 29 1.11111
637587784 14.4309 1.58425 492 1.06481
637620552 6.85112 0.648386 1518 1.14365
637653320 10.468 0.759675 1624 1.12134
637587786 23.5174 1.91788 489 1.11184
637620554 12.3841 0.847687 1510 1.22973
637653322 15.7251 0.878538 1717 1.16176
637587908 16.7375 0.860519 1882 1.14677
637620676 9.59793 1.06084 771 1.08871
637653444 17.6471 9.24594 17 1.16667
637587910 12.6767 0.722264 2122 1.18395
637620678 1.52866 0.309643 1570 1.41975
637653446 0 0 18 0
637587912 7.54717 1.3714 371 1.52
637620680 2.41058 0.427702 1286 1.09459
637653448 6.25 0.641462 1424 1.09906
637587914 2.23464 0.637836 537 1.16667
637620682 7.06932 0.671489 1457 1.12075
637653450 13.4931 0.857885 1586 1.19266
637588036 0 0 0 0
637620804 0 0 0 0
637653572 0 0 0 0
637588038 2.18631 0.318811 2104 1.60622
637620806 3.40278 0.477769 1440 1.31522
637653574 6.25 6.05154 16 2
637588040 0 0 0 0
637620808 0 0 0 0
637653576 0 0 0 0
637588042 9.42761 1.19896 594 1.24699
637620810 5.12475 0.572588 1483 1.17647
637653578 11.9143 0.838131 1494 1.17471
637588164 16.1017 0.756583 2360 1.34551
637620932 14.914 1.10144 1046 1.73826
637653700 21.2121 7.11647 33 1
637588166 15.8069 0.741113 2423 1.19498
637620934 8.38906 0.683514 1645 1.2
637653702 11.5385 6.26563 26 1.14286
637588168 2.50896 0.662083 558 1.11111
637620936 4.08825 0.504433 1541 1.16807
637653704 5.97826 0.582601 1656 1.16788
637588170 17.6373 1.55469 601 1.05677
637620938 23.8538 1.09859 1505 1.13371
637653706 31.2918 1.09412 1796 1.17308
637567076 61.1593 1.13438 1846 1.1894
637599844 53.5714 3.56231 196 1.19186
637632612 22.2222 9.79908 18 1.5
637567078 69.4929 0.754208 3727 1.28262
637599846 50.8108 2.59903 370 1.19113
637632614 25.9259 8.4337 27 1.25
637567080 61.9632 2.1954 489 1.11648
637599848 62.5882 1.35517 1275 1.06481
637632616 73.1539 1.16419 1449 1.16864
637567082 50.1981 1.81727 757 1.14834
637599850 44.8692 1.11548 1988 1.08562
637632618 72.2596 0.890639 2527 1.15779
637567204 71.599 0.778876 3352 1.29356
637599972 53.8117 3.3385 223 1.25688
637632740 0 0 14 2
637567206 60.6847 0.798809 3739 1.11248
637599974 33.237 2.53245 346 1.12921
637632742 29.4118 11.051 17 1
637567208 78.9826 1.49072 747 1.14682
637599976 73.2583 1.02463 1866 1.12278
637632744 87.0203 0.697899 2319 1.17828
637567210 75.3197 1.54179 782 1.16504
637599978 71.6473 1.03564 1894 1.16043
637632746 72.6599 0.880214 2564 1.17754
637567332 69.5739 0.778034 3497 1.13107
637600100 51.3011 3.04752 269 1.17536
637632868 44.4444 16.5635 9 1.22222
637567334 72.8796 0.724936 3761 1.41719
637600102 54.1667 2.93603 288 1.18959
637632870 31.5789 10.6639 19 1.14286
637567336 51.8135 1.79836 772 1.07198
637600104 67.9025 1.0521 1969 1.07486
637632872 71.1591 0.897998 2545 1.10244
637567338 67.9045 1.70014 754 1.12382
637600106 64.7727 1.08563 1936 1.12493
637632874 57.0472 0.982191 2540 1.11598
637567460 53.6005 0.86564 3319 1.12822
637600228 32.7381 2.56001 336 1.13636
637632996 32.2581 8.3959 31 1
637567462 68.689 0.797808 3379 1.1949
637600230 34.9515 2.71252 309 1.1125
637632998 21.0526 9.35288 19 1.09091
637567464 66.4797 1.76788 713 1.08459
637600232 46.3169 1.1479 1887 1.17161
637633000 60.7157 0.984874 2459 1.10731
637567466 62.2535 1.81924 710 1.13133
637600234 52.7252 1.17741 1798 1.12003
637633002 50.6407 1.05097 2263 1.1138
637567588 84.7767 0.626223 3291 1.18369
637600356 65.2 3.01261 250 1.2906
637633124 38.4615 13.4932 13 1.33333
637567590 69.8831 0.756356 3679 1.36864
637600358 57.1956 3.00567 271 1.24803
637633126 50 20.4124 6 1.16667
637567592 40.0832 1.82511 721 1.07179
637600360 70.3303 1.06291 1847 1.16667
637633128 72.6241 0.914364 2378 1.12161
637567594 41.0448 1.90043 670 1.07181
637600362 44.559 1.12874 1939 1.09326
637633130 57.5531 0.980324 2542 1.09653
637567716 67.3083 0.833282 3169 1.17428
637600484 51.4644 3.23284 239 1.26257
637633252 40 15.4919 10 1.25
637567718 69.2523 0.814462 3210 1.32926
637600486 59.009 3.30086 222 1.2723
637633254 21.4286 10.9664 14 1.16667
637567720 66.948 1.76414 711 1.10085
637600488 59.408 1.12897 1892 1.12021
637633256 74.939 0.874102 2458 1.14662
637567722 54.5886 1.9805 632 1.06148
637600490 68.3828 1.14436 1651 1.10447
637633258 65.9367 1.04544 2055 1.11489
637571172 50.4554 1.23198 1647 1.16679
637603940 43.038 3.21621 237 1.27841
637636708 59.2593 9.45607 27 1.19231
637571174 52.5244 1.00763 2456 1.29603
637603942 57.9926 3.00935 269 1.18548
637636710 40 9.79796 25 1.48
637571176 69.8387 1.84322 620 1.09472
637603944 70.1838 1.19353 1469 1.07502
637636712 74.0506 1.10281 1580 1.1599
637571178 38.1402 1.78317 742 1.10905
637603946 46.7833 1.18533 1772 1.08863
637636714 53.9047 1.1225 1972 1.09201
637571300 64.4167 1.2968 1363 1.16587
637604068 44.8276 4.13 145 1.19811
637636836 80 17.8885 5 1.75
637571302 67.0069 0.950116 2449 1.22999
637604070 68.2203 3.03093 236 1.30116
637636838 57.1429 10.799 21 1.26667
637571304 82.6568 1.62631 542 1.17427
637604072 81.7467 1.08351 1271 1.15915
637636840 86.3896 0.978914 1227 1.22545
637571306 52.6611 1.86855 714 1.12763
637604074 60.4861 1.16235 1769 1.17912
637636842 59.1173 1.18471 1722 1.16655
637571428 59.9171 1.11523 1931 1.10764
637604196 48.6772 3.63569 189 1.19753
637636964 35.7143 12.806 14 1.2
637571430 67.9003 0.907251 2648 1.35498
637604198 56.5217 3.11662 253 1.25926
637636966 58.8235 11.9365 17 1.21739
637571432 61.5057 1.83387 704 1.12108
637604200 67.6932 1.14918 1656 1.13502
637636968 75.7055 1.06224 1630 1.1184
637571434 68.4857 1.71594 733 1.09828
637604202 44.4812 1.16743 1812 1.07678
637636970 68.7104 1.06598 1892 1.09639
637571556 62.2469 1.06446 2074 1.19048
637604324 43.8662 3.02553 269 1.15714
637637092 47.619 10.8985 21 1.13043
637571558 30.3078 0.91299 2534 1.10354
637604326 50.1639 2.86298 305 1.14453
637637094 42.1053 11.3269 19 1.30435
637571560 50.8587 1.81701 757 1.11504
637604328 56.9654 1.15052 1852 1.18016
637637096 65.2284 1.07299 1970 1.12069
637571562 61.7898 1.83131 704 1.1127
637604330 43.5157 1.22912 1627 1.07902
637637098 56.9128 1.16687 1801 1.10455
637571684 70.7171 1.17262 1506 1.12601
637604452 59.6154 3.92848 156 1.21678
637637220 54.5455 15.0131 11 1.4
637571686 66.264 1.00011 2235 1.1357
637604454 48.0851 3.25925 235 1.23497
637637222 37.5 17.1163 8 1.44444
637571688 66.0578 1.84735 657 1.11329
637604456 72.6428 1.14873 1506 1.17495
637637224 76.4271 1.09997 1489 1.26009
637571690 68.9922 1.82119 645 1.14631
637604458 58.8705 1.21917 1629 1.09326
637637226 68.287 1.11948 1728 1.13584
637571812 54.7093 1.20025 1720 1.14373
637604580 49.6933 3.91623 163 1.18254
637637348 44.4444 16.5635 9 1.11111
637571814 67.2423 1.07361 1911 1.19096
637604582 55.4286 3.7573 175 1.19872
637637350 63.6364 14.5041 11 1.15789
637571816 71.6374 1.72351 684 1.10892
637604584 57.9464 1.26244 1529 1.09007
637637352 72.4619 1.12524 1576 1.13715
637571818 57.8947 2.00233 608 1.10319
637604586 61.0063 1.28933 1431 1.10909
637637354 79.2339 1.05155 1488 1.18143
637575268 58.2414 0.888326 3082 1.14614
637608036 44.8399 2.96682 281 1.10471
637640804 18.75 9.75781 16 1.6
637575270 63.0264 0.795654 3681 1.16483
637608038 45.6376 2.88538 298 1.11818
637640806 18.75 9.75781 16 1.75
637575272 74.3711 1.73117 636 1.11063
637608040 73.394 1.02243 1868 1.11436
637640808 80.1056 0.804387 2463 1.14036
637575274 70.8527 1.78936 645 1.09649
637608042 73.1759 1.01508 1905 1.1066
637640810 76.1542 0.85382 2491 1.13674
637575396 75.2583 0.741454 3387 1.17715
637608164 54.1528 2.87199 301 1.21429
637640932 25 12.5 12 1.16667
637575398 70.8436 0.750929 3663 1.30035
637608166 52.2988 2.67745 348 1.29299
637640934 11.1111 10.4757 9 1.14286
637575400 74.0469 1.67863 682 1.09853
637608168 85.8928 0.79421 1921 1.12653
637640936 80.826 0.808134 2373 1.14724
637575402 64.5367 1.91208 626 1.08612
637608170 61.305 1.0954 1977 1.08223
637640938 74.3 0.855836 2607 1.11925
637575524 71.7573 0.763456 3477 1.16224
637608292 41.6667 3.03425 264 1.20339
637641060 26.6667 11.418 15 1.42857
637575526 79.5084 0.67078 3621 1.16277
637608294 47.3856 2.8544 306 1.19753
637641062 22.2222 13.858 9 1
637575528 50.8246 1.93574 667 1.06928
637608296 54.8043 1.12216 1967 1.08017
637641064 46.3226 1.00516 2461 1.08099
637575530 59.292 2.06687 565 1.11306
637608298 51.1218 1.15533 1872 1.07581
637641066 58.5083 1.04127 2239 1.08496
637575652 56.5056 0.872561 3228 1.15856
637608420 38.8462 3.02273 260 1.10983
637641188 36.8421 11.0665 19 1.35714
637575654 43.4675 0.931504 2832 1.09038
637608422 44.6367 2.92421 289 1.17677
637641190 18.75 9.75781 16 1.11111
637575656 67.5347 1.95102 576 1.12721
637608424 62.782 1.12022 1862 1.10978
637641192 63.332 0.9798 2419 1.15171
637575658 54.9738 2.07842 573 1.10571
637608426 47.5658 1.28095 1520 1.10018
637641194 52.8542 1.12697 1962 1.12258
637575780 79.9341 0.726969 3035 1.18203
637608548 62.5592 3.33178 211 1.235
637641316 35.7143 12.806 14 1
637575782 70.546 0.772714 3480 1.37014
637608550 50.5929 3.14325 253 1.24299
637641318 13.3333 8.77707 15 1.66667
637575784 78.508 1.73118 563 1.15372
637608552 77.0483 0.979549 1843 1.15873
637641320 83.6325 0.764841 2340 1.34227
637575786 60.4853 2.03524 577 1.09533
637608554 54.0211 1.17372 1803 1.13171
637641322 63.6211 0.984895 2386 1.14901
637575908 86.4806 0.605591 3188 1.20148
637608676 64.4628 3.07672 242 1.26009
637641444 11.1111 7.40741 18 1.33333
637575910 78.563 0.704218 3396 1.16775
637608678 60.9244 3.16271 238 1.18341
637641446 0 0 10 1
637575912 79.5181 1.67429 581 1.12
637608680 74.3995 1.05631 1707 1.11705
637641448 80.2885 0.831685 2288 1.17191
637575914 78.2812 1.62988 640 1.15266
637608682 76.779 0.97669 1869 1.21787
637641450 78.1457 0.840761 2416 1.12587
637579364 66.8103 1.03052 2088 1.21191
637612132 53.3019 3.42652 212 1.20202
637644900 44 9.92774 25 1.23077
637579366 67.3452 0.965728 2358 1.22446
637612134 68.718 3.32021 195 1.22314
637644902 33.3333 11.1111 18 1.16667
637579368 41.0995 1.78005 764 1.06888
637612136 58.9089 1.18528 1723 1.09617
637644904 70.4658 1.06788 1825 1.11184
637579370 73.0769 1.64394 728 1.18471
637612138 53.9255 1.19325 1745 1.13433
637644906 70.2267 1.11693 1676 1.17753
637579492 80.5978 0.890049 1974 1.17305
637612260 63.0137 2.82518 292 1.20736
637645028 41.6667 10.0635 24 1.35714
637579494 83.4288 0.752115 2444 1.29867
637612262 65.7534 2.777 292 1.2226
637645030 60 12.6491 15 1.22727
637579496 68.7933 1.72556 721 1.10306
637612264 75.1756 1.04528 1708 1.09751
637645032 78.6214 0.95138 1857 1.13477
637579498 71.3208 1.60401 795 1.11492
637612266 72.0597 1.07476 1743 1.13457
637645034 78.3217 0.955684 1859 1.18155
637579620 61.7332 1.07243 2054 1.11386
637612388 52.381 3.28603 231 1.18135
637645156 44.4444 11.7121 18 1.10526
637579622 64.6136 0.935249 2614 1.37359
637612390 56.3063 3.32898 222 1.19457
637645158 46.6667 12.8812 15 1.28571
637579624 58.1944 1.83819 720 1.07308
637612392 32.9303 1.12762 1737 1.11791
637645160 63.956 1.12544 1820 1.10449
637579626 75.1651 1.57033 757 1.18478
637612394 60.4613 1.14576 1821 1.09953
637645162 74.2424 0.982757 1980 1.1887
637579748 51.416 1.10441 2048 1.20695
637612516 67.9654 3.07007 231 1.13924
637645284 52.9412 12.1058 17 1.28571
637579750 0 0 2434 0
637612518 0 0 211 0
637645286 0 0 14 0
637579752 56.1769 1.78923 769 1.13976
637612520 49.6953 1.17686 1805 1.10038
637645288 70.519 1.05468 1869 1.11649
637579754 9.17808 1.06859 730 1.01176
637612522 37.0659 1.18188 1670 1.10046
637645290 50.3112 1.1387 1928 1.11675
637579876 75.4749 1.01691 1790 1.18353
637612644 54.3956 3.6919 182 1.22581
637645412 92.3077 7.39053 13 1.52381
637579878 74.8962 0.931473 2167 1.16353
637612646 50 3.60844 192 1.24309
637645414 66.6667 12.1716 15 1.54545
637579880 63.1965 1.84671 682 1.1367
637612648 78.4187 1.04729 1543 1.14655
637645416 77.5032 1.05116 1578 1.13923
637579882 70.9677 1.69991 713 1.15242
637612650 70.8442 1.15812 1540 1.10615
637645418 80.0369 0.990677 1628 1.12354
637580004 71.1896 1.12728 1614 1.1506
637612772 64.8402 3.22644 219 1.14833
637645540 40 15.4919 10 1.4
637580006 76.9383 0.837777 2528 1.36103
637612774 69.9588 2.94087 243 1.26692
637645542 46.1538 13.8264 13 1.63158
637580008 75.8503 1.765 588 1.17444
637612776 71.0579 1.16975 1503 1.29859
637645544 81.4655 0.964238 1624 1.2522
637580010 73.0874 1.63924 732 1.12441
637612778 79.3881 0.937196 1863 1.16155
637645546 82.4923 0.862376 1942 1.21141
637583460 63.2953 0.835015 3332 1.19885
637616228 36.1789 3.06367 246 1.15267
637648996 18.1818 8.22304 22 1.44444
637583462 55.4434 0.943686 2774 1.15102
637616230 36.0996 3.09382 241 1.08889
637648998 17.6471 9.24594 17 1
637583464 49.9318 1.84679 733 1.07172
637616232 66.393 1.10511 1827 1.14012
637649000 62.8153 0.974819 2458 1.11722
637583466 62.31 1.8892 658 1.14821
637616234 64.4582 1.19103 1615 1.11119
637649002 68.1988 1.07665 1871 1.0881
637583588 69.9736 0.785295 3407 1.16092
637616356 50.3472 2.94621 288 1.15094
637649124 22.7273 8.93461 22 1.2
637583590 68.0541 0.752044 3844 1.13955
637616358 44.5748 2.69167 341 1.125
637649126 21.4286 10.9664 14 1
637583592 53.7827 1.84908 727 1.13022
637616360 63.9727 1.05929 2054 1.08552
637649128 72.6562 0.880938 2560 1.10019
637583594 69.1375 1.69578 742 1.1455
637616362 53.2015 1.13845 1921 1.11879
637649130 62.0385 0.972139 2492 1.1215
637583716 56.8701 0.842329 3457 1.12623
637616484 42.1384 2.76899 318 1.12554
637649252 42.8571 9.3522 28 1.23529
637583718 67.0555 0.756707 3858 1.12019
637616486 36.2667 2.48268 375 1.19111
637649254 16 7.33212 25 1.28571
637583720 68.1953 1.79122 676 1.10938
637616488 65.9212 1.09372 1878 1.09725
637649256 66.4128 0.945535 2495 1.08978
637583722 33.0579 1.91254 605 1.13262
637616490 34.3539 1.08181 1927 1.11429
637649258 43.0364 0.99625 2470 1.10347
637583844 80.3838 0.693037 3283 1.19692
637616612 53.5714 3.56231 196 1.13725
637649380 20 12.6491 10 1.2
637583846 69.0571 0.753359 3765 1.13279
637616614 39.5904 2.85703 293 1.09524
637649382 35.7143 12.806 14 1.14286
637583848 63.6111 1.79302 720 1.1192
637616616 59.2244 1.15668 1805 1.11219
637649384 70.7307 0.914212 2477 1.1567
637583850 56.962 1.85688 711 1.08523
637616618 69.3963 1.05586 1905 1.11319
637649386 79.716 0.809918 2465 1.13483
637583972 70.1203 0.803779 3243 1.19153
637616740 58.6021 3.61151 186 1.28571
637649508 28.5714 12.0736 14 1.85714
637583974 83.9331 0.65244 3168 1.29104
637616742 58.2938 3.39446 211 1.3285
637649510 38.4615 13.4932 13 1.44444
637583976 68.9655 1.83159 638 1.1072
637616744 72.2483 1.0227 1917 1.14224
637649512 73.7705 0.890516 2440 1.19067
637583978 71.319 1.77123 652 1.17006
637616746 75.1864 0.996706 1878 1.17061
637649514 75.9021 0.870999 2411 1.19162
637584100 38.8637 0.84737 3309 1.15808
637616868 35.3659 2.63989 328 1.14737
637649636 37.037 9.29349 27 1.2
637584102 66.0249 0.796937 3532 1.13441
637616870 53.7994 2.74862 329 1.22297
637649638 50 11.1803 20 1.42857
637584104 48.1534 1.88316 704 1.07385
637616872 49.7877 1.15193 1884 1.09373
637649640 69.1854 0.915974 2541 1.18533
637584106 36.1151 1.82201 695 1.17937
637616874 36.1769 1.10266 1899 1.05021
637649642 45.8862 1.00817 2443 1.12789
637587556 76.718 1.02866 1688 1.14333
637620324 48.7047 3.59787 193 1.19595
637653092 20 10.328 15 1.30769
637587558 61.3305 1.00889 2330 1.13344
637620326 46.9194 3.4356 211 1.08242
637653094 37.5 12.1031 16 1.33333
637587560 65.8824 1.81811 680 1.08663
637620328 55.2764 1.24614 1592 1.12175
637653096 59.8266 1.17867 1730 1.14885
637587562 88.172 1.18395 744 1.17682
637620330 74.8894 1.01986 1808 1.14301
637653098 86.485 0.806276 1798 1.14946
637587684 76.9666 1.00164 1767 1.18571
637620452 58.952 3.25071 229 1.11616
637653220 33.3333 12.1716 15 1.22222
637587686 71.5762 0.936039 2322 1.1933
637620454 57.9646 3.28348 226 1.18779
637653222 57.1429 13.226 14 1.15789
637587688 68.6934 1.66796 773 1.09587
637620456 56.6135 1.18338 1754 1.12627
637653224 67.5972 1.09493 1827 1.10276
637587690 71.0013 1.63629 769 1.12274
637620458 62.3757 1.13868 1810 1.09042
637653226 68.2137 1.08173 1853 1.10932
637587812 63.0322 1.09993 1926 1.1467
637620580 39.1941 2.95462 273 1.10811
637653348 27.2727 9.49515 22 1.2381
637587814 59.9517 0.98255 2487 1.104
637620582 58.567 2.74946 321 1.15331
637653350 42.1053 11.3269 19 1.25806
637587816 55.7377 1.83584 732 1.12877
637620584 54.4648 1.17283 1803 1.14317
637653352 71.6129 1.00443 2015 1.1216
637587818 71.1111 1.68915 720 1.2079
637620586 61.1049 1.15164 1792 1.1121
637653354 70.4848 1.05278 1877 1.18274
637587940 77.7233 0.971102 1836 1.19519
637620708 56.2212 3.36785 217 1.16146
637653476 46.6667 12.8812 15 1.25
637587942 0 0 2201 0
637620710 0 0 226 0
637653478 0 0 12 0
637587944 66.8571 1.77918 700 1.09442
637620712 50.9145 1.21426 1695 1.15914
637653480 75.1701 1.02863 1764 1.19116
637587946 50.8423 1.95637 653 1.10403
637620714 67.4192 1.15767 1639 1.11227
637653482 80.0347 0.961623 1728 1.14029
637588068 61.7523 1.19462 1655 1.15526
637620836 49.0798 3.91564 163 1.14655
637653604 21.4286 10.9664 14 1.16667
637588070 59.45 1.09788 2000 1.21329
637620838 60.4651 3.72802 172 1.15385
637653606 62.5 17.1163 8 1.27273
637588072 37.1266 1.82221 703 1.04737
637620840 50.5837 1.2732 1542 1.06943
637653608 68.2288 1.14863 1643 1.08863
637588074 67.0588 1.80237 680 1.24165
637620842 51.4128 1.23871 1628 1.08241
637653610 63.1977 1.16285 1720 1.13363
637588196 43.1253 1.11553 1971 1.162
637620964 46.6899 2.94493 287 1.13559
637653732 28 8.97998 25 1.4
637588198 75.4378 0.889666 2341 1.13709
637620966 47.099 2.91611 293 1.12236
637653734 36.3636 10.2559 22 1.26316
637588200 66.9281 1.701 765 1.08929
637620968 58.8099 1.18297 1731 1.10032
637653736 80.8271 0.91229 1862 1.13607
637588202 46.2833 1.86733 713 1.0866
637620970 48.6942 1.16587 1838 1.08207
637653738 65.3341 1.11371 1826 1.1046
