637566989 11.8191 0.365913 7784 1.21762
637632525 30.9916 0.655196 4982 1.43909
637566993 4.36618 0.20736 9711 1.22781
637632529 11.2137 0.33684 8775 1.64909
637566997 13.1793 1.24687 736 1.31164
637632533 3.00402 0.16311 10952 1.7041
637567001 2.85476 0.181625 8407 1.30548
637632537 1.61007 0.146402 7391 1.30997
637567005 11.0685 0.360789 7562 1.19404
637632541 21.0421 0.606952 4510 1.3784
637567117 3.74162 0.252122 5666 1.14894
637632653 9.52548 0.550384 2845 1.26899
637567121 13.3453 0.348732 9509 1.52985
637632657 12.6122 0.353879 8801 1.42385
637567125 2.46326 0.157691 9662 1.56571
637632661 9.11082 0.269338 11415 1.66966
637567129 8.18731 0.277536 9759 1.53248
637632665 11.8475 0.34576 8736 1.75791
637567133 12.6494 0.370899 8032 1.77253
637632669 23.9425 0.602768 5012 1.54272
637567245 4.08726 0.221698 7976 1.26544
637632781 18.4043 0.555701 4863 1.8575
637567249 7.13041 0.297917 7461 1.89875
637632785 6.83906 0.300048 7077 1.12397
637567253 10.8801 0.343329 8226 1.53318
637632789 8.96222 0.282231 10243 1.55871
637567257 4.22756 0.205581 9580 1.21357
637632793 6.06742 0.259629 8455 1.35877
637567261 8.64571 0.309038 8270 1.29704
637632797 27.6008 0.619311 5210 1.80947
637567373 5.87349 0.263408 7968 1.28142
637632909 25.7603 0.616547 5031 1.64768
637567377 6.12511 0.240283 9959 1.40628
637632913 12.3977 0.351307 8800 1.92744
637567381 7.54806 0.286882 8479 1.30794
637632917 6.56279 0.237078 10910 1.36255
637567385 9.56047 0.526684 3117 2.27882
637632921 10.1065 0.349891 7421 1.60805
637567389 11.4348 0.351366 8203 1.31851
637632925 30.7106 0.629141 5376 1.37225
637567501 7.58233 0.29908 7834 1.64067
637633037 21.3474 0.594541 4750 1.52559
637567505 2.38982 0.167373 8327 1.6171
637633041 12.3711 3.34305 97 1.4
637567509 6.0297 0.236855 10100 1.19457
637633045 7.70196 0.252465 11153 1.35376
637567513 3.40863 0.183032 9828 1.46667
637633049 7.00903 0.271227 8860 1.70634
637567517 8.51885 0.316678 7771 1.2516
637633053 24.9386 0.59447 5297 1.56241
637567629 5.72391 0.264352 7722 1.32592
637633165 23.9861 0.628824 4611 1.36495
637567633 6.07827 0.243757 9608 1.45841
637633169 9.3112 0.307782 8914 1.70286
637567637 6.23068 0.241338 10031 1.3404
637633173 13.0182 0.320843 11000 1.98293
637567641 6.76309 0.253428 9818 1.21451
637633177 10.067 0.318053 8950 1.93274
637567645 4.18856 0.242009 6852 1.31929
637633181 9.5747 0.439072 4491 1.48399
637567757 7.72793 0.307179 7557 1.31729
637633293 14.5966 0.523487 4549 1.48423
637567761 9.55936 0.301529 9509 1.25848
637633297 7.56022 0.2838 8677 1.34636
637567765 6.4939 0.247447 9917 1.17798
637633301 6.65927 0.239771 10812 1.28658
637567769 12.9434 0.340357 9727 1.18779
637633305 18.7387 0.4156 8816 1.33718
637567773 7.55844 0.297925 7872 1.43268
637633309 24.1128 0.65578 4255 1.81797
637567885 5.83015 0.273792 7324 1.475
637633421 7.46982 0.396748 4391 1.47909
637567889 6.23371 0.246842 9593 1.66016
637633425 9.53504 0.31125 8904 1.50743
637567893 7.28656 0.260033 9991 1.31529
637633429 11.7747 0.304294 11219 1.26681
637567897 9.51633 0.300243 9552 1.80355
637633433 6.46835 0.264114 8673 1.50849
637567901 10.7992 0.354668 7658 1.36222
637633437 32.9246 0.671822 4893 1.9292
637568013 6.83663 0.301193 7021 1.27656
637633549 18.8941 0.600475 4250 1.3591
637568017 5.39428 0.229206 9714 1.23481
637633553 11.4289 0.340304 8741 1.63401
637568021 10.6516 0.314481 9623 1.46803
637633557 6.13686 0.228338 11048 1.93804
637568025 12.1097 0.334487 9513 1.2529
637633561 18.7035 0.417316 8731 1.44401
637568029 7.14653 0.29205 7780 1.2868
637633565 28.2989 0.631688 5085 1.83249
637568141 6.69339 0.288857 7485 1.16947
637633677 21.7912 0.614656 4511 2.18843
637568145 5.31536 0.232943 9275 1.60162
637633681 9.66819 0.316109 8740 1.88182
637568149 7.17899 0.267808 9291 1.22018
637633685 6.52322 0.243656 10271 1.47622
637568153 4.67633 0.21334 9794 1.24814
637633689 4.95501 0.234599 8557 1.39247
637568157 13.9464 0.47949 5220 1.38779
637633693 33.5645 0.820036 3316 1.89895
637568269 9.55127 0.329067 7978 1.55871
637633805 21.7435 0.583949 4990 1.52291
637568273 9.04872 0.288135 9913 1.3689
637633809 10.9348 0.334638 8697 1.86939
637568277 7.52828 0.263992 9989 1.45425
637633813 10.4371 0.292672 10913 1.76528
637568281 9.27338 0.290583 9964 1.38948
637633817 13.7643 0.366246 8849 1.92591
637568285 11.7133 0.356891 8119 1.59854
637633821 31.5261 0.672233 4777 1.77271
637568397 11.5207 0.361828 7786 1.25376
637633933 24.6272 0.628844 4694 1.75269
637568401 5.7983 0.237813 9658 1.26354
637633937 8.25836 0.295611 8670 1.81185
637568405 5.50615 0.22802 10007 1.39258
637633941 5.92224 0.224445 11060 1.62014
637568409 5.06012 0.22411 9565 1.42992
637633945 12.3249 0.350838 8779 1.81278
637568413 11.753 0.370713 7547 1.33724
637633949 15.6939 0.55138 4352 1.2362
637569037 12.7939 0.392831 7230 1.19966
637634573 18.4114 0.451619 7365 1.36355
637569041 6.4215 0.261568 8783 1.30882
637634577 8.22467 0.290037 8973 1.28067
637569045 25.3989 1.58735 752 1.49078
637634581 5.56688 0.231514 9808 1.44904
637569049 3.55526 0.213676 7510 1.27397
637634585 3.8268 0.220757 7552 1.70341
637569053 6.63159 0.292786 7223 1.15719
637634589 11.9857 0.388898 6975 1.57728
637569165 10.221 0.402827 5655 1.36701
637634701 11.2338 0.455888 4798 1.55938
637569169 13.1901 0.363664 8658 1.3705
637634705 11.369 0.335295 8963 1.93151
637569173 7.1445 0.275824 8720 1.43948
637634709 13.6016 0.33753 10315 1.63406
637569177 5.00852 0.232451 8805 1.2952
637634713 3.98206 0.204519 9141 1.21967
637569181 11.7972 0.374556 7417 1.23296
637634717 16.7804 0.432281 7473 1.53445
637569293 8.93057 0.337408 7144 1.2895
637634829 13.0399 0.394939 7270 1.46506
637569297 5.43909 0.274596 6821 1.47612
637634833 11.8059 0.3746 7420 1.80683
637569301 7.68534 0.302974 7729 1.31443
637634837 9.79627 0.309449 9228 1.53616
637569305 6.74536 0.265928 8895 1.26737
637634841 13.034 0.361267 8685 2.01284
637569309 13.7166 0.396425 7531 1.19378
637634845 22.0877 0.481135 7434 1.4366
637569421 8.3203 0.32938 7031 1.22407
637634957 15.1756 0.416151 7433 1.71353
637569425 0 0 8880 0
637634961 1.2172 0.115875 8955 1.1546
637569429 5.04459 0.247023 7850 1.30228
637634965 9.39908 0.295761 9735 1.51959
637569433 3.1122 0.496948 1221 1.16
637634969 8.40587 0.316275 7697 1.69109
637569437 17.1567 0.442921 7245 1.43717
637634973 17.9338 0.436231 7734 1.43661
637569549 7.40374 0.311528 7064 1.28618
637635085 12.7868 0.394984 7148 1.40417
637569553 8.90528 0.303361 8815 1.52167
637635089 10.5263 3.14865 95 1.54545
637569557 8.29344 0.290976 8983 1.3121
637635093 6.02848 0.239177 9903 1.43532
637569561 3.88143 0.204282 8940 1.4053
637635097 3.72067 0.200062 8950 1.36129
637569565 20.1452 0.473902 7163 1.30678
637635101 33.1923 0.541412 7565 1.32872
637569677 9.14804 0.340702 7160 1.23052
637635213 11.6859 0.381418 7094 1.53737
637569681 3.09278 0.186325 8633 1.25
637635217 8.3843 0.292258 8993 1.9253
637569685 5.92502 0.24939 8962 1.35121
637635221 6.97886 0.256242 9887 1.64251
637569689 8.14707 0.289191 8948 1.40782
637635225 7.32133 0.272094 9165 1.75033
637569693 8.86329 0.367193 5991 1.34769
637635229 11.2881 0.387966 6653 1.36766
637569805 3.78026 0.226933 7063 1.17111
637635341 12.5939 0.394892 7059 1.37706
637569809 8.8331 0.305932 8604 1.19978
637635345 12.6507 0.35282 8877 1.49209
637569813 7.01536 0.271463 8852 1.23778
637635349 8.72627 0.285114 9798 1.39649
637569817 10.5008 0.325232 8885 1.26262
637635353 10.1117 0.317106 9039 1.37445
637569821 13.6105 0.403692 7215 1.36691
637635357 12.0569 0.396545 6743 1.64444
637569933 10.7968 0.372849 6928 1.21227
637635469 17.6353 0.473195 6487 1.70181
637569937 1.49666 0.13028 8686 1.28221
637635473 2.3408 0.15925 9014 1.49645
637569941 7.02374 0.268551 9055 1.39045
637635477 13.1434 0.338433 9967 1.72041
637569945 8.73262 0.302619 8703 1.30885
637635481 9.05437 0.303207 8957 1.68902
637569949 8.74207 0.339245 6932 1.45218
637635485 16.8888 0.439191 7277 1.63969
637570061 5.0208 0.266151 6732 1.25475
637635597 13.5662 0.436473 6155 1.54682
637570065 6.28409 0.258694 8800 1.19493
637635601 9.43268 0.311027 8831 2.10199
637570069 6.46432 0.264664 8632 1.31579
637635605 9.11205 0.289406 9888 1.52019
637570073 4.76632 0.229434 8623 1.15456
637635609 5.54429 0.242928 8874 1.36447
637570077 8.91369 0.338664 7079 1.30355
637635613 20.1824 0.468221 7348 1.79186
637570189 4.52194 0.25259 6767 1.26517
637635725 8.76471 0.342922 6800 1.53581
637570193 3.17404 0.19114 8412 1.80054
637635729 7.47303 0.280232 8805 1.50075
637570197 5.48437 0.249142 8351 1.35797
637635733 5.22983 0.232625 9159 1.49088
637570201 5.14988 0.234616 8874 1.33646
637635737 2.45164 0.163998 8892 1.5494
637570205 9.06025 0.430392 4448 1.47926
637635741 11.8454 0.465837 4812 1.48202
637570317 9.62171 0.345236 7296 1.25507
637635853 14.8643 0.41542 7333 1.4568
637570321 7.17002 0.272857 8940 1.23018
637635857 9.27055 0.308183 8856 1.67845
637570325 4.52966 0.220196 8919 1.28261
637635861 9.42758 0.295965 9748 1.64332
637570329 1.63431 0.132789 9117 1.3522
637635865 6.29169 0.256005 8996 1.42828
637570333 10.211 0.352132 7394 1.44434
637635869 12.3631 0.387516 7215 1.45891
637570445 6.00727 0.286582 6875 1.24078
637635981 7.47397 0.314064 7011 1.42773
637570449 6.39608 0.261264 8771 1.44542
637635985 6.41436 0.261985 8746 1.43137
637570453 4.00399 0.206474 9016 1.28757
637635989 7.54486 0.266686 9808 1.62406
637570457 7.92803 0.291084 8615 1.31447
637635993 9.68101 0.311746 8997 1.55337
637570461 6.31837 0.291877 6948 1.24121
637635997 8.34573 0.337333 6722 1.80475
637567021 4.59245 0.208696 10060 1.18912
637632557 15.8485 0.507705 5174 1.62024
637567025 2.0062 0.170295 6779 1.44292
637599793 5.70092 0.305211 5771 1.28238
637632561 8.71917 0.414966 4622 1.3858
637567029 9.98816 0.421269 5066 1.32869
637599797 9.71098 0.380533 6055 1.23888
637632565 9.22971 0.379113 5829 1.25888
637567033 0 0 0 0
637599801 5.25973 0.329096 4601 1.36008
637632569 9.17372 0.42509 4611 1.77932
637567037 9.51485 0.291964 10100 1.32935
637632573 11.4079 0.450536 4979 1.39219
637567149 2.95203 0.171363 9756 1.22993
637632685 6.75358 0.366865 4679 1.26049
637567153 4.61135 0.26046 6484 1.37242
637599921 6.5662 0.331761 5574 1.2594
637632689 14.0374 0.512064 4602 1.69773
637567157 5.52785 0.329433 4812 1.30147
637599925 10.1683 0.364001 6894 1.36229
637632693 5.21188 0.283217 6159 1.48988
637567161 3.27195 0.219464 6571 1.33411
637599929 6.57203 0.328037 5706 1.27349
637632697 7.78495 0.392918 4650 1.32341
637567165 3.74707 0.191635 9821 1.37343
637632701 13.8069 0.48728 5012 1.69365
637567277 4.1965 0.19995 10056 1.44204
637632813 18.2537 0.536302 5188 1.65974
637567281 2.63215 0.236116 4597 1.19658
637600049 10.2624 0.408269 5525 1.25931
637632817 9.99058 0.531522 3183 1.65361
637567285 9.59949 0.428829 4719 1.54614
637600053 8.2763 0.347597 6283 1.52855
637632821 5.01274 0.284444 5885 1.29656
637567289 6.34573 0.343835 5027 1.38402
637600057 10.9446 0.470442 4404 1.64888
637632825 14.1634 0.579357 3622 1.54076
637567293 3.07418 0.171897 10084 1.29709
637632829 16.4354 0.497501 5549 1.74983
637567405 3.78685 0.195498 9533 1.3929
637632941 14.2195 0.485444 5176 1.40952
637567409 7.05846 0.319365 6432 1.267
637600177 9.35961 0.468991 3857 1.43911
637632945 17.3338 0.715628 2798 1.7764
637567413 5.56586 0.329166 4851 1.24276
637600181 6.88141 0.322868 6147 1.31944
637632949 6.27184 0.320467 5724 1.21504
637567417 3.81129 0.27482 4854 1.26121
637600185 6.40797 0.32673 5618 1.31654
637632953 12.8506 0.604377 3066 1.28145
637567421 5.80163 0.234822 9911 1.47787
637632957 17.7416 0.522337 5349 1.46264
637567533 0.61816 0.0789022 9868 1.22535
637633069 17.1896 0.520264 5259 1.93453
637567537 3.51166 0.225017 6692 1.22133
637600305 5.5645 0.306629 5589 1.4
637633073 13.2675 0.497034 4658 1.52332
637567541 4.65531 0.296526 5048 1.30189
637600309 6.86368 0.318695 6294 1.39406
637633077 7.29891 0.334642 6042 1.49532
637567545 6.05498 0.325043 5384 1.3408
637600313 6.47911 0.359363 4692 1.34222
637633081 9.6881 0.491426 3623 1.35492
637567549 5.68749 0.233824 9811 1.21477
637633085 23.1443 0.55804 5712 1.50462
637567661 3.58048 0.187127 9859 1.40089
637633197 14.5404 0.513585 4711 1.52704
637567665 5.05367 0.267452 6708 1.39744
637600433 17.8615 0.507113 5705 1.49087
637633201 12.1338 0.482793 4574 1.48763
637567669 7.97074 0.375804 5194 1.23824
637600437 10.7793 0.391897 6262 1.40177
637633205 11.8283 0.416536 6011 1.44839
637567673 5.15885 0.272066 6610 1.36234
637600441 14.9228 0.469361 5763 1.59675
637633209 10.3163 0.443161 4711 1.38398
637567677 3.14157 0.203428 7353 1.41246
637633213 8.68781 0.45223 3879 1.52094
637567789 2.17767 0.147233 9827 1.2711
637633325 3.48134 0.264664 4797 1.33427
637567793 8.33333 0.344621 6432 1.25273
637600561 6.66548 0.332535 5626 1.18845
637633329 15.9763 0.542393 4563 1.42965
637567797 9.0303 0.407377 4950 1.55995
637600565 3.10102 0.219161 6256 1.20325
637633333 6.52607 0.318274 6022 1.29863
637567801 8.96043 0.397762 5156 1.2486
637600569 15.3712 0.532188 4593 1.43701
637633337 17.8484 0.772984 2454 1.34054
637567805 4.82206 0.2145 9975 1.34126
637633341 11.4428 0.449066 5025 1.79088
637567917 4.79521 0.215133 9864 1.45521
637633453 12.6779 0.492346 4567 1.61949
637567921 8.50647 0.342311 6642 1.47417
637600689 7.0557 0.340538 5655 1.35127
637633457 13.3997 0.495623 4724 1.56483
637567925 6.318 0.336119 5239 1.23308
637600693 15.4179 0.457408 6233 1.89983
637633461 9.50686 0.381824 5901 1.27317
637567929 6.98285 0.316771 6473 1.29452
637600697 7.82103 0.362114 5498 1.27393
637633465 4.28602 0.297246 4643 1.31631
637567933 2.67238 0.162879 9804 1.21206
637633469 6.90302 0.366094 4795 1.23614
637568045 6.88716 0.254293 9917 1.30082
637633581 13.7494 0.517862 4422 1.71033
637568049 2.9147 0.207804 6553 1.15819
637600817 11.275 0.419153 5694 1.44896
637633585 12.5111 0.492319 4516 1.46373
637568053 6.98234 0.360989 4984 1.26638
637600821 12.6034 0.418672 6284 1.38779
637633589 13.4426 0.441069 5981 1.40822
637568057 5.4403 0.281173 6507 1.53414
637600825 7.03097 0.341103 5618 1.3056
637633593 5.78586 0.347621 4511 1.21971
637568061 1.77903 0.143009 8544 1.5
637633597 12.8509 0.505606 4381 1.53347
637568173 3.29184 0.180965 9721 1.20682
637633709 6.69438 0.369661 4571 1.21396
637568177 10.234 0.372379 6625 1.46167
637600945 5.40014 0.300746 5648 1.18626
637633713 7.13202 0.37892 4613 1.16429
637568181 5.63013 0.326274 4991 1.35437
637600949 5.90186 0.303427 6032 1.31088
637633717 5.02736 0.285736 5848 1.33042
637568185 6.89175 0.315241 6457 1.3094
637600953 5.95707 0.316573 5590 1.20478
637633721 7.73528 0.3916 4654 1.30521
637568189 5.96367 0.237885 9910 1.48008
637633725 9.52381 0.420551 4872 1.45495
637568301 3.54137 0.187254 9742 1.30702
637633837 13.422 0.476826 5111 1.81471
637568305 2.31702 0.186359 6517 1.38587
637601073 7.90812 0.357351 5703 1.49035
637633841 9.19134 0.429433 4526 1.27886
637568309 6.18932 0.342695 4944 1.27991
637601077 6.7273 0.328152 5827 1.35301
637633845 10.8477 0.406139 5863 1.31472
637568313 3.97272 0.237804 6746 1.14604
637601081 6.45216 0.318876 5936 1.17438
637633849 6.64923 0.367858 4587 1.29477
637568317 10.5392 0.304317 10181 1.41253
637633853 26.5501 0.599003 5435 1.4085
637568429 4.07199 0.198176 9946 1.41748
637633965 15.2344 0.515259 4864 1.82834
637568433 5.26316 0.273045 6688 1.31565
637601201 10.2444 0.399231 5769 1.59956
637633969 10.902 0.45838 4623 1.41045
637568437 11.2524 0.438649 5190 1.3266
637601205 10.3148 0.386429 6195 1.73832
637633973 13.1242 0.438562 5928 1.41398
637568441 5.92245 0.290507 6602 1.40989
637601209 6.31223 0.324273 5624 1.59444
637633977 16.3048 0.538954 4698 1.67831
637568445 8.55033 0.279308 10023 1.34391
637633981 13.2848 0.489388 4810 1.19554
637569069 8.69565 0.419667 4508 1.20114
637601837 8.67633 0.361179 6074 1.12586
637634605 16.4623 0.598987 3833 1.39122
637569073 2.92874 0.171225 9697 1.17903
637634609 5.60516 0.256149 8064 1.32975
637569077 1.73308 0.146778 7905 1.14327
637634613 5.79258 0.251186 8649 1.75138
637569081 0 0 1 1.5
637634617 5.64597 0.258244 7988 1.33627
637569085 0.767954 0.125765 4818 1.22353
637601853 1.08899 0.135381 5877 1.2518
637634621 11.4785 0.526971 3659 1.21818
637569197 6.61634 0.370378 4504 1.26972
637601965 11.968 0.427793 5757 1.73466
637634733 12.2822 0.554736 3501 1.37175
637569201 1.59847 0.129467 9384 1.16418
637634737 5.41182 0.25294 8001 1.25502
637569205 5.94621 0.262667 8106 1.37113
637634741 4.25259 0.208581 9359 1.56714
637569209 4.5368 0.214013 9456 1.34429
637634745 4.78776 0.237172 8104 1.68566
637569213 9.47836 0.436411 4505 1.70506
637601981 10.4226 0.396489 5939 1.30823
637634749 12.1755 0.534922 3737 1.37859
637569325 7.46269 0.392221 4489 1.23259
637602093 12.4411 0.428239 5940 1.51508
637634861 16.6353 0.610979 3715 1.44751
637569329 3.35989 0.207656 7530 1.11133
637634865 7.72352 0.32725 6655 1.35046
637569333 4.34727 0.231606 7752 1.35649
637634869 1.04191 0.109253 8638 1.57225
637569337 4.57627 0.248352 7080 1.39342
637634873 9.51993 0.374397 6145 1.47849
637569341 8.05113 0.407458 4459 1.28364
637602109 11.9544 0.414032 6140 1.57927
637634877 21.7509 0.647863 4055 1.88724
637569453 6.17406 0.378995 4033 1.18838
637602221 4.88268 0.283071 5796 1.32365
637634989 13.7725 0.568538 3674 1.29495
637569457 1.05695 0.106202 9272 1.32812
637634993 2.7698 0.235062 4874 1.14394
637569461 7.2818 0.293944 7814 1.16646
637634997 4.14923 0.214997 8604 1.2017
637569465 2.84991 0.187267 7895 1.16547
637635001 3.29721 0.220617 6551 1.22561
637569469 7.62852 0.408584 4221 1.37021
637602237 9.6322 0.378901 6063 1.24888
637635005 15.7309 0.585648 3865 1.26064
637569581 10.6326 0.461678 4458 1.41176
637602349 13.2461 0.438955 5964 1.7213
637635117 20.4162 0.65424 3796 1.62772
637569585 4.00042 0.200543 9549 1.17805
637635121 5.13903 0.245994 8056 1.2403
637569589 0.903768 0.106772 7856 1.51923
637635125 1.06694 0.10888 8904 1.60198
637569593 2.15228 0.161864 8038 1.1794
637635129 4.43645 0.252079 6672 1.59091
637569597 7.4926 0.397304 4391 1.27022
637602365 13.1879 0.441668 5869 1.36218
637635133 19.9951 0.624181 4106 1.6089
637569709 6.96594 0.37857 4522 1.3231
637602477 10.5667 0.401648 5858 1.54767
637635245 14.0634 0.595679 3406 1.3476
637569713 3.5342 0.188529 9592 1.19828
637635249 5.38111 0.253902 7898 1.38835
637569717 7.35095 0.289343 8135 1.22344
637635253 6.32496 0.258919 8838 1.64027
637569721 4.1412 0.204525 9490 1.25543
637635257 7.59743 0.294251 8108 1.4281
637569725 7.11654 0.390174 4342 2.02959
637602493 9.39157 0.463501 3961 1.26601
637635261 10.047 0.571506 2767 1.27848
637569837 8.64998 0.420256 4474 1.19534
637602605 8.6883 0.366199 5916 1.14743
637635373 12.4185 0.555313 3527 1.27459
637569841 0 0 9142 0
637635377 11.3617 0.353239 8071 1.24818
637569845 4.38463 0.230161 7914 1.17788
637635381 5.65061 0.24497 8884 1.52228
637569849 6.12712 0.278305 7426 1.17546
637635385 3.69453 0.260306 5251 1.20097
637569853 7.07486 0.377147 4622 1.19216
637602621 13.3367 0.442006 5916 1.41233
637635389 12.6817 0.546036 3714 1.28542
637569965 8.47158 0.414136 4521 1.28979
637602733 11.8544 0.420658 5905 1.34157
637635501 16.3283 0.629472 3448 1.63502
637569969 5.94365 0.243804 9405 1.43615
637635505 9.69954 0.33045 8021 1.8984
637569973 6.16724 0.266369 8156 1.26958
637635509 9.13841 0.310509 8612 1.5176
637569977 7.41507 0.273408 9184 2.04217
637635513 5.89418 0.264025 7957 1.69422
637569981 4.39248 0.302941 4576 1.38889
637602749 5.30822 0.293376 5840 1.26471
637635517 2.0119 0.236355 3529 1.46099
637570093 4.04714 0.293861 4497 1.27737
637602861 4.32078 0.263636 5948 1.18555
637635629 4.33034 0.357969 3233 1.20913
637570097 3.50559 0.189852 9385 1.16637
637635633 5.37473 0.251838 8019 1.24908
637570101 2.95784 0.190073 7945 1.16667
637635637 5.52349 0.243033 8835 1.32258
637570105 2.44536 0.160662 9242 1.41548
637635641 7.29768 0.29456 7797 1.60613
637570109 3.25013 0.285937 3846 1.36232
637602877 6.48491 0.343655 5135 1.24453
637635645 10.1229 0.542447 3092 1.26401
637570221 4.6313 0.315117 4448 1.37475
637602989 4.50607 0.273086 5770 1.36379
637635757 8.62069 0.488139 3306 1.38477
637570225 4.39317 0.210356 9492 1.34129
637635761 5.72548 0.261192 7912 1.38462
637570229 5.55271 0.259033 7816 1.37041
637635765 7.06846 0.27726 8545 1.66506
637570233 6.02397 0.247215 9263 1.4452
637635769 7.63609 0.298116 7936 1.62727
637570237 4.48661 0.30928 4480 1.24609
637603005 3.91556 0.253079 5874 1.2709
637635773 7.43398 0.444424 3484 1.35479
637570349 3.60424 0.286086 4245 1.18305
637603117 12.2813 0.423698 6001 1.58614
637635885 12.5336 0.543005 3718 1.37227
637570353 5.12515 0.229536 9229 1.26979
637635889 6.84324 0.284231 7891 1.53877
637570357 1.78965 0.150976 7711 1.62844
637635893 3.19436 0.190568 8515 1.73791
637570361 3.98831 0.199949 9578 1.25722
637635897 7.53307 0.292097 8164 1.5584
637570365 7.51143 0.388917 4593 1.17052
637603133 8.68634 0.361576 6067 1.16957
637635901 14.1793 0.549709 4027 1.47704
637570477 7.65776 0.398497 4453 1.34134
637603245 8.69493 0.363994 5992 1.27563
637636013 15.1583 0.600284 3569 1.48028
637570481 3.10198 0.176588 9639 1.53612
637636017 3.66208 0.21107 7919 1.53688
637570485 5.46509 0.252459 8106 1.39386
637636021 3.11288 0.185445 8770 1.39884
637570489 3.7504 0.195558 9439 1.27052
637636025 8.36431 0.308184 8070 1.59311
637570493 7.172 0.3781 4657 1.32756
637603261 4.83221 0.277776 5960 1.35484
637636029 6.05042 0.399031 3570 1.39669
637567053 6.4588 0.410118 3592 1.14758
637632589 7.94093 0.451318 3589 1.15704
637567057 56.4433 1.2586 1552 1.34594
637632593 49.2782 0.84111 3533 1.22133
637567061 4.6198 0.355582 3485 1.21849
637632597 5.40827 0.368273 3772 1.1
637567065 2.18655 0.243302 3613 1.32836
637632601 4.94604 0.375406 3336 1.26129
637567069 6.97994 0.422399 3639 1.17778
637632605 10.5801 0.51122 3620 1.23402
637567181 9.6732 1.06872 765 1.16766
637632717 2.22711 0.244686 3637 1.28625
637567185 2.97956 0.266803 4061 1.22101
637632721 4.10592 0.342268 3361 1.25806
637567189 7.65279 0.437158 3698 1.16889
637632725 7.00606 0.397422 4125 1.50739
637567193 2.30449 0.234935 4079 1.30208
637632729 6.08321 0.40489 3485 1.28289
637567197 5.08757 0.366393 3597 1.33537
637632733 4.52711 0.353029 3468 1.2913
637567309 6.70048 0.408516 3746 1.15842
637632845 10.8411 0.513759 3662 1.20233
637567313 4.51102 0.385137 2904 1.14329
637632849 8.98957 0.542394 2781 1.22764
637567317 4.69457 0.355714 3536 1.23175
637632853 1.29333 0.181717 3866 1.26846
637567321 2.92059 0.261602 4143 1.35473
637632857 1.70358 0.21805 3522 1.48592
637567325 3.37691 0.298091 3672 1.17033
637632861 7.5946 0.430936 3779 1.28691
637567437 4.21365 0.346072 3370 1.16772
637632973 6.15869 0.40688 3491 1.25741
637567441 4.06194 0.314535 3939 1.23511
637632977 9.63754 0.494667 3559 1.30459
637567445 4.43189 0.354938 3362 1.07807
637632981 4.51831 0.334704 3851 1.16458
637567449 1.13342 0.190494 3088 1.23077
637632985 4.35552 0.384077 2824 1.13889
637567453 1.74419 0.223201 3440 1.52381
637632989 8.90844 0.472355 3637 1.23743
637567565 4.49344 0.346085 3583 1.15896
637633101 9.21804 0.488694 3504 1.35423
637567569 2.971 0.260716 4241 1.30249
637633105 4.24789 0.34401 3437 1.26298
637567573 4.17961 0.336305 3541 1.20784
637633109 3.70181 0.301675 3917 1.19527
637567577 3.80048 0.294689 4210 1.33333
637633113 6.85586 0.423589 3559 1.18511
637567581 4.00541 0.322582 3695 1.5619
637633117 12.1305 0.545197 3586 1.22061
637567693 3.58621 0.30884 3625 1.14984
637633229 8.63471 0.470287 3567 1.20584
637567697 0.893277 0.14426 4254 1.14857
637633233 2.28986 0.249961 3581 1.13456
637567701 4.72162 0.350401 3664 1.21538
637633237 3.61724 0.299066 3898 1.27842
637567705 4.08958 0.308999 4108 1.31304
637633241 4.19263 0.337331 3530 1.66834
637567709 1.93891 0.224722 3765 1.56044
637633245 8.94895 0.699554 1665 1.32601
637567821 2.50704 0.262394 3550 1.11915
637633357 4.86517 0.358714 3597 1.18543
637567825 5.75698 0.364574 4082 1.06763
637633361 8.89018 0.485101 3442 1.25968
637567829 1.01133 0.20124 2472 1.2766
637633365 0 0 15 0
637567833 4.8546 0.333175 4161 1.14759
637633369 5.43933 0.392071 3346 1.1791
637567837 3.27915 0.298145 3568 1.15745
637633373 5.76818 0.385475 3658 1.41414
637567949 3.08934 0.288662 3593 1.19565
637633485 6.46794 0.412461 3556 1.24893
637567953 3.38083 0.28086 4141 1.39688
637633489 4.41306 0.352285 3399 1.20554
637567957 7.83551 0.447945 3599 1.35306
637633493 4.99195 0.356775 3726 1.16705
637567961 8.05386 0.425768 4085 1.36651
637633497 7.5398 0.457615 3329 1.54072
637567965 4.85997 0.35631 3642 1.1831
637633501 6.73839 0.421812 3532 1.56427
637568077 4.5544 0.349584 3557 1.16955
637633613 4.84262 0.352099 3717 1.56311
637568081 3.3134 0.282509 4014 1.10759
637633617 3.05792 0.295234 3401 1.28729
637568085 6.11127 0.406696 3469 1.71106
637633621 6.78885 0.404159 3874 1.52132
637568089 4.25209 0.321005 3951 1.24138
637633625 3.45761 0.3168 3326 1.51938
637568093 8.41901 0.462852 3599 1.37852
637633629 7.88907 0.442331 3714 1.23242
637568205 2.39782 0.252525 3670 1.20385
637633741 9.41828 0.48613 3610 1.46216
637568209 1.34416 0.192705 3571 1.22034
637633745 0 0 0 0
637568213 0.862069 0.156712 3480 1.47273
637633749 4.23686 0.321802 3918 1.29474
637568217 6.34207 0.385112 4005 1.37982
637633753 3.64776 0.316485 3509 1.22803
637568221 6.58811 0.40597 3734 1.15854
637633757 7.72255 0.447345 3561 1.20785
637568333 2.9177 0.279227 3633 1.24405
637633869 7.75578 0.443578 3636 1.35081
637568337 5.99854 0.370805 4101 1.19271
637633873 10.5507 0.523022 3450 1.47337
637568341 2.51609 0.267882 3418 1.15054
637633877 2.81466 0.269509 3766 1.29
637568345 1.7485 0.20285 4175 1.72222
637633881 3.26998 0.297326 3578 1.41066
637568349 5.54393 0.427301 2868 1.16058
637633885 4.22487 0.371304 2935 1.25301
637568461 24.5065 0.722314 3546 1.15398
637633997 39.7867 0.809381 3657 1.38194
637568465 3.89229 0.302612 4085 1.26882
637634001 7.08615 0.439989 3401 1.34862
637568469 5.95534 0.392958 3627 1.38032
637634005 9.2602 0.462984 3920 1.76453
637568473 2.71121 0.252688 4131 1.49242
637634009 8.12153 0.466898 3423 1.48353
637568477 0 0 3768 0
637634013 0 0 3585 0
637571149 6.76776 0.420939 3561 1.26519
637636685 9.95129 0.558387 2874 1.25932
637571153 6.4311 0.652124 1415 1.18378
637636689 7.6853 0.464233 3292 1.27145
637571157 6.12903 0.410756 3410 1.14184
637636693 14.1056 0.56414 3807 1.12907
637571161 1.5807 0.207707 3606 1.22857
637636697 4.02439 0.343158 3280 1.19617
637571165 3.1188 0.292692 3527 1.15172
637636701 3.77747 0.3533 2912 1.34987
637571277 11.3869 1.21368 685 1.11203
637636813 6.6193 0.480788 2674 1.20524
637571281 4.5688 0.343324 3699 1.17513
637636817 6.47131 0.42983 3276 1.17778
637571285 8.04937 0.445634 3727 1.21172
637636821 5.3494 0.349293 4150 1.60932
637571289 2.84336 0.264825 3939 1.40909
637636825 3.6839 0.324673 3366 1.26393
637571293 2.8436 0.277526 3587 1.38674
637636829 4.49839 0.391631 2801 1.25
637571405 7.163 0.433051 3546 1.12257
637636941 10.6076 0.570544 2913 1.17639
637571409 4.51442 0.404387 2636 1.19003
637636945 12.0403 0.640321 2583 1.26316
637571413 8.58006 0.486801 3310 1.19455
637636949 9.96341 0.502477 3553 1.44755
637571417 2.72232 0.26203 3857 1.16139
637636953 5.25015 0.391956 3238 1.31592
637571421 1.99663 0.234578 3556 1.07143
637636957 3.07747 0.324823 2827 1.16422
637571533 5.43237 0.37734 3608 1.16275
637637069 9.16138 0.541514 2838 1.22565
637571537 6.67494 0.393161 4030 1.39564
637637073 5.2459 0.384913 3355 1.23131
637571541 0.870787 0.155715 3560 1.24324
637637077 7.09661 0.405177 4016 1.71875
637571545 0.818382 0.15984 3177 1.22222
637637081 2.73038 0.317355 2637 1.09459
637571549 4.71571 0.347968 3711 1.19505
637637085 8.25094 0.508038 2933 1.1549
637571661 6.87861 0.430266 3460 1.1387
637637197 7.90021 0.502112 2886 1.23279
637571665 5.75356 0.371548 3928 1.47555
637637201 10.6474 0.540299 3259 1.71894
637571669 2.22947 0.344282 1839 1.41803
637637205 2.04878 0.312878 2050 1.28049
637571673 4.89984 0.355167 3694 1.24289
637637209 8.94161 0.497625 3288 1.1194
637571677 6.42755 0.415427 3485 1.40326
637637213 10.3554 0.595584 2617 1.40937
637571789 3.426 0.304816 3561 1.21127
637637325 8.94454 0.53981 2795 1.27169
637571793 4.16667 0.320472 3888 1.2844
637637329 4.09281 0.355669 3103 1.35535
637571797 3.37209 0.307767 3440 1.2069
637637333 4.66967 0.343673 3769 1.18735
637571801 3.09997 0.278567 3871 1.28297
637637337 4.15891 0.351725 3222 1.24129
637571805 4.33574 0.339528 3598 1.24662
637637341 6.08484 0.445757 2876 1.28685
637571917 4.62604 0.349596 3610 1.26932
637637453 3.85604 0.368984 2723 1.4075
637571921 4.01028 0.314576 3890 1.25455
637637457 3.8616 0.338658 3237 1.20442
637571925 1.39888 0.234794 2502 1.16529
637637461 0 0 11 0
637571929 4.80189 0.346338 3811 1.24752
637637465 8.17772 0.491688 3106 1.32184
637571933 2.00725 0.23417 3587 1.12583
637637469 4.28973 0.379953 2844 1.23645
637572045 4.0225 0.329544 3555 1.09091
637637581 8.38008 0.518853 2852 1.19186
637572049 1.97147 0.223902 3855 1.29255
637637585 5.40284 0.401849 3165 1.24609
637572053 3.73134 0.321097 3484 1.10145
637637589 9.49516 0.474116 3823 1.44912
637572057 4.70331 0.350089 3657 1.27757
637637593 4.83412 0.381252 3165 1.35641
637572061 7.32449 0.433149 3618 1.52148
637637597 6.91341 0.474027 2864 1.37086
637572173 0.709824 0.14146 3522 1.39437
637637709 3.64026 0.353818 2802 1.23967
637572177 3.58297 0.305067 3712 1.26146
637637713 6.88595 0.443964 3253 1.2492
637572181 6.03837 0.400118 3544 1.55102
637637717 4.5221 0.33307 3892 1.38878
637572185 3.92434 0.326261 3542 1.27941
637637721 6.21137 0.424292 3236 1.25047
637572189 6.29351 0.405251 3591 1.23077
637637725 8.43201 0.526343 2787 1.17556
637572301 3.44729 0.309221 3481 1.17455
637637837 6.31241 0.459251 2804 1.23529
637572305 2.61814 0.285315 3132 1.26255
637637841 0 0 0 0
637572309 7.29863 0.443555 3439 1.12301
637637845 8.39342 0.47093 3467 1.62081
637572313 3.15677 0.28598 3738 1.24233
637637849 8.86918 0.505984 3157 1.45385
637572317 7.32188 0.437144 3551 1.24742
637637853 8.14815 0.526492 2700 1.21429
637572429 5.38065 0.381721 3494 1.22398
637637965 7.64309 0.500938 2813 1.25662
637572433 0 0 3908 0
637637969 0 0 3292 0
637572437 3.37684 0.304283 3524 1.19409
637637973 5.14392 0.360619 3752 1.28571
637572441 6.92191 0.404174 3944 1.40575
637637977 10.0239 0.519493 3342 1.65686
637572445 4.07011 0.340583 3366 1.30114
637637981 6.82581 0.487053 2681 1.24823
637572557 7.04345 0.431221 3521 1.12145
637638093 9.31963 0.54724 2822 1.35285
637572561 3.4662 0.310887 3462 1.14844
637638097 8.2245 0.516172 2833 1.2168
637572565 5.86895 0.396728 3510 1.31852
637638101 5.1914 0.359233 3814 1.19708
637572569 3.91352 0.320797 3654 1.27273
637638105 4.81144 0.385866 3076 1.26644
637572573 5.95447 0.404294 3426 1.2434
637638109 8.02641 0.506462 2878 1.26598
637567085 7.69231 3.30515 65 1.14286
637632621 12.1212 5.68144 33 2.16667
637567089 3.90071 0.665651 846 1.16
637632625 2.57446 0.355825 1981 1.23438
637567093 5.75296 0.553 1773 1.13369
637632629 6.54019 0.552417 2003 1.28085
637567097 3.99221 0.610906 1027 1.27737
637632633 2.94118 0.383797 1938 1.34225
637567101 6.66667 2.2771 120 1.13333
637632637 6 3.35857 50 1.25
637567213 5.40541 3.71746 37 1
637632749 2.7027 2.66593 37 1
637567217 1.4885 0.445446 739 1.04762
637632753 3.09757 0.393653 1937 1.33613
637567221 7.15522 0.619143 1733 1.15063
637632757 6.81449 0.586034 1849 1.49064
637567225 1.50754 0.352641 1194 1.26316
637632761 5.40541 0.501262 2035 1.35185
637567229 6.41711 1.79204 187 1.04348
637632765 0 0 47 1
637567341 6.70732 1.38122 328 1.14474
637632877 6.55391 0.80461 946 1.34868
637567345 3.2882 0.554573 1034 1.07246
637632881 6.24635 0.584694 1713 1.16915
637567349 3.50404 0.42694 1855 1.11465
637632885 8.6518 0.647684 1884 1.35276
637567353 5.12 0.623401 1250 1.40594
637632889 7.58188 0.560676 2229 1.29927
637567357 4.09165 0.801414 611 1.18182
637632893 2.06186 0.360711 1552 1.09524
637567469 10.6299 1.93395 254 1.15909
637633005 10.4128 0.935465 1066 1.22449
637567473 11.0345 2.60197 145 1.03704
637633009 8.72642 0.791311 1272 1.25547
637567477 4.79386 0.661505 1043 1.24719
637633013 9.49868 0.869519 1137 1.24405
637567481 4.21394 0.808821 617 1.02326
637633017 6.12403 0.667577 1290 1.1129
637567485 10.5505 2.08064 218 1.26087
637633021 7.38916 0.821099 1015 1.13675
637567597 5.77334 0.62269 1403 1.15789
637633133 7.60315 0.57069 2157 1.22024
637567601 4.52846 0.423813 2407 1.12093
637633137 8.83562 0.525218 2920 1.29461
637567605 2.68087 0.309537 2723 1.15929
637633141 2.75323 0.301674 2942 1.33047
637567609 4.97306 0.442544 2413 1.13063
637633145 7.58148 0.490272 2915 1.28606
637567613 2.91815 0.44904 1405 1.6
637633149 10.1762 0.634565 2270 1.58049
637567725 4.86111 0.677355 1008 1.03947
637633261 7.41758 1.37355 364 1.20202
637567729 2.30326 0.293906 2605 1.39706
637633265 5.5058 0.415403 3015 1.30448
637567733 5.49413 0.423574 2894 1.22078
637633269 5.00982 0.394744 3054 1.17081
637567737 5.0135 0.428549 2593 1.55848
637633273 7.5869 0.484081 2992 1.25463
637567741 6.56799 0.753445 1081 1.30921
637633277 11.7257 1.51327 452 1.35374
637567853 5.51181 2.02504 127 1
637633389 5.55556 5.39903 18 1
637567857 0 0 2379 0
637633393 0 0 2880 0
637567861 4.94393 0.489414 1962 1.14024
637633397 0 0 13 1
637567865 4.86909 0.46127 2177 1.20073
637633401 15.5699 0.68753 2781 1.64797
637567869 4.96454 1.82925 141 1.125
637633405 14.2857 7.63604 21 1
637567981 4.09914 0.612167 1049 1.10227
637633517 7.04607 1.33228 369 1.66667
637567985 6.27615 0.473017 2629 1.16614
637633521 4.6159 0.385154 2968 1.37113
637567989 3.29122 0.325292 3008 1.14815
637633525 7.23281 0.465457 3097 1.72959
637567993 5.5296 0.451021 2568 1.29739
637633529 6.70213 0.470888 2820 1.2474
637567997 7.48441 0.848396 962 1.44371
637633533 11.5578 1.6026 398 1.4434
637568109 5.50239 0.643928 1254 1.26115
637633645 7.0922 0.524303 2397 1.31949
637568113 3.02656 0.425772 1619 1.272
637633649 6.74394 0.575635 1898 1.30145
637568117 5.19845 0.416055 2847 1.2471
637633653 6.81606 0.444613 3213 1.45127
637568121 6.38821 0.606077 1628 1.64539
637633657 7.85421 0.609529 1948 1.38342
637568125 7.34158 0.725053 1294 1.15546
637633661 11.1255 0.652977 2319 1.48842
637568237 5.14286 0.631058 1225 1.2446
637633773 8.09686 0.530609 2643 1.305
637568241 5.02842 0.456961 2287 1.30112
637633777 7.47863 0.702019 1404 1.28521
637568245 3.37861 0.337201 2871 1.17489
637633781 6.12504 0.427174 3151 1.30941
637568249 2.94524 0.362693 2173 1.12844
637633785 5.38074 0.400252 3178 1.29787
637568253 8.62471 0.782523 1287 1.40488
637633789 11.3259 0.623069 2587 1.46654
637568365 1.37615 0.322121 1308 1.25926
637633901 8.48772 0.578492 2321 1.40533
637568369 5.99281 0.474423 2503 1.40557
637633905 7.97407 0.487717 3085 1.4172
637568373 3.17971 0.331646 2799 1.24299
637633909 6.72296 0.451297 3079 1.41689
637568377 4.91089 0.430046 2525 1.37455
637633913 6.07553 0.4329 3045 1.5929
637568381 8.99242 0.941621 923 1.22981
637633917 8.03991 0.658704 1704 1.33094
637568493 2.56849 0.65461 584 1.21569
637634029 5.00982 0.683717 1018 1.1875
637568497 4.25926 0.614474 1080 1.11321
637634033 4.10539 0.49115 1632 1.23711
637568501 1.25554 0.302595 1354 1.42857
637634037 5.40541 0.59527 1443 1.3913
637568505 4.41052 0.597989 1179 1.15642
637634041 5.34255 0.563789 1591 1.24084
637568509 3.33333 0.732828 600 1.25926
637634045 5.47703 0.676267 1132 1.19075
637571181 4.23729 1.85439 118 1
637636717 4 3.91918 25 2
637571185 3.55114 0.697503 704 1.16071
637636721 5.89141 0.462049 2597 1.54815
637571189 4.87116 0.404435 2833 1.2037
637636725 3.91845 0.346323 3139 1.18276
637571193 3.13572 0.38577 2041 1.24528
637636729 4.98375 0.413538 2769 1.31707
637571197 3.97351 1.58962 151 1.45455
637636733 0 0 19 1
637571309 0 0 1 0
637636845 0 0 106 1.5
637571313 0 0 2558 0
637636849 0 0 2809 0
637571317 4.40592 0.390007 2769 1.21053
637636853 9.32377 0.53735 2928 1.4053
637571321 5.46724 0.447661 2579 1.24364
637636857 5.90084 0.440315 2864 1.3027
637571325 3.52046 0.568481 1051 1.24359
637636861 16.1798 1.74574 445 1.26984
637571437 8.20166 0.752672 1329 1.3125
637636973 8.59091 0.597452 2200 1.48354
637571441 5.61139 0.666029 1194 1.08696
637636977 6.85738 0.518369 2377 1.32515
637571445 3.10694 0.329784 2768 1.27027
637636981 5.74555 0.430356 2924 1.54248
637571449 6.1017 0.526737 2065 1.24896
637636985 2.21811 0.283164 2705 1.29703
637571453 6.98758 0.710356 1288 1.3764
637636989 11.6004 0.69681 2112 1.35616
637571565 8.32455 0.896755 949 1.1203
637637101 4.82517 0.566695 1430 1.25
637571569 6.92641 0.682002 1386 1.03846
637637105 5.56075 0.495377 2140 1.10227
637571573 6.41653 0.571425 1839 1.13158
637637109 5.05952 0.48813 2016 1.11739
637571577 0 0 1146 0
637637113 0 0 1694 0
637571581 6.81342 0.815802 954 1.20312
637637117 5.50964 0.598787 1452 1.42365
637571693 9.33908 1.10295 696 1.10101
637637229 10.4643 0.805787 1443 1.51661
637571697 6.86347 0.68685 1355 1.11892
637637233 5.93146 0.495127 2276 1.32537
637571701 5.55556 0.715119 1026 1.31461
637637237 5.0173 0.642064 1156 1.2766
637571705 5.47731 0.636482 1278 1.21986
637637241 8.62546 0.60294 2168 1.375
637571709 5.08721 0.837738 688 1.14607
637637245 8.66303 0.734668 1466 1.37945
637571821 7.72947 1.85618 207 1.05882
637637357 13.8889 5.76384 36 1.46154
637571825 3.62096 0.51852 1298 1.17419
637637361 7.35 0.583514 2000 1.38133
637571829 6.34638 0.59374 1686 1.14078
637637365 5.20156 0.566225 1538 1.31053
637571833 6.07441 0.65819 1317 1.37662
637637369 4.49116 0.452706 2093 1.17273
637571837 0 0 204 0
637637373 0 0 42 0
637571949 4.8951 1.80432 143 1.18182
637637485 22.5 6.60256 40 1.07692
637571953 11.3869 0.858205 1370 1.10976
637637489 6.11082 0.545088 1931 1.28214
637571957 18.6589 1.05177 1372 1.13121
637637493 26.8235 2.14906 425 1.27857
637571961 8.37945 0.779038 1265 1.18919
637637497 12.4751 0.736673 2012 1.85071
637571965 0.775194 0.772183 129 1
637637501 13.0435 4.96557 46 1.42857
637572077 5.5313 0.872126 687 1.17333
637637613 6.639 0.801855 964 1.28302
637572081 5.92851 0.697301 1147 1.23585
637637617 7.68721 0.685758 1509 1.45972
637572085 1.74507 0.360683 1318 1.23256
637637621 5.68256 0.591671 1531 1.29614
637572089 3.43915 0.541153 1134 1.35878
637637625 6.49526 0.641029 1478 2.05494
637572093 0 0 689 0
637637629 0 0 972 0
637572333 4.04272 0.543969 1311 1.15079
637637869 8.61782 0.572589 2402 1.21831
637572337 4.7619 0.487153 1911 1.45146
637637873 14.5973 1.44627 596 1.26506
637572341 4.77941 0.409042 2720 1.14029
637637877 6.01504 0.449897 2793 1.47337
637572345 3.35868 0.453537 1578 1.09934
637637881 9.16947 0.632329 2083 1.34595
637572349 8.71795 0.763543 1365 1.37238
637637885 11.4168 0.644465 2435 1.38915
637572589 5.20521 0.702795 999 1.16346
637638125 15.2648 2.00736 321 1.6259
637572593 5.72879 0.625805 1379 1.30047
637638129 8.09689 0.717613 1445 1.68182
637572597 5.56121 0.42201 2949 1.26962
637638133 6.88525 0.458479 3050 1.67943
637572601 4.57666 0.408118 2622 1.22314
637638137 7.51827 0.491948 2873 1.65245
637572605 6.45482 0.774351 1007 1.10853
637638141 12.5373 1.80922 335 1.39535
637575661 4.9579 0.663924 1069 1.1413
637641197 10.3873 0.739098 1704 1.16857
637575665 5.3753 0.496299 2065 1.04667
637641201 4.87805 0.453618 2255 1.18519
637575669 3.61613 0.401975 2157 1.12077
637641205 7.82644 0.540865 2466 1.34325
637575673 4.76611 0.63294 1133 1.08
637641209 2.06304 0.340274 1745 1.26056
637575677 8.67294 0.90976 957 1.18834
637641213 6.6289 0.592181 1765 1.18909
637579757 3.27869 1.31639 183 1.17949
637645293 4.89796 0.796084 735 1.11236
637579761 6.65138 1.19335 436 1.07042
637645297 5.2504 0.633906 1238 1.11111
637579765 5.18519 0.779072 810 1.25806
637645301 10.2941 1.02207 884 1.22165
637579769 0 0 191 0
637645305 0 0 760 0
637579773 8.64198 2.20761 162 1.2459
637645309 12.3179 1.19605 755 1.31447
