637566989 95.1223 0.25465 7155 1.87874
637632525 98.4743 0.170339 5178 2.16782
637566993 87.5037 0.400476 6818 1.38631
637632529 87.8109 0.421309 6030 1.72926
637566997 79.6537 1.87294 462 1.63005
637632533 73.1931 0.514368 7416 1.49847
637567001 59.2507 0.681077 5205 1.23295
637632537 51.2749 0.731661 4667 1.29457
637567005 93.3683 0.292484 7238 1.80599
637632541 97.2861 0.2287 5048 2.12173
637567117 88.558 0.445564 5104 1.60651
637632653 96.8777 0.295715 3459 1.71967
637567121 93.6255 0.296757 6777 1.91087
637632657 96.3993 0.241106 5971 2.00456
637567125 60.6984 0.594134 6758 1.23583
637632661 89.1472 0.349623 7915 1.68573
637567129 84.7443 0.428534 7040 1.48019
637632665 88.6153 0.40164 6254 1.7461
637567133 94.9828 0.255939 7275 1.95201
637632669 97.7774 0.204061 5219 2.16364
637567245 91.3154 0.326263 7450 1.59267
637632781 96.1737 0.260184 5436 2.11778
637567249 82.1923 0.530539 5200 1.48952
637632785 94.7066 0.320711 4874 1.57476
637567253 92.9213 0.336993 5792 1.65106
637632789 92.0308 0.320497 7140 1.75515
637567257 81.6007 0.470857 6772 1.40713
637632793 89.6865 0.390689 6060 1.61281
637567261 93.4653 0.287758 7376 1.73272
637632797 98.0385 0.19137 5251 2.19297
637567373 94.0697 0.277699 7234 1.76997
637632909 97.9463 0.192912 5405 2.13189
637567377 90.1347 0.358907 6903 1.67267
637632913 91.5146 0.357351 6081 1.78457
637567381 88.8285 0.410463 5890 1.47769
637632917 88.4442 0.368024 7546 1.5201
637567385 83.4649 0.800632 2153 1.78871
637632921 91.9204 0.380712 5124 1.63716
637567389 94.8487 0.258038 7338 1.85509
637632925 98.9136 0.140661 5431 2.36193
637567501 88.2829 0.379856 7169 1.63964
637633037 97.9871 0.193534 5266 2.07061
637567505 90.3271 0.390934 5717 1.473
637633041 86.6667 5.06745 45 2
637567509 88.0485 0.385337 7087 1.45497
637633045 90.841 0.327844 7741 1.66851
637567513 78.9683 0.494753 6785 1.33408
637633049 80.6164 0.503457 6165 1.57003
637567517 94.632 0.265104 7228 1.82983
637633053 97.3202 0.221846 5299 2.18498
637567629 92.0721 0.319469 7152 1.70814
637633165 97.9261 0.200279 5063 2.0025
637567633 89.8501 0.369767 6670 1.55551
637633169 92.0138 0.347139 6098 1.74725
637567637 90.5277 0.349229 7031 1.5681
637633173 87.7021 0.373463 7733 1.77484
637567641 87.0062 0.404457 6911 1.47548
637633177 92.3327 0.339117 6156 1.70865
637567645 85.3809 0.417673 7155 1.39767
637633181 85.7664 0.483919 5213 1.6002
637567757 89.835 0.357324 7152 1.59191
637633293 95.168 0.30239 5029 1.9822
637567761 94.5609 0.281513 6490 1.60996
637633297 95.0497 0.276804 6141 1.79225
637567765 87.6581 0.396574 6879 1.45014
637633301 86.5282 0.393925 7512 1.55168
637567769 96.5482 0.220781 6837 1.70944
637633305 97.7588 0.191426 5979 2.04162
637567773 92.5823 0.308861 7199 1.73348
637633309 97.7479 0.208537 5062 2.14394
637567885 80.58 0.46051 7379 1.38444
637633421 82.7675 0.530606 5066 1.45468
637567889 87.0459 0.41141 6662 1.54999
637633425 94.7566 0.284442 6141 1.77322
637567893 92.1703 0.321107 6999 1.61206
637633429 95.1901 0.241691 7838 1.77229
637567897 88.5309 0.393784 6548 1.66219
637633433 73.0436 0.561913 6236 1.46848
637567901 92.1663 0.314728 7289 1.70144
637633437 96.1203 0.268964 5155 2.19546
637568013 92.3549 0.31385 7168 1.57412
637633549 96.8695 0.244351 5079 2.02508
637568017 90.0927 0.362486 6793 1.5324
637633553 89.2892 0.39576 6106 1.72669
637568021 93.3144 0.305122 6701 1.65246
637633557 87.2615 0.378575 7756 1.64711
637568025 95.1574 0.262843 6670 1.74659
637633561 95.8929 0.254366 6087 2.01443
637568029 71.1609 0.537704 7098 1.51665
637633565 94.5597 0.317289 5110 2.03375
637568141 91.8228 0.326488 7044 1.57547
637633677 93.7463 0.337955 5133 1.8774
637568145 88.6945 0.387238 6687 1.54103
637633681 89.274 0.396592 6088 1.77417
637568149 89.9061 0.376854 6390 1.51234
637633685 83.5825 0.439934 7090 1.58484
637568153 95.7823 0.242814 6852 1.72657
637633689 96.2858 0.244058 6004 1.83223
637568157 92.2916 0.385506 4787 1.78093
637633693 97.069 0.285931 3480 2.22387
637568269 82.5517 0.445728 7250 1.78274
637633805 98.1095 0.190125 5131 2.18015
637568273 94.8137 0.268026 6845 1.75628
637633809 95.4696 0.267908 6026 1.93232
637568277 90.182 0.360471 6814 1.68185
637633813 88.0412 0.370549 7668 1.72858
637568281 90.2044 0.359157 6850 1.65441
637633817 93.5306 0.313619 6152 1.87355
637568285 84.3183 0.427797 7225 1.72478
637633821 95.6436 0.286589 5073 2.10255
637568397 91.2625 0.335766 7073 1.65377
637633933 95.916 0.274702 5191 1.96702
637568401 90.9118 0.350851 6712 1.4966
637633937 94.6397 0.286625 6175 1.91973
637568405 85.425 0.429006 6765 1.47783
637633941 85.2271 0.404814 7683 1.50758
637568409 79.4021 0.494441 6690 1.46387
637633945 93.8248 0.306042 6186 1.83277
637568413 81.1872 0.461864 7160 1.49519
637633949 87.4785 0.457951 5223 1.66212
637569037 95.4743 0.259226 6430 1.76571
637634573 97.8282 0.173095 7091 1.95146
637569041 84.1958 0.467552 6087 1.46024
637634577 87.9825 0.414099 6166 1.53516
637569045 92.5403 1.17974 496 1.81172
637634581 90.006 0.367124 6674 1.53113
637569049 78.8301 0.59798 4667 1.3998
637634585 89.4356 0.448601 4695 1.50113
637569053 88.3032 0.401352 6412 1.41895
637634589 81.7919 0.463911 6920 1.54444
637569165 90.88 0.420248 4693 1.62065
637634701 93.81 0.337266 5105 1.81599
637569169 94.177 0.298662 6148 1.76939
637634705 81.4256 0.495545 6159 1.76114
637569173 83.7111 0.471521 6133 1.42023
637634709 88.4165 0.377838 7174 1.63481
637569177 47.4933 0.626026 6363 1.29632
637634713 66.01 0.592279 6396 1.32738
637569181 91.6086 0.34887 6316 1.63072
637634717 95.1264 0.255173 7120 1.79716
637569293 92.5673 0.327088 6431 1.64633
637634829 97.1386 0.194611 7339 1.9715
637569297 90.7977 0.416613 4814 1.45636
637634833 92.9965 0.356453 5126 1.62518
637569301 89.5428 0.416298 5403 1.48325
637634837 90.124 0.371476 6450 1.5419
637569305 86.9424 0.429122 6165 1.47368
637634841 92.4857 0.336568 6135 1.71959
637569309 96.1793 0.240863 6334 1.95705
637634845 98.2252 0.155475 7212 2.14144
637569421 94.0921 0.298732 6229 1.77992
637634957 90.9028 0.338387 7222 1.72256
637569425 0 0 6268 0
637634961 57.9223 0.630961 6122 1.2255
637569429 83.7214 0.50182 5412 1.39728
637634965 85.2268 0.431284 6769 1.48662
637569433 79.5238 1.3923 840 1.31312
637634969 84.2313 0.500229 5308 1.47896
637569437 96.2573 0.238022 6359 1.76281
637634973 96.7213 0.209013 7259 1.90095
637569549 93.6187 0.30949 6237 1.64142
637635085 93.4631 0.294653 7037 1.7258
637569553 93.4035 0.318362 6079 1.65657
637635089 85.4167 5.09424 48 1.75
637569557 89.6009 0.384914 6289 1.5351
637635093 87.3331 0.400637 6892 1.52716
637569561 79.0045 0.514428 6268 1.35394
637635097 47.6625 0.631966 6246 1.3508
637569565 93.861 0.30233 6304 1.98454
637635101 98.2991 0.153304 7114 2.31065
637569677 92.6228 0.327492 6371 1.58772
637635213 87.5508 0.397675 6892 1.75885
637569681 86.5889 0.443159 5913 1.39023
637635217 90.7297 0.367284 6235 1.63767
637569685 84.0707 0.46164 6284 1.39214
637635221 83.9752 0.440566 6933 1.50688
637569689 76.4239 0.534659 6303 1.53546
637635225 88.6768 0.401302 6235 1.57908
637569693 92.4297 0.338243 6116 1.57261
637635229 94.4775 0.271812 7062 1.71561
637569805 92.5135 0.332147 6278 1.45664
637635341 95.1445 0.258378 6920 1.79584
637569809 94.647 0.29112 5978 1.64015
637635345 96.2822 0.238481 6294 1.66794
637569813 84.6429 0.459852 6147 1.4187
637635349 77.5516 0.506726 6780 1.53498
637569817 92.9923 0.323265 6236 1.6462
637635353 95.7849 0.255351 6192 1.67376
637569821 94.8663 0.271972 6584 1.7642
637635357 95.8063 0.240628 6939 1.847
637569933 95.2654 0.264176 6463 1.72702
637635469 97.421 0.188687 7057 1.98071
637569937 62.0537 0.620998 6106 1.24017
637635473 68.1135 0.598714 6059 1.32409
637569941 93.5463 0.309782 6291 1.57964
637635477 91.9839 0.325463 6961 1.74427
637569945 83.023 0.488438 5908 1.46937
637635481 90.2347 0.372544 6349 1.54754
637569949 90.4241 0.365408 6485 1.63331
637635485 96.0547 0.231081 7097 1.84318
637570061 92.7142 0.328887 6245 1.57983
637635597 96.2446 0.228047 6950 1.82981
637570065 90.3465 0.37491 6205 1.55342
637635601 93.3808 0.31628 6179 1.7657
637570069 88.6657 0.410185 5973 1.45828
637635605 87.4389 0.397534 6950 1.65281
637570073 89.0393 0.401371 6058 1.32794
637635609 95.8911 0.251969 6206 1.57691
637570077 88.5067 0.404372 6221 1.48521
637635613 96.9364 0.208644 6822 1.94367
637570189 81.8665 0.488735 6215 1.32657
637635725 94.4362 0.278834 6758 1.68482
637570193 81.4249 0.495995 6148 1.34495
637635729 91.5048 0.357744 6074 1.64147
637570197 88.0289 0.425738 5814 1.40757
637635733 83.192 0.468669 6366 1.43247
637570201 72.8252 0.56411 6219 1.33307
637635737 72.4968 0.56383 6272 1.36567
637570205 94.4458 0.363089 3979 1.65102
637635741 95.781 0.301143 4456 1.7602
637570317 90.4701 0.372548 6212 1.63135
637635853 96.1866 0.228033 7054 1.82045
637570321 92.5291 0.334342 6184 1.4989
637635857 93.2845 0.323097 6001 1.64703
637570325 85.439 0.452683 6071 1.38463
637635861 85.8449 0.420017 6888 1.56246
637570329 63.0075 0.611609 6231 1.24177
637635865 77.826 0.526774 6219 1.41885
637570333 90.8978 0.358795 6427 1.51651
637635869 88.9513 0.376261 6942 1.57292
637570445 90.6329 0.377513 5957 1.41576
637635981 89.8824 0.358977 7057 1.54547
637570449 90.6391 0.376266 5993 1.54347
637635985 92.1619 0.340625 6226 1.65514
637570453 90.0779 0.38477 6037 1.36736
637635989 92.8916 0.310455 6851 1.65381
637570457 94.8222 0.283632 6103 1.60048
637635993 95.5182 0.259464 6359 1.70119
637570461 85.5501 0.441116 6353 1.48245
637635997 90.0636 0.351674 7236 1.56837
637567021 95.2119 0.241588 7811 1.50574
637632557 94.8939 0.301593 5327 1.87647
637567025 65.0621 0.703654 4591 1.20533
637599793 77.6622 0.655453 4038 1.32268
637632561 78.7634 0.735862 3089 1.36808
637567029 94.0069 0.403871 3454 1.48108
637599797 84.0123 0.564034 4222 1.35704
637632565 92.8298 0.412118 3919 1.46423
637567033 0 0 0 0
637599801 82.6821 0.669031 3199 1.34393
637632569 79.8566 0.708227 3207 1.56671
637567037 96.5905 0.205072 7831 1.60064
637632573 95.1886 0.296889 5196 1.69
637567149 93.7738 0.282035 7340 1.37417
637632685 56.956 0.681669 5276 1.50492
637567153 74.4481 0.644827 4575 1.27333
637599921 86.41 0.54719 3922 1.41546
637632689 84.8609 0.637214 3164 1.63517
637567157 88.4815 0.542419 3464 1.31714
637599925 90.3273 0.42816 4766 1.48209
637632693 88.2759 0.504892 4060 1.45853
637567161 78.3841 0.598635 4728 1.30494
637599929 73.3643 0.690708 4096 1.36982
637632697 90.83 0.508832 3217 1.42737
637567165 88.527 0.368959 7461 1.36836
637632701 88.7595 0.429479 5409 1.57567
637567277 95.4874 0.235705 7756 1.64535
637632813 95.0575 0.297705 5301 1.82669
637567281 93.9945 0.413776 3297 1.33587
637600049 91.29 0.449348 3938 1.46796
637632817 92.4598 0.56616 2175 1.52778
637567285 78.9891 0.698353 3403 1.39575
637600053 89.7501 0.461354 4322 1.48899
637632821 75.9952 0.661415 4170 1.32638
637567289 89.1411 0.527328 3481 1.37457
637600057 91.5867 0.496484 3126 1.59074
637632825 86.7991 0.667978 2568 1.57623
637567293 93.75 0.274221 7792 1.41025
637632829 93.3074 0.340252 5394 1.67031
637567405 90.0013 0.347061 7471 1.43026
637632941 93.2545 0.34096 5411 1.60833
637567409 77.939 0.610122 4619 1.29906
637600177 87.0636 0.5319 3981 1.50176
637632945 90.6198 0.530798 3017 1.69338
637567413 85.3278 0.606721 3401 1.27512
637600181 80.8754 0.60656 4204 1.27164
637632949 76.2842 0.658986 4166 1.29049
637567417 76.2884 0.734065 3357 1.33365
637600185 80.1523 0.646261 3809 1.4272
637632953 83.7458 0.812692 2061 1.38104
637567421 92.9509 0.293274 7618 1.53878
637632957 94.4404 0.307355 5558 1.73819
637567533 1.30007 0.129809 7615 1.36066
637633069 94.4748 0.31374 5303 1.83851
637567537 87.7026 0.482795 4627 1.31005
637600305 89.9496 0.477195 3970 1.38106
637633073 89.0043 0.546736 3274 1.4543
637567541 82.8299 0.622087 3675 1.28596
637600309 85.9016 0.532563 4270 1.40708
637633077 59.7782 0.753131 4239 1.44154
637567545 90.475 0.471648 3874 1.33725
637600313 90.0911 0.582164 2634 1.45411
637633081 82.7331 0.839499 2027 1.42574
637567549 95.5155 0.234944 7760 1.52737
637633085 95.0338 0.293549 5477 1.803
637567661 86.5199 0.395717 7448 1.3555
637633197 94.0801 0.333183 5017 1.75091
637567665 70.8931 0.674546 4535 1.30306
637600433 75.251 0.683715 3984 1.5841
637633201 87.698 0.578924 3219 1.52006
637567669 81.7558 0.653091 3497 1.32886
637600437 84.1765 0.554693 4329 1.47905
637633205 84.1255 0.567613 4145 1.47394
637567673 86.0751 0.504403 4711 1.2899
637600441 90.2849 0.462135 4107 1.48028
637633209 77.9859 0.726022 3257 1.48303
637567677 84.9442 0.445078 6456 1.33323
637633213 80.7201 0.548866 5166 1.41403
637567789 92.3107 0.305707 7595 1.40373
637633325 58.235 0.675071 5337 1.36093
637567793 92.427 0.399575 4384 1.41208
637600561 94.7859 0.352831 3970 1.42196
637633329 95.0804 0.380428 3232 1.57998
637567797 85.5068 0.594025 3512 1.50162
637600565 73.7 0.669296 4327 1.28637
637633333 87.5926 0.509718 4183 1.37694
637567801 95.7685 0.332614 3663 1.428
637600569 92.8168 0.457312 3188 1.62455
637633337 95.0371 0.51871 1753 1.72376
637567805 91.4744 0.315253 7847 1.41001
637633341 92.7482 0.355935 5309 1.65952
637567917 84.1648 0.418847 7597 1.33787
637633453 80.8978 0.543315 5235 1.52314
637567921 88.6026 0.469562 4580 1.38913
637600689 90.9231 0.460017 3900 1.47886
637633457 91.95 0.487233 3118 1.56644
637567925 86.4945 0.5606 3717 1.32874
637600693 89.7436 0.465322 4251 1.6525
637633461 91.8686 0.423303 4169 1.4528
637567929 86.7882 0.508011 4443 1.33528
637600697 88.3035 0.52162 3796 1.44466
637633465 87.4539 0.580857 3252 1.39659
637567933 77.0094 0.483391 7577 1.26319
637633469 45.0325 0.69784 5083 1.30347
637568045 95.8177 0.231399 7484 1.51805
637633581 93.0665 0.348205 5322 1.67563
637568049 88.8865 0.464877 4571 1.27734
637600817 88.0533 0.514367 3976 1.49964
637633585 92.9825 0.444264 3306 1.56387
637568053 90.0927 0.508495 3452 1.3761
637600821 87.7267 0.503625 4245 1.52123
637633589 89.9322 0.468106 4132 1.4748
637568057 81.9338 0.569685 4561 1.33852
637600825 87.0028 0.535252 3947 1.38266
637633593 89.7104 0.533269 3246 1.39116
637568061 56.2071 0.61307 6549 1.19701
637633597 80.2271 0.594325 4491 1.51891
637568173 95.0133 0.251009 7520 1.46174
637633709 93.092 0.353746 5139 1.5251
637568177 96.5481 0.265668 4722 1.52335
637600945 91.9204 0.427067 4072 1.43912
637633713 96.0635 0.339702 3277 1.56102
637568181 84.3723 0.618303 3449 1.31481
637600949 85.9556 0.528502 4322 1.35075
637633717 79.4026 0.625138 4185 1.33593
637568185 85.2037 0.535704 4393 1.3149
637600953 87.8751 0.509839 4099 1.35975
637633721 88.9892 0.542935 3324 1.37452
637568189 84.2876 0.419936 7510 1.40652
637633725 90.4235 0.406439 5242 1.58278
637568301 85.9379 0.395392 7730 1.33715
637633837 91.04 0.390621 5346 1.68564
637568305 47.2501 0.744973 4491 1.14339
637601073 86.9388 0.538215 3920 1.4923
637633841 93.4319 0.448926 3045 1.47673
637568309 76.9296 0.710982 3511 1.24362
637601077 81.5744 0.608075 4065 1.36256
637633845 93.4907 0.388838 4025 1.52729
637568313 90.6459 0.427987 4629 1.32885
637601081 94.1062 0.367534 4106 1.41471
637633849 94.8081 0.39356 3178 1.49086
637568317 97.7087 0.170237 7725 1.74402
637633853 95.2248 0.291239 5361 1.96919
637568429 78.785 0.477683 7325 1.28876
637633965 93.2783 0.35104 5088 1.78048
637568433 87.5455 0.497799 4400 1.33872
637601201 91.156 0.448156 4014 1.60274
637633969 88.6867 0.551651 3297 1.52852
637568437 90.5692 0.488181 3584 1.39924
637601205 91.9972 0.416899 4236 1.51674
637633973 93.9855 0.369513 4140 1.55457
637568441 89.8997 0.449952 4485 1.31561
637601209 91.4408 0.443229 3984 1.4912
637633977 93.4565 0.430414 3301 1.71988
637568445 96.1832 0.219811 7598 1.60637
637633981 92.7255 0.361732 5155 1.56135
637569069 93.5881 0.435359 3166 1.44712
637601837 94.4263 0.3278 4898 1.44322
637634605 92.7268 0.413415 3946 1.60446
637569073 80.1238 0.490439 6621 1.29819
637634609 85.4931 0.469854 5618 1.4681
637569077 24.2126 0.577982 5493 1.12017
637634613 91.3416 0.364642 5948 1.5725
637569081 100 0 1 1.22034
637634617 88.3675 0.431572 5519 1.42657
637569085 61.8267 0.831207 3416 1.16477
637601853 41.4082 0.713036 4772 1.24577
637634621 80.3721 0.642962 3816 1.378
637569197 87.5041 0.599639 3041 1.36994
637601965 80.5795 0.588336 4521 1.64756
637634733 88.4635 0.515529 3840 1.4477
637569201 83.1213 0.46377 6523 1.2301
637634737 82.1809 0.514177 5539 1.37864
637569205 89.0117 0.411078 5788 1.3541
637634741 89.4475 0.382722 6444 1.46361
637569209 87.3325 0.403674 6789 1.41189
637634745 62.2812 0.644527 5655 1.40952
637569213 84.9878 0.623302 3284 1.44905
637601981 78.5636 0.606326 4581 1.43589
637634749 88.6152 0.503535 3979 1.43271
637569325 90.4899 0.524936 3123 1.43635
637602093 92.6658 0.374184 4854 1.70942
637634861 92.4818 0.425298 3844 1.67287
637569329 90.1869 0.406722 5350 1.3131
637634865 88.6251 0.466467 4633 1.44487
637569333 84.3373 0.491057 5478 1.30163
637634869 52.4259 0.63724 6142 1.28677
637569337 79.7359 0.57743 4846 1.33153
637634873 93.5439 0.373162 4337 1.60906
637569341 72.8675 0.788866 3177 1.45079
637602109 91.5458 0.400463 4826 1.67072
637634877 91.0313 0.459369 3869 1.70575
637569453 85.8692 0.651471 2859 1.39633
637602221 72.7946 0.647268 4727 1.30276
637634989 92.6486 0.421372 3836 1.48853
637569457 62.4583 0.596137 6598 1.13969
637634993 64.9103 0.648915 5409 1.28329
637569461 88.8138 0.431816 5328 1.45619
637634997 94.0519 0.301114 6170 1.46843
637569465 82.981 0.505123 5535 1.22762
637635001 82.949 0.573985 4293 1.29967
637569469 91.7413 0.501297 3015 1.45402
637602237 90.8464 0.416878 4785 1.42425
637635005 92.9914 0.406818 3938 1.5121
637569581 92.759 0.474517 2983 1.51604
637602349 94.257 0.336839 4771 1.71382
637635117 94.395 0.372259 3818 1.70675
637569585 89.9392 0.366432 6739 1.31393
637635121 91.3403 0.376974 5566 1.46031
637569589 42.1363 0.660487 5589 1.15
637635125 31.597 0.594077 6124 1.33811
637569593 87.531 0.439981 5638 1.26509
637635129 86.7052 0.563288 3633 1.41787
637569597 91.2706 0.497505 3219 1.39633
637602365 92.4752 0.383517 4731 1.61212
637635133 93.2285 0.400132 3943 1.68435
637569709 91.8556 0.48881 3131 1.37616
637602477 89.4852 0.453059 4584 1.56538
637635245 92.3371 0.439269 3667 1.48922
637569713 83.8148 0.459032 6438 1.28137
637635249 87.7817 0.434544 5680 1.38401
637569717 91.5935 0.371503 5579 1.43786
637635253 74.484 0.555769 6153 1.31367
637569721 83.4829 0.4542 6684 1.29783
637635257 86.6948 0.449971 5697 1.42932
637569725 81.1333 0.708083 3053 1.52461
637602493 81.5338 0.616298 3964 1.3514
637635261 81.275 0.637135 3749 1.34418
637569837 92.2008 0.476505 3167 1.36621
637602605 90.115 0.435627 4694 1.38338
637635373 87.4 0.5247 4000 1.40676
637569841 0 0 6268 0
637635377 96.6081 0.241234 5631 1.59691
637569845 85.7633 0.469674 5535 1.34783
637635381 74.065 0.558871 6150 1.43393
637569849 89.8007 0.421024 5167 1.4118
637635385 93.639 0.397326 3773 1.46232
637569853 91.0879 0.499473 3254 1.31289
637602621 94.2752 0.332185 4891 1.54266
637635389 92.3707 0.424759 3906 1.5242
637569965 92.8414 0.456803 3185 1.41091
637602733 93.8511 0.350405 4700 1.57507
637635501 93.2581 0.401463 3901 1.59314
637569969 87.7116 0.403625 6616 1.40148
637635505 90.4886 0.39986 5383 1.70487
637569973 90.0441 0.397453 5675 1.42137
637635509 94.5753 0.291736 6028 1.66868
637569977 91.9835 0.341793 6312 1.49642
637635513 92.421 0.354685 5568 1.55327
637569981 42.9331 0.875284 3198 1.39144
637602749 72.8544 0.652226 4649 1.23054
637635517 69.5154 0.751135 3756 1.18535
637570093 92.7172 0.469599 3062 1.31399
637602861 88.6901 0.462221 4695 1.32933
637635629 83.62 0.593005 3895 1.34692
637570097 88.0359 0.400151 6578 1.30684
637635633 87.7864 0.439808 5543 1.39177
637570101 90.2707 0.400775 5468 1.28796
637635637 88.2382 0.411467 6130 1.46893
637570105 68.0129 0.577997 6512 1.25948
637635641 84.192 0.484573 5668 1.46139
637570109 86.2005 0.663381 2703 1.28721
637602877 91.2372 0.446124 4017 1.39418
637635645 90.0157 0.531206 3185 1.41812
637570221 71.6053 0.803152 3152 1.29458
637602989 76.385 0.626005 4603 1.33866
637635757 80.6833 0.647533 3717 1.30801
637570225 69.2434 0.564849 6675 1.32011
637635761 79.3899 0.538717 5638 1.45716
637570229 82.3713 0.515848 5457 1.33918
637635765 77.6995 0.532837 6103 1.51817
637570233 91.839 0.346654 6237 1.42024
637635769 91.9836 0.362838 5601 1.55499
637570237 84.8398 0.63869 3153 1.29636
637603005 86.2779 0.506604 4613 1.29839
637635773 83.2011 0.608078 3780 1.39551
637570349 95.3222 0.381918 3057 1.38675
637603117 93.9941 0.344305 4762 1.5881
637635885 91.9844 0.437333 3855 1.52448
637570353 88.9994 0.390026 6436 1.35134
637635889 88.6647 0.429352 5452 1.49183
637570357 66.3454 0.649557 5292 1.18882
637635893 67.4214 0.609225 5918 1.35162
637570361 91.7234 0.338921 6609 1.35989
637635897 65.4807 0.637316 5565 1.49004
637570365 96.0405 0.341642 3258 1.41093
637603133 93.0228 0.368218 4787 1.46008
637635901 91.8768 0.435951 3927 1.59466
637570477 90.1468 0.538329 3065 1.36946
637603245 91.1097 0.420633 4578 1.49405
637636013 90.9458 0.471053 3711 1.51113
637570481 40.4141 0.607735 6520 1.29131
637636017 61.3917 0.647009 5662 1.3027
637570485 79.6786 0.537717 5600 1.30438
637636021 79.8574 0.510549 6171 1.32728
637570489 92.4844 0.329554 6400 1.39936
637636025 90.1509 0.392382 5767 1.51488
637570493 87.7924 0.56697 3334 1.36074
637603261 87.5651 0.486105 4608 1.28697
637636029 56.5125 0.808249 3762 1.2757
637567053 95.6454 0.402411 2572 1.58092
637632589 97.6711 0.285483 2791 1.69494
637567057 97.3171 0.564276 820 2.20287
637632593 97.5512 0.309676 2491 1.86932
637567061 96.1266 0.393796 2401 1.39818
637632597 95.6489 0.398558 2620 1.47811
637567065 79.9838 0.806232 2463 1.2336
637632601 89.1376 0.633584 2412 1.37098
637567069 94.3918 0.457243 2532 1.39039
637632605 96.2428 0.361439 2768 1.49802
637567181 93.3468 1.11899 496 1.36808
637632717 84.0477 0.70691 2683 1.33216
637567185 82.834 0.707961 2837 1.20709
637632721 83.0173 0.770795 2373 1.30124
637567189 92.8137 0.503595 2630 1.31059
637632725 53.9804 0.950264 2751 1.3431
637567193 80.7692 0.727102 2938 1.19588
637632729 77.0337 0.852561 2434 1.30667
637567197 84.6777 0.70764 2591 1.25853
637632733 75.6088 0.837703 2628 1.20257
637567309 96.8335 0.346222 2558 1.43379
637632845 95.9826 0.373574 2763 1.46924
637567313 94.3948 0.512298 2016 1.29074
637632849 94.4165 0.514955 1988 1.42207
637567317 89.9873 0.616974 2367 1.29992
637632853 37.1192 0.936913 2659 1.19035
637567321 88.7632 0.593668 2830 1.24363
637632857 81.3545 0.786694 2451 1.29797
637567325 88.5671 0.617099 2659 1.25676
637632861 88.0403 0.615872 2776 1.29208
637567437 96.4332 0.386795 2299 1.45423
637632973 92.0792 0.517157 2727 1.48309
637567441 87.0696 0.628959 2846 1.21228
637632977 92.0473 0.546389 2452 1.37662
637567445 93.3898 0.511446 2360 1.25471
637632981 82.0068 0.746061 2651 1.28039
637567449 84.7266 0.764693 2213 1.16721
637632985 81.9917 0.872859 1938 1.27169
637567453 66.127 0.976922 2347 1.16054
637632989 93.7083 0.455232 2845 1.44178
637567565 94.1153 0.46927 2515 1.38193
637633101 93.7591 0.462119 2740 1.50277
637567569 82.2938 0.699025 2982 1.20438
637633105 84.6563 0.729028 2444 1.31323
637567573 85.1217 0.710755 2507 1.23361
637633109 86.8194 0.655527 2663 1.28219
637567577 80.3548 0.726849 2988 1.18333
637633113 88.4861 0.659138 2345 1.32802
637567581 84.9405 0.701013 2603 1.34971
637633117 91.5242 0.531216 2749 1.43148
637567693 87.9589 0.646628 2533 1.30015
637633229 94.7966 0.425145 2729 1.37303
637567697 74.109 0.818795 2862 1.17391
637633233 93.2732 0.507302 2438 1.29123
637567701 91.0144 0.571494 2504 1.25495
637633237 89.5888 0.59316 2651 1.35646
637567705 78.4314 0.756236 2958 1.2308
637633241 78.695 0.811813 2544 1.37791
637567709 84.276 0.706881 2652 1.20268
637633245 88.673 0.689941 2110 1.29717
637567821 81.8935 0.764809 2535 1.23899
637633357 91.0701 0.553555 2654 1.34737
637567825 94.3336 0.43646 2806 1.41562
637633361 95.0561 0.441863 2407 1.39984
637567829 83.4141 0.863144 1857 1.21665
637633365 83.3333 15.2145 6 1
637567833 92.095 0.508004 2821 1.35511
637633369 92.4575 0.537588 2413 1.36472
637567837 85.2749 0.694816 2601 1.23595
637633373 78.3358 0.788732 2728 1.38078
637567949 93.902 0.47773 2509 1.51628
637633485 90.1071 0.573638 2709 1.49604
637567953 79.1939 0.753386 2903 1.21757
637633489 88.0795 0.65923 2416 1.31138
637567957 92.4551 0.533373 2452 1.34049
637633493 93.1844 0.494523 2597 1.33444
637567961 92.4138 0.504452 2755 1.41974
637633497 71.5565 0.931633 2345 1.43409
637567965 89.2857 0.61613 2520 1.30648
637633501 75.2284 0.825146 2737 1.37688
637568077 95.4984 0.415678 2488 1.48415
637633613 95.3471 0.404753 2708 1.55269
637568081 82.5544 0.716806 2803 1.21373
637633617 83.361 0.758642 2410 1.26225
637568085 85.2445 0.728203 2372 1.46198
637633621 87.8241 0.63392 2661 1.41632
637568089 88.3206 0.611677 2757 1.26239
637633625 60.0509 1.00865 2358 1.36138
637568093 94.6407 0.453797 2463 1.48846
637633629 94.654 0.430452 2731 1.57485
637568205 91.8408 0.543479 2537 1.31199
637633741 93.3505 0.47754 2722 1.49875
637568209 88.2828 0.630396 2603 1.2608
637633745 0 0 0 0
637568213 52.5348 1.00968 2446 1.15545
637633749 39.2359 0.935882 2722 1.3271
637568217 84.0843 0.697342 2752 1.4442
637633753 88.8934 0.633774 2458 1.39415
637568221 89.1159 0.617348 2545 1.33121
637633757 95.1417 0.412461 2717 1.38978
637568333 91.7197 0.549849 2512 1.34584
637633869 90.5959 0.541737 2903 1.43849
637568337 92.1497 0.515143 2726 1.30348
637633873 89.5141 0.632536 2346 1.4344
637568341 74.2085 0.89884 2369 1.16608
637633877 35.064 0.925541 2658 1.27024
637568345 65.3819 0.89054 2854 1.1481
637633881 77.8866 0.838277 2451 1.30665
637568349 97.7734 0.328209 2021 1.5614
637633885 95.7753 0.440736 2083 1.59253
637568461 98.111 0.267292 2594 1.91797
637633997 98.6507 0.223365 2668 2.00711
637568465 92.0495 0.508529 2830 1.26561
637634001 94.8466 0.447113 2445 1.41634
637568469 82.9435 0.755283 2480 1.26742
637634005 89.5566 0.58542 2729 1.53085
637568473 82.6559 0.708738 2854 1.20815
637634009 90.083 0.60884 2410 1.47717
637568477 0 0 2621 0
637634013 0 0 2746 0
637571149 92.6669 0.52762 2441 1.44891
637636685 97.0918 0.342503 2407 1.54205
637571153 93.4297 0.898138 761 1.36229
637636689 90.7017 0.602539 2323 1.48863
637571157 94.1478 0.485136 2341 1.52167
637636693 97.4703 0.307421 2609 1.60608
637571161 87.4348 0.664111 2491 1.25574
637636697 89.7903 0.646401 2194 1.51464
637571165 77.805 0.839382 2451 1.30603
637636701 88.6092 0.656202 2344 1.45964
637571277 91.0331 1.26142 513 1.37134
637636813 95.2164 0.455529 2195 1.29824
637571281 94.8309 0.431642 2631 1.34092
637636817 93.3363 0.522182 2281 1.38033
637571285 84.0164 0.70734 2684 1.29768
637636821 89.4719 0.561096 2992 1.35684
637571289 69.3603 0.891658 2673 1.22145
637636825 34.2248 0.969907 2393 1.35289
637571293 81.6433 0.775037 2495 1.19524
637636829 87.8762 0.672033 2359 1.26011
637571405 96.5986 0.362601 2499 1.40491
637636941 96.701 0.362701 2425 1.57258
637571409 92.2146 0.614538 1901 1.32961
637636945 92.8342 0.596437 1870 1.41708
637571413 96.0435 0.406468 2300 1.48307
637636949 96.1173 0.384525 2524 1.59125
637571417 90.4851 0.569024 2659 1.28662
637636953 83.8724 0.774156 2257 1.33245
637571421 61.992 0.968876 2510 1.15826
637636957 68.4 0.980122 2250 1.23414
637571533 94.7306 0.444715 2524 1.33228
637637069 94.4179 0.45842 2508 1.47485
637571537 80.8699 0.739627 2828 1.32442
637637073 82.1906 0.794484 2319 1.29739
637571541 48.4249 1.00434 2476 1.16178
637637077 53.3526 0.947193 2774 1.36117
637571545 80.7306 0.842813 2190 1.14203
637637081 82.9578 0.903738 1731 1.24152
637571549 93.2164 0.496516 2565 1.30232
637637085 93.8136 0.486015 2457 1.34583
637571661 92.8509 0.537925 2294 1.40109
637637197 93.8801 0.489072 2402 1.5097
637571665 87.7453 0.630959 2701 1.41131
637637201 81.3216 0.818013 2270 1.50808
637571669 78.5094 1.10492 1382 1.26976
637637205 78.8972 1.06461 1469 1.2298
637571673 86.4834 0.663416 2656 1.28505
637637209 94.8058 0.463624 2291 1.41429
637571677 88.9293 0.630699 2475 1.36957
637637213 90.8016 0.604854 2283 1.43007
637571789 89.6636 0.612927 2467 1.26365
637637325 94.8327 0.455578 2361 1.42113
637571793 92.3165 0.520715 2616 1.2681
637637329 86.6697 0.722542 2213 1.35914
637571797 92.2267 0.538744 2470 1.31655
637637333 87.2388 0.644515 2680 1.30504
637571801 79.4965 0.77114 2741 1.19029
637637337 85.2138 0.757128 2198 1.31407
637571805 92.1699 0.548253 2401 1.31995
637637341 93.2269 0.521924 2318 1.39077
637571917 61.2778 0.961432 2567 1.26518
637637453 73.1441 0.926172 2290 1.30867
637571921 90.6073 0.566594 2651 1.27159
637637457 94.3021 0.487169 2264 1.4374
637571925 84.1053 0.838806 1900 1.30617
637637461 50 20.4124 6 1.75
637571929 90.8918 0.561691 2624 1.34918
637637465 83.7316 0.791202 2176 1.31488
637571933 79.137 0.831672 2387 1.25784
637637469 85.4002 0.719124 2411 1.44477
637572045 96.2171 0.386862 2432 1.32686
637637581 94.6644 0.466195 2324 1.47191
637572049 57.0711 0.937762 2786 1.14925
637637585 88.9425 0.656917 2279 1.30315
637572053 93.2571 0.506931 2447 1.34225
637637589 91.6605 0.529927 2722 1.49262
637572057 89.0034 0.611314 2619 1.25377
637637593 86.8112 0.71912 2214 1.38022
637572061 88.8756 0.627864 2508 1.40354
637637597 93.8751 0.479765 2498 1.34892
637572173 45.1331 1.01493 2404 1.15028
637637709 65.2251 1.0056 2243 1.27961
637572177 87.991 0.628742 2673 1.28285
637637713 87.7814 0.701913 2177 1.35551
637572181 86.7101 0.685403 2453 1.37013
637637717 76.1143 0.832219 2625 1.44463
637572185 75.3883 0.859606 2511 1.2698
637637721 85.2319 0.752817 2221 1.3671
637572189 93.8891 0.481863 2471 1.35542
637637725 96.333 0.390377 2318 1.43117
637572301 94.2643 0.474043 2406 1.3248
637637837 93.1389 0.512393 2434 1.37256
637572305 89.5459 0.665448 2114 1.30073
637637841 0 0 0 0
637572309 84.2932 0.760034 2292 1.22861
637637845 85.9473 0.710732 2391 1.47322
637572313 84.9485 0.726127 2425 1.28527
637637849 87.44 0.692066 2293 1.41286
637572317 93.1846 0.507586 2465 1.41379
637637853 96.6709 0.370615 2343 1.46002
637572429 90.1366 0.616126 2342 1.32819
637637965 89.7196 0.640688 2247 1.41336
637572433 0 0 2656 0
637637969 0 0 2293 0
637572437 79.8272 0.834032 2315 1.19334
637637973 73.5991 0.875674 2534 1.29305
637572441 89.0015 0.606175 2664 1.3736
637637977 87.735 0.694031 2234 1.54086
637572445 86.4341 0.710617 2322 1.24191
637637981 91.6329 0.587277 2223 1.39752
637572557 95.8472 0.406568 2408 1.47133
637638093 94.4828 0.474016 2320 1.55445
637572561 94.5455 0.478218 2255 1.31498
637638097 94.2 0.522666 2000 1.5239
637572565 88.6495 0.645619 2414 1.33265
637638101 93.7729 0.462488 2730 1.42667
637572569 81.1462 0.77763 2530 1.22871
637638105 79.6861 0.851992 2230 1.28854
637572573 95.3621 0.424188 2458 1.38723
637638109 95.6621 0.435299 2190 1.51502
637567085 86 4.90714 50 1.27083
637632621 89.6552 5.65523 29 1.375
637567089 83.9323 1.68854 473 1.13004
637632625 65.2142 1.28353 1377 1.18744
637567093 93.6255 0.689602 1255 1.30137
637632629 84.8092 0.991692 1310 1.36343
637567097 75.6164 1.58926 730 1.25352
637632633 21.8141 1.13072 1334 1.37557
637567101 70.1149 4.90764 87 1.2
637632637 50 8.11107 38 1.53571
637567213 61.5385 7.7903 39 1.42308
637632749 92 5.42586 25 1.13793
637567217 33.0661 2.10603 499 1.06512
637632753 29.4299 1.26493 1298 1.24744
637567221 87.395 0.962148 1190 1.25926
637632757 83.2937 1.04965 1263 1.33613
637567225 42.6347 1.71145 835 1.13288
637632761 49.9649 1.32453 1425 1.27086
637567229 70.9677 4.07624 124 1.24762
637632765 52.1739 10.4159 23 1.45833
637567341 84.4106 2.23684 263 1.35612
637632877 64.5306 1.84692 671 1.41815
637567345 85.8369 1.3188 699 1.14835
637632881 85.4518 0.97565 1306 1.19025
637567349 83.5938 1.0911 1152 1.20347
637632885 77.4964 1.12334 1382 1.32389
637567353 80.6373 1.38327 816 1.1869
637632889 76.3055 1.08636 1532 1.27487
637567357 43.0493 2.34458 446 1.21509
637632893 35.1736 1.42493 1123 1.20117
637567469 94.3396 1.83262 159 1.31383
637633005 94.9422 0.833024 692 1.48707
637567473 90.4255 3.03486 94 1.46226
637633009 92.5424 0.883078 885 1.35936
637567477 90.5195 1.0557 770 1.21592
637633013 93.4591 0.876891 795 1.38084
637567481 91.5212 1.39109 401 1.2181
637633017 88.0259 1.06632 927 1.22956
637567485 87.9518 2.52656 166 1.25424
637633021 92.3529 1.0191 680 1.25985
637567597 88.5057 1.03103 957 1.22694
637633133 89.5374 0.816553 1405 1.35106
637567601 88.4703 0.763028 1752 1.19462
637633137 88.5485 0.713652 1991 1.36938
637567605 74.5389 0.98603 1952 1.13038
637633141 75.6614 0.941148 2079 1.25907
637567609 79.7367 0.961696 1747 1.22923
637633145 84.0353 0.810558 2042 1.30031
637567613 80 1.3012 945 1.17371
637633149 86.631 0.879873 1496 1.43508
637567725 80.5479 1.46504 730 1.1814
637633261 73.5714 2.63519 280 1.44615
637567729 68.8122 1.12061 1709 1.1652
637633265 78.3868 0.935951 1934 1.34212
637567733 84.101 0.813799 2019 1.20373
637633269 83.3256 0.803327 2153 1.32582
637567737 73.9833 1.03553 1795 1.33859
637633273 79.8279 0.877348 2092 1.27353
637567741 78.6104 1.51354 734 1.2643
637633277 83.8284 2.1152 303 1.6763
637567853 90.5405 3.40204 74 1.29167
637633389 95 4.8734 20 1.43478
637567857 0 0 1632 0
637633393 0 0 1920 0
637567861 95.5902 0.534769 1474 1.32724
637633397 75 21.6506 4 1.2
637567865 87.972 0.860202 1430 1.28826
637633401 87.7951 0.733613 1991 1.55469
637567869 75.3623 5.18743 69 1.10909
637633405 92.8571 6.88303 14 1.375
637567981 86.8778 1.3113 663 1.26389
637633517 85.0806 2.26237 248 1.41281
637567985 84.0173 0.851509 1852 1.24161
637633521 83.5821 0.812825 2077 1.36534
637567989 75.4207 0.97228 1961 1.16618
637633525 70.6983 0.972366 2191 1.35783
637567993 78.9629 0.989381 1697 1.21805
637633529 81.6607 0.873449 1963 1.35211
637567997 85.9375 1.3102 704 1.30191
637633533 91.6667 1.70103 264 1.56966
637568109 86.8004 1.09993 947 1.23566
637633645 85.2063 0.894609 1575 1.35499
637568113 73.3929 1.32043 1120 1.14227
637633649 62.3123 1.32781 1332 1.30636
637568117 75.9157 0.957809 1993 1.18092
637633653 81.5765 0.829929 2182 1.36438
637568121 82.5 1.1562 1080 1.4412
637633657 86.5693 0.921235 1370 1.37962
637568125 88.2821 1.08484 879 1.30628
637633661 84.254 0.917784 1575 1.39701
637568237 77.3756 1.40723 884 1.25325
637633773 88.3929 0.756662 1792 1.38261
637568241 71.8711 1.11918 1614 1.25453
637633777 79.8762 1.28796 969 1.35306
637568245 83.2749 0.835126 1997 1.18823
637633781 84.3301 0.782708 2157 1.31704
637568249 75.6114 1.104 1513 1.20092
637633785 49.8408 1.06624 2199 1.23025
637568253 82.876 1.24813 911 1.29813
637633789 88.7052 0.742976 1815 1.46427
637568365 89.3855 1.02961 895 1.22875
637633901 86.1059 0.863364 1605 1.33523
637568369 78.0403 0.993854 1735 1.32554
637633905 78.42 0.90287 2076 1.31763
637568373 72.0753 1.0118 1966 1.17199
637633909 74.4609 0.954565 2087 1.26381
637568377 81.5275 0.944278 1689 1.2459
637633913 86.4078 0.755072 2060 1.34564
637568381 87.4576 1.36352 590 1.34531
637633917 73.8139 1.328 1096 1.40201
637568493 85.6436 1.74454 404 1.14929
637634029 93.1848 0.912325 763 1.24883
637568497 94.6667 0.820479 750 1.24519
637634033 89.3248 0.932757 1096 1.25859
637568501 55.9378 1.65395 901 1.1043
637634037 52.6839 1.57414 1006 1.2716
637568505 89.384 1.11519 763 1.23714
637634041 88.1462 0.965016 1122 1.29587
637568509 88.0668 1.58372 419 1.18981
637634045 86.166 1.2532 759 1.2548
637571181 71.6049 5.01015 81 1.11864
637636717 89.4737 7.04059 19 1.22222
637571185 88.3041 1.73778 342 1.23724
637636721 87.3448 0.808503 1691 1.28792
637571189 88.7286 0.730916 1872 1.24123
637636725 83.1647 0.80251 2174 1.28715
637571193 58.3564 1.29549 1448 1.15353
637636729 48.673 1.15153 1884 1.24696
637571197 73.7374 4.42278 99 1.32
637636733 92.3077 7.39053 13 1.1875
637571309 0 0 0 0
637636845 88 3.75233 75 1.14706
637571313 0.0557414 0.0557258 1794 1
637636849 0 0 2008 0
637571317 81.9459 0.877354 1922 1.18865
637636853 83.6765 0.828271 1991 1.31003
637571321 74.7403 1.01598 1829 1.23766
637636857 78.5921 0.900683 2074 1.26866
637571325 65.6085 1.72761 756 1.1637
637636861 61.165 2.77258 309 1.39062
637571437 87.5281 1.1075 890 1.32829
637636973 89.954 0.770293 1523 1.45184
637571441 89.1278 1.07597 837 1.22962
637636977 86.1721 0.840933 1685 1.31598
637571445 84.0354 0.835259 1923 1.17327
637636981 79.8315 0.89323 2018 1.30444
637571449 85.6841 0.930083 1418 1.2214
637636985 86.2903 0.797514 1860 1.21854
637571453 83.9623 1.18806 954 1.31842
637636989 87.923 0.839409 1507 1.49607
637571565 94.5425 0.91005 623 1.30904
637637101 93.5714 0.783458 980 1.33622
637571569 92.5738 0.83628 983 1.27468
637637105 94.7011 0.583871 1472 1.29943
637571573 85.598 1.00154 1229 1.22606
637637109 91.453 0.746144 1404 1.23793
637571577 0 0 811 0
637637113 0 0 1227 0
637571581 91.2442 1.10779 651 1.2822
637637117 92.0408 0.864592 980 1.35996
637571693 95.7537 0.92912 471 1.30814
637637229 92.3404 0.86743 940 1.48171
637571697 90.1316 0.987563 912 1.26265
637637233 84.4685 0.913831 1571 1.33526
637571701 75.6996 1.64596 679 1.18505
637637237 69.251 1.67277 761 1.19237
637571705 80.7151 1.29863 923 1.22717
637637241 85.9097 0.909929 1462 1.35665
637571709 85.8283 1.55814 501 1.23913
637637245 88.8776 1.00435 980 1.33796
637571821 80.2721 3.28219 147 1.33333
637637357 68.75 8.19382 32 1.47059
637571825 75.4923 1.42275 914 1.19259
637637361 68.8609 1.25936 1352 1.37224
637571829 82.4289 1.11692 1161 1.21468
637637365 76.0618 1.32571 1036 1.24367
637571833 68.4771 1.51619 939 1.27332
637637369 71.2241 1.21124 1397 1.21713
637571837 0 0 138 0
637637373 0 0 32 0
637571949 89.6907 3.08746 97 1.2809
637637485 100 0 23 1.74074
637571953 95.3947 0.694052 912 1.4335
637637489 95.6489 0.563645 1310 1.45641
637571957 98.0352 0.446315 967 1.65756
637637493 97.2028 0.975031 286 1.86411
637571961 93.2222 0.83788 900 1.33778
637637497 91.696 0.732019 1421 1.54028
637571965 80.2326 4.29439 86 1.23377
637637501 68.9655 8.59091 29 1.46154
637572077 90.6667 1.26959 525 1.3088
637637613 92.2078 1.01823 693 1.42876
637572081 84.7059 1.23455 850 1.37425
637637617 79.7502 1.20025 1121 1.42211
637572085 83.6181 1.17333 995 1.18782
637637621 80.2113 1.23481 1041 1.3579
637572089 81.764 1.33311 839 1.25282
637637625 79.4971 1.25552 1034 1.24816
637572093 0 0 536 0
637637629 0 0 659 0
637572333 74.7401 1.40089 962 1.18389
637637869 86.8561 0.822143 1689 1.32162
637572337 71.161 1.23985 1335 1.20312
637637873 65.7289 2.40024 391 1.59524
637572341 83.2806 0.856965 1896 1.23161
637637877 74.0836 0.995597 1937 1.36764
637572345 88.8046 0.971221 1054 1.21295
637637881 89.0921 0.796714 1531 1.411
637572349 81.2375 1.23336 1002 1.30128
637637885 82.5581 0.938751 1634 1.39223
637572589 90.1449 1.13469 690 1.23621
637638125 93.3014 1.72927 209 1.81111
637572593 84.7368 1.1668 950 1.25135
637638129 87.524 1.02369 1042 1.38602
637572597 84.505 0.805122 2020 1.25105
637638133 83.2662 0.789574 2235 1.52289
637572601 75.014 1.02356 1789 1.1723
637638137 79.1899 0.913458 1975 1.4382
637572605 89.3119 1.18221 683 1.26857
637638141 78.3394 2.47506 277 1.4529
637575661 94.2544 0.860713 731 1.21537
637641197 92.2111 0.775584 1194 1.40827
637575665 94.7917 0.585535 1440 1.2572
637641201 92.6829 0.651245 1599 1.27094
637575669 90.9561 0.728969 1548 1.22875
637641205 82.6579 0.924266 1678 1.40323
637575673 91.2596 1.01254 778 1.21618
637641209 56.1702 1.4475 1175 1.19451
637575677 89.8021 1.18063 657 1.34474
637641213 92.7388 0.729034 1267 1.2886
637579757 90.9091 2.61345 121 1.39326
637645293 72.6908 1.99655 498 1.34382
637579761 94.5578 1.323 294 1.28011
637645297 90.1392 1.01545 862 1.24702
637579765 91.187 1.20224 556 1.24406
637645301 88.5615 1.32501 577 1.42243
637579769 0 0 126 0
637645305 0 0 531 0
637579773 87.1795 3.09077 117 1.30189
637645309 92.844 1.10411 545 1.43257
