637566980 1.73821 0.212092 3797 1.33466
637599748 1.10606 0.128737 6600 1.45188
637632516 0.970081 0.0990442 9793 2.1
637566982 6.20581 0.390402 3819 1.32877
637599750 2.0766 0.17686 6501 1.52542
637632518 1.84704 0.132062 10395 1.59565
637566984 0.775194 0.772183 129 3
637599752 1.79978 0.445876 889 1.96
637632520 1.1215 0.321927 1070 1.64706
637566986 1.52672 1.07128 131 1.13333
637599754 1.34831 0.386592 890 2.15385
637632522 2.40437 0.506414 915 1.57143
637567108 5.22045 0.365836 3697 1.42802
637599876 3.48147 0.232187 6233 1.58333
637632644 2.74296 0.165548 9734 1.68475
637567110 3.8581 0.309911 3862 1.44495
637599878 2.11353 0.176728 6624 1.42739
637632646 2.53345 0.148416 11210 1.33515
637567112 0.740741 0.737992 135 7
637599880 1.84544 0.457084 867 1.90323
637632648 1.95865 0.457115 919 1.78571
637567114 1.48148 1.03978 135 1.125
637599882 1.39935 0.385386 929 1.64286
637632650 2.25873 0.476093 974 1.43243
637567236 2.07367 0.235387 3665 1.43578
637600004 3.45146 0.226596 6490 1.44625
637632772 2.71266 0.164362 9769 1.63115
637567238 1.61774 0.218358 3338 1.79518
637600006 1.93824 0.176692 6088 1.61314
637632774 1.15802 0.108305 9758 2.45752
637567240 2.72109 1.34191 147 1
637600008 0.340522 0.196266 881 2.6
637632776 0.898204 0.298054 1002 2.54545
637567242 0.757576 0.754701 132 1.6
637600010 2.46517 0.507647 933 2.16667
637632778 1.97505 0.448611 962 1.18519
637567364 2.72658 0.258764 3961 1.40323
637600132 2.05914 0.176702 6459 1.85981
637632900 2.32418 0.150806 9982 1.56657
637567366 3.64071 0.305332 3763 1.25493
637600134 1.73685 0.167226 6103 1.19559
637632902 2.3909 0.150605 10289 1.41935
637567368 1.63934 1.14965 122 2.25
637600136 1.38191 0.413772 796 1.5
637632904 0.902935 0.317791 886 1.9
637567370 1.36054 0.955483 147 1.66667
637600138 0.724638 0.294758 828 1.71429
637632906 0.640341 0.26058 937 2
637567492 1.44769 0.197411 3661 1.65079
637600260 1.52553 0.152922 6424 1.84496
637633028 2.36035 0.15689 9363 1.45745
637567494 0.868385 0.152842 3685 2.91304
637600262 5.6691 0.282455 6703 1.25855
637633030 5.28253 0.214586 10866 1.50272
637567496 5.12821 2.03919 117 1.42857
637600264 1.74497 0.479726 745 2.83333
637633032 1.25786 0.395261 795 2.54545
637567498 0 0 118 0
637600266 0 0 876 0
637633034 0 0 916 0
637567620 0.826226 0.14778 3752 2.23171
637600388 0.929134 0.1204 6350 1.59559
637633156 1.05612 0.104018 9658 1.86755
637567622 1.6517 0.216958 3451 2.12195
637600390 1.23311 0.143432 5920 1.28042
637633158 0.987177 0.0997367 9826 2.07801
637567624 0.662252 0.660055 151 3
637600392 1.24294 0.372424 885 1.76923
637633160 1.1213 0.336185 981 2.1875
637567626 1.83486 1.28549 109 1
637600394 0.914286 0.321768 875 1.84615
637633162 0.42328 0.211192 945 1.11111
637571076 0.858861 0.156131 3493 1.56757
637603844 1.37753 0.171001 4646 1.50787
637636612 1.3641 0.139733 6891 1.52681
637571078 3.5098 0.314726 3419 1.45
637603846 1.85308 0.200305 4533 1.57576
637636614 1.68436 0.14217 8193 1.73206
637571080 1.73913 1.21901 115 2
637603848 1.55865 0.354782 1219 3.05882
637636616 1.45423 0.35013 1169 2.14286
637571082 0.925926 0.921629 108 1.33333
637603850 1.00167 0.287705 1198 2.2
637636618 1 0.3 1100 2
637571204 5.2093 0.391298 3225 1.57591
637603972 10.8135 0.493623 3958 1.66874
637636740 9.74496 0.372109 6352 1.59545
637571206 2.97 0.292557 3367 1.62319
637603974 2.25332 0.228566 4216 1.3141
637636742 3.14621 0.193899 8105 1.3805
637571208 6.36364 2.32744 110 1
637603976 3.70955 0.530963 1267 1.23333
637636744 3.59965 0.55196 1139 1.3
637571210 6.25 2.13954 128 1.35
637603978 2.03087 0.402028 1231 1.36667
637636746 3.09544 0.50786 1163 1.26984
637571332 1.54172 0.214213 3308 1.89744
637604100 1.86305 0.210328 4133 1.48045
637636868 1.46096 0.148016 6571 1.51724
637571334 2.73438 0.272411 3584 1.24895
637604102 15.9206 0.543295 4535 1.31833
637636870 24.3641 0.458473 8767 1.37852
637571336 3.09278 1.75779 97 2.2
637604104 2.85235 0.482147 1192 1.66071
637636872 2.34375 0.472776 1024 2.1
637571338 0.793651 0.790495 126 1
637604106 0.880705 0.264371 1249 2.5
637636874 1.02477 0.294305 1171 1.88235
637571460 1.74455 0.231083 3210 1.75676
637604228 1.68837 0.200089 4146 1.77358
637636996 4.80349 0.257995 6870 1.5
637571462 1.62838 0.215823 3439 1.82667
637604230 1.35198 0.17632 4290 1.61905
637636998 1.07324 0.111901 8479 1.75
637571464 0 0 85 3
637604232 1.55039 0.362586 1161 2.45
637637000 1.08794 0.312349 1103 1.85714
637571466 1.69492 1.18829 118 1.42105
637604234 1.03503 0.285577 1256 2.14286
637637002 1.52672 0.357093 1179 2.73684
637571588 0.802053 0.159766 3117 1.36036
637604356 0.920398 0.150615 4020 1.24946
637637124 0.597835 0.0979892 6189 1.59076
637571590 1.14467 0.189684 3145 1.93939
637604358 1.64918 0.201319 4002 1.38
637637126 1.79354 0.155291 7304 1.34783
637571592 2.04082 1.42827 98 4.33333
637604360 0.991885 0.297578 1109 2.18182
637637128 1.53568 0.369587 1107 2.61905
637571594 0 0 97 0
637604362 1.12945 0.31148 1151 1.92308
637637130 0.906618 0.285395 1103 2.63636
637571716 1.3986 0.204765 3289 1.76829
637604484 1.6731 0.205779 3885 2.03968
637637252 1.65968 0.162171 6206 1.60131
637571718 1.21571 0.193483 3208 1.60606
637604486 2.09372 0.226039 4012 1.63768
637637254 2.18001 0.164882 7844 1.42609
637571720 0 0 94 0
637604488 0.343938 0.171673 1163 1.71429
637637256 1.28558 0.341371 1089 2.5
637571722 1.90476 1.33398 105 1.22222
637604490 0.740741 0.245997 1215 2.55556
637637258 0.775194 0.257394 1161 2
637575172 1.75055 0.216895 3656 1.68493
637607940 1.18868 0.14023 5973 1.36627
637640708 0.954052 0.101796 9119 1.44169
637575174 5.07844 0.358011 3761 1.70044
637607942 2.68652 0.200335 6514 1.43651
637640710 4.44106 0.201108 10493 1.42857
637575176 3.50877 1.72333 114 1
637607944 0.782473 0.348561 639 1.63636
637640712 1.90896 0.524372 681 2.5
637575178 5.40541 2.14628 111 1.11111
637607946 0.847458 0.344504 708 1
637640714 1.69492 0.485116 708 2.35294
637575300 5.8839 0.381393 3807 1.40702
637608068 2.85227 0.207252 6451 1.41456
637640836 3.66343 0.193027 9472 1.4584
637575302 1.80228 0.21658 3773 1.40584
637608070 1.54007 0.150575 6688 1.58084
637640838 1.27302 0.106523 11076 1.70244
637575304 18.2692 3.7891 104 1.04348
637608072 5.70342 0.825614 789 1.18462
637640840 3.07692 0.594078 845 1.40909
637575306 2.32558 1.32697 129 1.5
637608074 3.70828 0.664365 809 1.31429
637640842 3.29025 0.611483 851 1.33333
637575428 5.48512 0.366242 3865 1.37247
637608196 5.8145 0.294158 6329 1.28
637640964 5.99333 0.242334 9594 1.41281
637575430 3.0615 0.283559 3691 1.5066
637608198 3.48682 0.236946 5994 1.48545
637640966 1.88465 0.132334 10559 1.97077
637575432 1.07527 1.06947 93 1
637608200 0.848896 0.378023 589 2.75
637640968 2.67112 0.658801 599 2.82353
637575434 4.28571 2.42076 70 1.38462
637608202 1.56522 0.51764 575 1.5
637640970 1.48248 0.443659 742 2.5
637575556 1.07009 0.168289 3738 1.33054
637608324 1.02996 0.126125 6408 1.29779
637641092 0.899631 0.0983022 9226 1.40134
637575558 0.804094 0.170743 2736 2.0202
637608326 0.869381 0.135183 4716 1.621
637641094 1.26515 0.128978 7509 1.40472
637575560 2.3622 1.34762 127 1.33333
637608328 1.31387 0.43507 685 1.11111
637641096 1.92308 0.491739 780 2.16667
637575562 3.61446 2.04875 83 1.41667
637608330 1.19522 0.396018 753 1.8
637641098 2.22222 0.532946 765 2.125
637575684 1.68524 0.212215 3679 1.70588
637608452 1.84508 0.169723 6287 1.36553
637641220 2.1245 0.14862 9414 1.73077
637575686 1.81915 0.218589 3738 1.43704
637608454 1.25174 0.138209 6471 1.41111
637641222 1.35561 0.112986 10475 1.93765
637575688 1.8018 1.26254 111 1.33333
637608456 0.434783 0.250476 690 4.6
637641224 1.77778 0.508618 675 1.53846
637575690 0.943396 0.938936 106 1.22222
637608458 1.9403 0.532896 670 3.14286
637641226 1.33156 0.418263 751 3.61538
637575812 0.735078 0.146474 3401 2.34694
637608580 0.953177 0.125648 5980 2.01205
637641348 1.09108 0.11133 8707 2.16529
637575814 2.54574 0.256495 3771 1.40351
637608582 1.38846 0.145337 6482 1.40239
637641350 1.03384 0.0998954 10253 2.21196
637575816 0.854701 0.85104 117 7
637608584 0.948992 0.333923 843 2.14286
637641352 1.12233 0.352916 891 2.71429
637575818 0 0 111 1
637608586 0.520833 0.259738 768 1
637641354 0.506329 0.252523 790 2.16667
637579268 1.80126 0.230438 3331 1.65546
637612036 1.2954 0.17198 4323 1.24961
637644804 1.07347 0.121675 7173 1.48276
637579270 31.6591 0.811562 3285 1.29112
637612038 3.48457 0.280449 4276 1.39309
637644806 11.9149 0.352218 8460 1.40527
637579272 3.10078 1.52616 129 1.5
637612040 1.02443 0.282666 1269 1.5
637644808 2.16076 0.427458 1157 2.25806
637579274 2.25564 1.28752 133 1.5
637612042 1.94332 0.392805 1235 2.32
637644810 1.10396 0.316921 1087 1.4375
637579396 2.43087 0.268456 3291 1.31347
637612164 1.68242 0.195248 4339 1.21611
637644932 1.57337 0.153063 6610 1.34247
637579398 5.14236 0.376454 3442 1.40113
637612166 3.07477 0.263478 4293 1.34077
637644934 4.73387 0.232776 8323 1.46984
637579400 0 0 143 0
637612168 1.9857 0.393178 1259 1.07692
637644936 2.80543 0.496752 1105 1.45652
637579402 2.5641 1.46128 117 1
637612170 2.34848 0.416818 1320 1.8
637644938 3.34237 0.540221 1107 1.81818
637579524 1.44615 0.209412 3250 1.67797
637612292 1.61789 0.194605 4203 1.35006
637645060 1.41468 0.14336 6786 1.34351
637579526 3.5967 0.31972 3392 1.40948
637612294 2.67779 0.239168 4556 1.6782
637645062 2.1952 0.155467 8883 1.52066
637579528 2.4 1.36891 125 1
637612296 2.17391 0.42168 1196 1.48837
637645064 1.3739 0.364658 1019 2.05882
637579530 0.934579 0.930202 107 1
637612298 1.23254 0.316273 1217 1.94444
637645066 1.19048 0.328207 1092 2.21429
637579652 1.38471 0.202746 3322 2.24242
637612420 1.14171 0.158956 4467 1.38571
637645188 1.22825 0.133187 6839 1.65543
637579654 0.920701 0.1646 3367 1.33671
637612422 1.09394 0.160407 4205 1.35263
637645190 1.2436 0.122367 8202 1.29987
637579656 2.6087 1.48636 115 2
637612424 1.08225 0.340381 924 2.66667
637645192 1.04651 0.347007 860 3.11111
637579658 2.54237 1.44906 118 1.66667
637612426 1.04923 0.289474 1239 2.17647
637645194 1.04167 0.299133 1152 2.13333
637579780 0.551534 0.137503 2901 2.13953
637612548 0.695931 0.136008 3736 1.81429
637645316 0.849434 0.118438 6004 2.33766
637579782 1.64384 0.235309 2920 2.21429
637612550 1.09439 0.172089 3655 2.04286
637645318 0.96415 0.113871 7364 2.15741
637579784 1.63934 1.14965 122 1
637612552 0.552486 0.224928 1086 1.16667
637645320 0.750469 0.264333 1066 1.54545
637579786 0.961538 0.956905 104 2.33333
637612554 1.06762 0.306545 1124 2.41667
637645322 1.2474 0.357841 962 1.8
637579908 0.98857 0.17389 3237 1.28246
637612676 1.35908 0.178788 4194 1.36108
637645444 0.842525 0.113126 6528 1.46855
637579910 2.09455 0.247711 3342 1.50311
637612678 3.32112 0.271185 4366 1.20915
637645446 1.5614 0.134329 8518 2.0654
637579912 1.8018 1.26254 111 2
637612680 1.39803 0.336693 1216 3
637645448 0.604491 0.227784 1158 3.5
637579914 0.649351 0.647239 154 1
637612682 0.732303 0.243205 1229 2
637645450 0.828729 0.275096 1086 2.44444
637583364 4.68624 0.346839 3713 1.60201
637616132 3.13295 0.219689 6288 1.42857
637648900 6.96834 0.262418 9414 1.65007
637583366 10.5096 0.576892 2826 1.22222
637616134 4.28775 0.288783 4921 1.36594
637648902 2.91926 0.186055 8187 1.71343
637583368 5.81395 2.52336 86 2
637616136 4.65465 0.816312 666 1.975
637648904 1.38889 0.415847 792 1.55556
637583370 8.40336 2.54327 119 1.30769
637616138 2.60223 0.560416 807 2.68
637648906 2.15054 0.475676 930 2.55172
637583492 5.24087 0.362561 3778 1.31265
637616260 3.01999 0.208224 6755 1.26874
637649028 2.44198 0.155048 9910 1.48257
637583494 3.18653 0.282705 3860 1.48238
637616262 0.930445 0.118576 6556 2.06087
637649030 0.706842 0.0797507 11035 1.74019
637583496 1.83486 1.28549 109 1
637616264 1.72811 0.442324 868 2
637649032 1.47368 0.390946 950 2.11765
637583498 7.31707 2.87582 82 1.33333
637616266 4.01235 0.770938 648 1.24138
637649034 3.00654 0.61741 765 1.96774
637583620 3.00177 0.292724 3398 1.9096
637616388 1.96471 0.187188 5497 1.57042
637649156 1.95065 0.157186 7741 1.34685
637583622 1.75342 0.217248 3650 1.36834
637616390 3.34488 0.220708 6637 1.76818
637649158 1.38603 0.113138 10678 1.76047
637583624 3.77358 1.85085 106 1
637616392 1.06762 0.353967 843 1.46667
637649160 1.6632 0.412328 962 1.72222
637583626 2.1978 1.53691 91 1.33333
637616394 1.32212 0.395989 832 3.27273
637649162 1.49254 0.395909 938 1.89474
637583748 1.43476 0.19566 3694 2.73256
637616516 1.63383 0.160446 6243 1.79268
637649284 1.62237 0.13052 9369 1.87156
637583750 0.976769 0.159794 3788 2.84211
637616518 1.18189 0.13389 6515 1.23168
637649286 1.26858 0.106532 11036 3.30055
637583752 3.8835 1.90367 103 2.42857
637616520 0.630517 0.281085 793 2.14286
637649288 1.09235 0.327553 1007 3.42857
637583754 3.66972 1.80088 109 1.5
637616522 1.00376 0.353099 797 2.42857
637649290 0.827301 0.291283 967 2.4
637583876 0.932273 0.159136 3647 3
637616644 0.663478 0.100843 6481 2.64615
637649412 0.463841 0.0697644 9486 2.08
637583878 0.740349 0.139394 3782 1.85366
637616646 0 0 6028 0
637649414 1.96536 0.146266 9006 1.67679
637583880 5.71429 2.77431 70 1.33333
637616648 1.04712 0.36827 764 1
637649416 0.741525 0.279229 944 2.2
637583882 1 0.994987 100 1.33333
637616650 0.274348 0.193727 729 1
637649418 0.848485 0.319334 825 1.75
637584004 1.27871 0.181501 3832 1.62069
637616772 2.29903 0.184929 6568 1.50385
637649540 1.70199 0.132171 9577 1.66949
637584006 0 0 3846 0
637616774 0 0 6330 0
637649542 0 0 10147 0
637584008 0.869565 0.865776 115 1
637616776 1.48883 0.426578 806 1.625
637649544 1.48957 0.381731 1007 1.45
637584010 0 0 112 1
637616778 1.1976 0.376441 835 3.58333
637649546 1.53341 0.406666 913 2.38889
637587460 3.1231 0.302885 3298 1.29535
637620228 3.30616 0.269059 4416 1.30262
637652996 5.21039 0.273907 6583 1.27991
637587462 6.93659 0.438387 3359 1.42653
637620230 3.51163 0.28071 4300 1.42602
637652998 7.67483 0.299073 7922 1.55112
637587464 2.5 1.42522 120 1
637620232 1.76516 0.364798 1303 1.55556
637653000 3.79404 0.703273 738 1.35
637587466 1.48148 1.03978 135 1.57143
637620234 1.6129 0.357736 1240 1.68421
637653002 3.26087 0.617238 828 1.53125
637587588 6.56325 0.427727 3352 1.19534
637620356 6.28842 0.373248 4230 1.32935
637653124 5.06232 0.271939 6499 1.27707
637587590 7.40186 0.453204 3337 1.4375
637620358 7.91162 0.41605 4209 1.34634
637653126 7.69613 0.296952 8056 1.36857
637587592 2.54237 1.44906 118 1.6
637620360 1.73847 0.359332 1323 1.86667
637653128 1.15237 0.381903 781 1.7
637587594 1.30719 0.918261 153 2.66667
637620362 1.23865 0.31783 1211 1.82353
637653130 1.27907 0.38318 860 2
637587716 2.60768 0.272785 3413 1.55039
637620484 2.42816 0.229734 4489 1.45223
637653252 1.62709 0.153175 6822 1.67105
637587718 4.1216 0.339873 3421 1.2075
637620486 3.64275 0.277535 4557 1.31579
637653254 1.96426 0.150952 8451 1.468
637587720 1.81818 1.27391 110 1
637620488 2.3855 0.471374 1048 1.53333
637653256 3.25694 0.616506 829 1.97059
637587722 2.4 1.36891 125 1.35714
637620490 0.756859 0.266576 1057 1.78571
637653258 2.23097 0.53502 762 1.57143
637587844 0.96393 0.172291 3216 1.7449
637620612 1.04432 0.162242 3926 1.51282
637653380 0.558486 0.0928207 6446 1.72789
637587846 0.952674 0.170288 3254 1.72857
637620614 0.990099 0.155771 4040 1.54286
637653382 0.698831 0.0965712 7441 1.86667
637587848 1.6 1.12228 125 2.5
637620616 1.37237 0.351904 1093 2.46154
637653384 1.52284 0.436247 788 1.71429
637587850 0 0 97 1.84211
637620618 0.424628 0.211863 942 2.8
637653386 0.861009 0.324027 813 2.33333
637587972 0.914827 0.1691 3170 2.23214
637620740 1.28496 0.17877 3969 1.34043
637653508 1.15627 0.139405 5881 1.55088
637587974 0.86594 0.165927 3118 1.96774
637620742 2.14464 0.228769 4010 1.38129
637653510 1.19793 0.126933 7346 1.62992
637587976 1.7094 1.19835 117 4
637620744 0.907441 0.285653 1102 2.54545
637653512 0.736196 0.299443 815 2
637587978 1.90476 1.33398 105 2
637620746 1.26582 0.324759 1185 1.86667
637653514 1.3269 0.397412 829 1.76471
637588100 1.19534 0.185561 3430 1.78621
637620868 1.50235 0.186377 4260 1.23939
637653636 1.10125 0.129067 6538 1.46906
637588102 3.76605 0.321561 3505 1.25217
637620870 0.903546 0.142216 4427 1.28571
637653638 1.04465 0.113383 8041 1.51869
637588104 1.69492 1.18829 118 1.28571
637620872 1.38211 0.332887 1230 3.66667
637653640 1.75029 0.447951 857 3.3125
637588106 0 0 115 1
637620874 1.28514 0.319214 1245 2.26667
637653642 1.76545 0.467652 793 1.83333
637567012 3.64083 0.279932 4477 1.29716
637599780 2.0743 0.165948 7376 1.31579
637632548 8.66153 0.34225 6754 1.32293
637567014 2.54333 0.236194 4443 1.26966
637599782 0.786247 0.101957 7504 1.78351
637632550 1.08269 0.129633 6373 1.85714
637567016 1.8018 1.26254 111 1.28571
637599784 1.78971 0.280434 2235 1.36667
637632552 5.16432 0.505454 1917 1.07937
637567018 0.925926 0.921629 108 1
637599786 1.75351 0.293787 1996 1.46939
637632554 2.98178 0.399673 1811 1.2766
637567140 6.68768 0.374858 4441 1.38783
637599908 1.16639 0.127279 7116 1.58738
637632676 3.87481 0.235604 6710 1.44783
637567142 2.73675 0.24045 4604 1.33333
637599910 2.05983 0.16269 7622 1.35135
637632678 1.85829 0.165992 6619 1.52901
637567144 5.55556 2.41452 90 1.14286
637599912 0.719424 0.185085 2085 1.17172
637632680 13.2145 0.839567 1627 1.26233
637567146 0.925926 0.921629 108 1.8
637599914 1.84672 0.289284 2166 1.61702
637632682 5.75891 0.514659 2049 1.4142
637567268 2.63628 0.239469 4476 1.49854
637600036 1.24182 0.127969 7489 1.4029
637632804 1.04849 0.122917 6867 1.42675
637567270 5.44643 0.339044 4480 1.1854
637600038 2.82847 0.189274 7672 1.2469
637632806 2.0653 0.17526 6585 1.43067
637567272 7.14286 2.80998 84 1.08333
637600040 0.326797 0.123316 2142 2.11111
637632808 1.47059 0.286278 1768 1.72727
637567274 3.15789 1.79419 95 1.11111
637600042 3.98912 0.416674 2206 1.2605
637632810 5.86708 0.535493 1926 1.32716
637567396 4.1989 0.298156 4525 1.62451
637600164 1.75222 0.153513 7305 1.46533
637632932 10.5771 0.37458 6741 1.66002
637567398 1.81818 0.209429 4070 1.6383
637600166 2.37875 0.189391 6474 1.31108
637632934 2.21359 0.191249 5918 1.32949
637567400 4.54545 2.22047 88 1.14286
637600168 0.35035 0.132188 1998 1.16522
637632936 8.07114 0.712393 1462 1.18631
637567402 5 2.4367 80 2.6
637600170 0.779076 0.207404 1797 1.21875
637632938 8.2777 0.711929 1498 1.73377
637567524 4.27189 0.310671 4237 1.41304
637600292 0.867375 0.109678 7148 1.51042
637633060 5.3488 0.276188 6637 1.58667
637567526 2.75846 0.249356 4314 1.39627
637600294 1.70501 0.150594 7390 1.49099
637633062 1.0629 0.12374 6868 2.08403
637567528 1.03093 1.0256 97 2.33333
637600296 0.396152 0.149434 1767 1.26667
637633064 0.606796 0.191303 1648 1.3
637567530 3.125 1.7758 96 2.6
637600298 1.47808 0.272437 1962 1.82857
637633066 2.59319 0.36941 1851 1.55102
637567652 1.27889 0.168306 4457 1.53774
637600420 1.16918 0.127582 7099 1.31641
637633188 3.30888 0.218866 6679 1.3943
637567654 2.05066 0.220133 4145 1.45299
637600422 1.10556 0.128679 6603 1.57895
637633190 1.22158 0.143083 5894 1.9646
637567656 0.854701 0.85104 117 1
637600424 0.733138 0.1886 2046 1.2
637633192 2.85714 0.372992 1995 1.27206
637567658 0 0 130 5
637600426 1.27139 0.247751 2045 2
637633194 1.37615 0.263011 1962 1.63043
637571108 1.46157 0.184259 4242 1.47396
637603876 1.04091 0.137152 5476 1.41353
637636644 8.13098 0.524241 2718 1.33099
637571110 2.46642 0.242373 4095 1.3439
637603878 2.02156 0.19528 5194 1.24239
637636646 1.41758 0.23791 2469 1.51553
637571112 3.13901 0.825664 446 1.10959
637603880 1.28649 0.250674 2021 1.13592
637636648 1.29803 0.257915 1926 1.36458
637571114 1.88235 0.659219 425 1.5
637603882 1.03734 0.230751 1928 1.93333
637636650 1.40845 0.269141 1917 1.53731
637571236 2.44467 0.247733 3886 1.62585
637604004 1.28746 0.163778 4738 1.58442
637636772 0.854037 0.181302 2576 2.5
637571238 4.52756 0.326133 4064 1.55414
637604006 1.29763 0.162422 4855 1.43056
637636774 2.60716 0.334969 2263 1.33486
637571240 1.48883 0.603272 403 1.28571
637604008 0.596421 0.171658 2012 1.47368
637636776 1.36823 0.283338 1681 1.55882
637571242 6.66667 1.2395 405 1.42105
637604010 2.11927 0.319743 2029 1.36986
637636778 4.98202 0.493086 1947 1.33094
637571364 1.07143 0.164437 3920 1.53779
637604132 1.04888 0.147554 4767 1.35664
637636900 1.92382 0.269439 2599 1.32482
637571366 1.94553 0.208959 4369 1.57143
637604134 2.07303 0.196492 5258 1.56522
637636902 1.96865 0.265249 2743 1.81061
637571368 0.492611 0.347469 406 1.33333
637604136 0.267237 0.119352 1871 2.09091
637636904 1.02348 0.246957 1661 1.09375
637571370 4.09639 0.972957 415 1.09524
637604138 1.62322 0.280263 2033 1.26667
637636906 3.34165 0.401368 2005 1.63095
637571492 0.951249 0.167357 3364 1.53636
637604260 0.632084 0.117003 4588 1.82524
637637028 0.774878 0.177079 2452 2.07407
637571494 0.909985 0.148918 4066 1.64615
637604262 4.4624 0.286359 5199 1.80119
637637030 0.792453 0.172241 2650 2.25
637571496 0.550964 0.388516 363 1.3
637604264 0.652174 0.187651 1840 1.27612
637637032 3.18423 0.483452 1319 1.20506
637571498 0.621118 0.357487 483 1.55556
637604266 0.652283 0.18032 1993 1.19318
637637034 1.90632 0.31914 1836 1.256
637571620 1.61114 0.208056 3662 1.46698
637604388 0.911917 0.136848 4825 1.43648
637637156 1.78497 0.269765 2409 1.53788
637571622 0.761955 0.140951 3806 1.42697
637604390 0.892658 0.14051 4481 1.48201
637637158 0.922266 0.200325 2277 2.4
637571624 1.95531 0.731776 358 1.19149
637604392 1.16402 0.246722 1890 1.31868
637637160 1.89208 0.36067 1427 1.244
637571626 1.68675 0.632131 415 2
637604394 0.874936 0.211273 1943 3
637637162 1.36905 0.283505 1680 1.7284
637571748 1.84017 0.217909 3804 1.68148
637604516 0.425341 0.0973723 4467 2.04255
637637284 2.23176 0.306016 2330 1.61765
637571750 0.942408 0.156326 3820 1.60377
637604518 1.21005 0.165204 4380 1.87156
637637286 1.18594 0.222788 2361 2.07317
637571752 0.493827 0.348325 405 1.46154
637604520 0.158061 0.0911845 1898 1.2
637637288 1.42933 0.273101 1889 1.17785
637571754 0.691244 0.397708 434 1.83333
637604522 0.646766 0.1788 2010 2
637637290 1.50725 0.293359 1725 1.89474
637575204 3.24771 0.304587 3387 1.54676
637607972 1.55053 0.168868 5353 1.69858
637640740 5.22388 0.320363 4824 1.59744
637575206 0.522846 0.108736 4399 1.5
637607974 2.01665 0.16034 7686 1.47436
637640742 3.53788 0.231136 6388 1.58879
637575208 0 0 66 1.4
637607976 0.833965 0.250399 1319 1.28205
637640744 5.09479 0.756897 844 1.14013
637575210 1.05263 1.04708 95 1.875
637607978 2.40354 0.385192 1581 1.53333
637640746 2.29885 0.429419 1218 1.35294
637575332 5.74407 0.346517 4509 1.41424
637608100 3.99226 0.230104 7239 1.43672
637640868 7.06297 0.317126 6527 1.45552
637575334 1.54389 0.1831 4534 1.48062
637608102 3.28458 0.201887 7794 1.30884
637640870 2.52465 0.191737 6694 1.38046
637575336 46.6667 5.76066 75 1.11765
637608104 1.27565 0.26429 1803 1.19048
637640872 3.2345 0.530294 1113 1.26829
637575338 1.07527 1.06947 93 1.5
637608106 1.37817 0.273728 1814 1.30303
637640874 3.42124 0.485293 1403 1.54167
637575460 2.06882 0.210049 4592 1.57105
637608228 0.880503 0.110444 7155 1.43564
637640996 0.887531 0.113131 6873 1.59146
637575462 0.845503 0.14656 3903 2.06493
637608230 1.94371 0.172153 6431 1.63462
637640998 2.22662 0.189491 6063 1.67614
637575464 3.77358 2.6175 53 1
637608232 0.815217 0.234372 1472 1.85
637641000 2.15146 0.425639 1162 1.51852
637575466 5 2.81366 60 1.5
637608234 2.29058 0.382718 1528 1.52083
637641002 4.6 0.66245 1000 1.19298
637575588 3.80272 0.290358 4339 1.51845
637608356 1.04326 0.119835 7189 1.42618
637641124 2.44755 0.190519 6578 1.31122
637575590 2.04461 0.249088 3228 1.37008
637608358 1.96323 0.18534 5603 1.33078
637641126 1.70188 0.180901 5112 1.5098
637575592 0 0 76 1
637608360 1.05721 0.255053 1608 1.6
637641128 2.42291 0.510269 908 1.27586
637575594 0 0 81 0
637608362 1.60099 0.311456 1624 1.70968
637641130 3.61261 0.517347 1301 1.5
637575716 3.4202 0.277227 4298 1.44125
637608484 1.49722 0.145016 7013 1.6165
637641252 14.3051 0.430095 6627 1.41957
637575718 0.451092 0.103254 4212 1.52525
637608486 0.925277 0.113366 7133 1.92929
637641254 0.301023 0.0672095 6644 1.21875
637575720 1.05263 1.04708 95 1
637608488 0.507246 0.191234 1380 1.59375
637641256 2.17391 0.537538 736 1.40426
637575722 0 0 72 0
637608490 1.59134 0.315726 1571 1.55556
637641258 1.48148 0.346592 1215 1.46667
637575844 1.97163 0.215573 4159 1.49302
637608612 1.6645 0.153918 6909 1.5
637641380 0.96421 0.124923 6119 1.86047
637575846 1.87485 0.207641 4267 1.32804
637608614 2.46107 0.182695 7192 1.54434
637641382 1.54415 0.156378 6217 1.49505
637575848 1.0101 1.00499 99 1
637608616 0.617631 0.185647 1781 1.32727
637641384 2.81577 0.469203 1243 1.07812
637575850 0.925926 0.921629 108 5
637608618 0.353149 0.143918 1699 2.5
637641386 1.11111 0.295303 1260 2.21429
637579300 1.03142 0.156477 4169 1.71579
637612068 1.11765 0.147206 5100 1.4703
637644836 0.685921 0.15682 2770 1.48276
637579302 2.04918 0.219976 4148 1.53819
637612070 2.61581 0.225536 5008 1.24969
637644838 2.1615 0.293679 2452 1.27206
637579304 0.674157 0.387911 445 1.27273
637612072 0.764526 0.196644 1962 1.52273
637644840 0.829646 0.213323 1808 1.55814
637579306 4.68085 0.974324 470 1.625
637612074 2.05761 0.321973 1944 1.86667
637644842 4.08264 0.438885 2033 1.17714
637579428 2.97619 0.267614 4032 1.29369
637612196 2.87741 0.234685 5074 1.33113
637644964 5.19095 0.427177 2697 1.42339
637579430 5.22876 0.346346 4131 1.32563
637612198 3.15578 0.247853 4975 1.33356
637644966 1.88528 0.272392 2493 1.4037
637579432 1.57895 0.639493 380 1.10769
637612200 1.10664 0.234627 1988 1.25893
637644968 3.2666 0.408026 1898 1.19883
637579434 2.407 0.716951 457 1.23529
637612202 1.86916 0.30037 2033 1.86957
637644970 2.1395 0.299316 2337 1.74603
637579556 1.19221 0.185078 3439 1.35211
637612324 0.707092 0.122653 4667 1.58874
637645092 1.33441 0.230736 2473 1.49091
637579558 1.3826 0.180285 4195 1.44231
637612326 1.28996 0.154288 5349 1.34483
637645094 1.29294 0.21713 2707 1.4433
637579560 0.824176 0.473873 364 1.66667
637612328 0.451213 0.159167 1773 1.2381
637645096 1.10701 0.259477 1626 1.26667
637579562 5.67686 1.08126 458 1.28125
637612330 1.60487 0.295616 1807 1.42373
637645098 2.19604 0.339177 1867 1.64557
637579684 1.63814 0.198485 4090 1.44886
637612452 1.52569 0.170339 5178 1.48289
637645220 5.13006 0.419317 2768 1.35652
637579686 1.04141 0.157985 4129 1.84564
637612454 0.932725 0.135416 5039 2.04854
637645222 1.4717 0.23392 2650 1.92381
637579688 0.319489 0.318978 313 1.3125
637612456 0.821226 0.22683 1583 1.23881
637645224 1.42531 0.283024 1754 1.32743
637579690 1.19332 0.530474 419 1.71429
637612458 1.48295 0.268733 2023 2.05
637645226 2.4974 0.355939 1922 1.33051
637579812 2.82132 0.279524 3509 1.43018
637612580 0.940507 0.14275 4572 1.40728
637645348 1.64395 0.254622 2494 1.31903
637579814 2.78481 0.275959 3555 1.2601
637612582 1.50235 0.186377 4260 1.79231
637645350 4.14414 0.42301 2220 1.46535
637579816 0.906344 0.520901 331 1.4
637612584 0.275179 0.122894 1817 1.5
637645352 1.09466 0.264036 1553 1.2069
637579818 1.39276 0.618507 359 2.14286
637612586 1.09321 0.249425 1738 2.82609
637645354 1.71331 0.310114 1751 1.64815
637579940 1.01961 0.162433 3825 1.91667
637612708 0.963351 0.141353 4775 1.36134
637645476 4.30279 0.405031 2510 1.35246
637579942 1.38326 0.18037 4193 1.58781
637612710 1.56433 0.173524 5114 1.63265
637645478 1.63872 0.247846 2624 1.52727
637579944 0.963855 0.4796 415 1.2
637612712 0.816743 0.20335 1959 1.23656
637645480 3.25203 0.412953 1845 1.24036
637579946 1.76991 0.620196 452 2.1
637612714 1.39261 0.271205 1867 1.61538
637645482 1.32345 0.262933 1889 1.37879
637583396 2.29523 0.224638 4444 1.83683
637616164 2.03017 0.167455 7093 1.41844
637648932 1.68731 0.160245 6460 1.65649
637583398 4.09175 0.348779 3226 1.35897
637616166 4.1141 0.268572 5469 1.35799
637648934 1.92268 0.196394 4889 1.3873
637583400 17.7215 4.29616 79 1.28571
637616168 0.928613 0.231073 1723 1.28866
637648936 21.2457 1.19484 1172 1.16034
637583402 3.37079 1.91304 89 1.25
637616170 1.27827 0.249082 2034 1.9
637648938 3.82897 0.484762 1567 1.39796
637583524 3.31529 0.26887 4434 1.5428
637616292 1.19407 0.124423 7621 1.52149
637649060 1.5513 0.149502 6833 1.40171
637583526 7.39514 0.388813 4530 1.3434
637616294 1.15112 0.123412 7471 1.43318
637649062 0.948429 0.11799 6748 1.40141
637583528 24.6753 4.91309 77 1.0625
637616296 0.900901 0.205748 2109 1.34091
637649064 6.48276 0.646609 1450 1.25532
637583530 1.44928 1.43874 69 1.5
637616298 2.83654 0.364011 2080 1.54688
637649066 2.33 0.328957 2103 2
637583652 1.72452 0.194826 4465 1.4976
637616420 0.804643 0.102609 7581 1.67797
637649188 0.88547 0.11287 6889 1.7027
637583654 3.73339 0.286911 4366 1.39792
637616422 2.45826 0.177543 7607 1.35078
637649190 2.69784 0.198354 6672 1.46335
637583656 7.77778 2.82309 90 1.28571
637616424 1.12414 0.233079 2046 1.34259
637649192 7.0239 0.687666 1381 1.14592
637583658 1.0101 1.00499 99 1.33333
637616426 0.440744 0.146591 2042 1.92857
637649194 8.44156 0.914586 924 1.26168
637583780 3.72513 0.288061 4322 1.62183
637616548 2.07499 0.170521 6988 1.397
637649316 1.9251 0.168511 6649 1.51759
637583782 0.369857 0.092293 4326 1.45872
637616550 2.27211 0.173294 7394 1.35147
637649318 2.58785 0.192526 6801 1.60156
637583784 5.68182 2.46774 88 1.61538
637616552 0.42796 0.142348 2103 1.53125
637649320 6.10611 0.757562 999 1.15306
637583786 10.7143 2.92256 112 1.125
637616554 0.429594 0.14289 2095 1.33333
637649322 1.13074 0.281083 1415 1.53846
637583908 5.68687 0.354288 4273 1.46238
637616676 2.84302 0.194774 7281 1.38202
637649444 8.25941 0.340434 6538 1.48534
637583910 0.814566 0.139127 4174 1.40104
637616678 1.03713 0.124206 6653 1.58607
637649446 0.889802 0.122843 5844 2.12088
637583912 1.11111 1.10492 90 1.375
637616680 0.930233 0.218236 1935 1.25
637649448 4.47489 0.624802 1095 1.27778
637583914 0 0 89 1
637616682 0.588928 0.185686 1698 1.9
637649450 2.75928 0.505266 1051 1.38333
637584036 2.96097 0.253875 4458 1.5905
637616804 3.27537 0.206646 7419 1.61145
637649572 3.12927 0.214588 6583 1.44291
637584038 2.37879 0.229369 4414 1.37931
637616806 1.31723 0.133551 7288 1.34887
637649574 2.01829 0.176584 6342 1.475
637584040 3.125 1.7758 96 1.66667
637616808 0.576646 0.165983 2081 2.13333
637649576 2.79001 0.446242 1362 1.81395
637584042 0 0 83 1.8
637616810 1.41129 0.26482 1984 1.93333
637649578 2.94118 0.482934 1224 1.84091
637587492 1.68911 0.20162 4085 1.3125
637620260 1.36692 0.162258 5121 1.37778
637653028 1.52134 0.235779 2695 1.40323
637587494 2.07911 0.2272 3944 1.4375
637620262 1.49103 0.172032 4963 1.48238
637653030 0.792327 0.181051 2398 2.15094
637587496 2.15983 0.675581 463 1.24771
637620264 1.48478 0.329533 1347 1.34783
637653032 2.61941 0.443303 1298 1.20833
637587498 1.00402 0.44675 498 1.29412
637620266 1.06383 0.264539 1504 1.44444
637653034 1.43761 0.285447 1739 1.425
637587620 3.24039 0.28064 3981 1.524
637620388 4.60268 0.301042 4845 1.42736
637653156 16.2845 0.727897 2573 1.23954
637587622 2.98995 0.26996 3980 1.34715
637620390 4.19975 0.28994 4786 1.22635
637653158 1.76991 0.264452 2486 1.201
637587624 3.02376 0.795822 463 1.73684
637620392 0.882553 0.243694 1473 1.48
637653160 1.8746 0.344826 1547 1.20455
637587626 4.24528 0.979153 424 1.54054
637620394 3.83366 0.489439 1539 1.33333
637653162 5.5483 0.584865 1532 1.27586
637587748 3.67683 0.292696 4134 1.47482
637620516 0.908248 0.129159 5395 1.5
637653284 8.67479 0.54078 2709 1.26259
637587750 1.15607 0.165897 4152 2.15455
637620518 1.00164 0.134383 5491 2.4375
637653286 0.907441 0.180663 2755 3.05128
637587752 1.27877 0.568216 391 1.9
637620520 0.947522 0.261547 1372 1.44
637653288 1.5939 0.329692 1443 1.22727
637587754 0.47619 0.335915 420 1.07692
637620522 1.12275 0.288262 1336 1.5
637653290 2.92984 0.468268 1297 1.14286
637587876 1.77743 0.212068 3882 1.35587
637620644 1.32939 0.166371 4739 1.50932
637653412 4.70719 0.407746 2698 1.42331
637587878 0.917912 0.154442 3813 1.64655
637620646 1.38289 0.171661 4628 1.28529
637653414 1.30912 0.233581 2368 2.02326
637587880 0.815217 0.468744 368 1.85714
637620648 0.650759 0.216213 1383 1.68571
637653416 0.899428 0.269965 1223 1.30556
637587882 1.88172 0.7045 372 1.3125
637620650 1.48749 0.314767 1479 1.39286
637653418 2.1178 0.370393 1511 1.57778
637588004 4.43599 0.327808 3945 1.46058
637620772 2.61328 0.231592 4745 1.41923
637653540 9.6896 0.605855 2384 1.22689
637588006 1.83072 0.218367 3769 1.44484
637620774 1.10485 0.153853 4616 1.47431
637653542 1.63066 0.255719 2453 1.5303
637588008 1.27877 0.568216 391 1.7
637620776 1.19671 0.297382 1337 1.33333
637653544 2.40826 0.519158 872 1.30037
637588010 1.37615 0.557931 436 1.41667
637620778 1.18812 0.278374 1515 1.55556
637653546 1.21951 0.278064 1558 1.73333
637588132 2.95844 0.26494 4090 1.34562
637620900 1.75716 0.184615 5065 1.25397
637653668 1.30743 0.219547 2677 1.36923
637588134 1.96033 0.210533 4336 1.41131
637620902 0.601825 0.107765 5151 1.36511
637653670 0.269854 0.101857 2594 1.3268
637588136 1.17647 0.52303 425 2.57143
637620904 1.10246 0.265909 1542 2.25
637653672 1.49864 0.317107 1468 1.39683
637588138 1.80587 0.63268 443 1.55556
637620906 1.19382 0.28781 1424 1.45161
637653674 1.93076 0.355055 1502 1.86842
637567044 1.82008 0.14393 8626 1.38756
637599812 0.534988 0.106711 4673 2.21154
637632580 0 0 64 0
637567046 0.818522 0.0974309 8552 2.12017
637599814 0.314356 0.0739778 5726 2.97222
637632582 0 0 76 0
637567048 0.301887 0.150715 1325 1.5
637599816 0.351391 0.101259 3415 1.625
637632584 0.619195 0.116654 4522 1.6
637567050 1.50316 0.342248 1264 1.375
637599818 1.10465 0.178206 3440 1.79032
637632586 1.97883 0.211261 4346 1.48214
637567172 1.46071 0.130214 8489 1.545
637599940 0.829964 0.132348 4699 1.4507
637632708 0 0 40 1
637567174 1.18996 0.113297 9160 1.55902
637599942 0.761808 0.11313 5907 2.76712
637632710 0 0 47 0
637567176 0.867303 0.273073 1153 1.28571
637599944 0.552486 0.126398 3439 1.52
637632712 0.36512 0.0883929 4656 2.13333
637567178 8.23105 0.7385 1385 1.18447
637599946 1.23225 0.180563 3733 1.37885
637632714 2.69078 0.240312 4534 1.31049
637567300 0.981814 0.104147 8963 1.51077
637600068 1.30085 0.162822 4843 1.41791
637632836 0 0 43 0
637567302 1.47576 0.128474 8809 1.98356
637600070 0.827444 0.118936 5801 1.94845
637632838 0 0 33 1
637567304 0.480769 0.195801 1248 1.78571
637600072 0.725058 0.144485 3448 1.44444
637632840 0.654022 0.119016 4587 2.32558
637567306 7.97592 0.743154 1329 1.2006
637600074 1.38457 0.196422 3539 1.34936
637632842 2.58583 0.233958 4602 1.21748
637567428 0.588235 0.082944 8500 1.92771
637600196 0.531601 0.102034 5079 1.73333
637632964 1.63934 1.62585 61 1
637567430 0.914593 0.110402 7435 2.38462
637600198 0.530035 0.101735 5094 2.58065
637632966 0 0 43 0
637567432 0.862069 0.286115 1044 2.82353
637600200 0.917431 0.166729 3270 1.56364
637632968 0.361471 0.0875111 4703 1.71429
637567434 1.26316 0.362332 950 1.78947
637600202 0.493097 0.127003 3042 2.1
637632970 0.546022 0.118826 3846 2.62069
637567556 0.682635 0.090108 8350 2.27273
637600324 0.33723 0.0869255 4448 2.0625
637633092 0 0 36 0
637567558 1.15813 0.112904 8980 2.32955
637600326 0.680391 0.108578 5732 1.94681
637633094 0 0 36 2
637567560 0.961538 0.288518 1144 1.4375
637600328 0.526316 0.127314 3230 1.95833
637633096 0.389105 0.0941881 4369 1.79487
637567562 5.38182 0.608556 1375 1.20115
637600330 0.621302 0.135157 3380 1.49091
637633098 0.455334 0.0991355 4612 1.83117
637567684 0.633349 0.0851298 8684 1.87611
637600452 0.669836 0.119902 4628 2.34211
637633220 0 0 35 0
637567686 1.63015 0.144612 7668 1.59584
637600454 0.923645 0.137052 4872 1.70064
637633222 0 0 34 0
637567688 0.825826 0.247966 1332 1.94737
637600456 0.680079 0.138348 3529 1.43182
637633224 1.10286 0.15668 4443 1.7033
637567690 0.649819 0.215902 1385 1.30263
637600458 0.746269 0.151762 3216 1.25175
637633226 3.89482 0.304727 4031 1.24708
637571140 0.44342 0.0884871 5638 1.59649
637603908 0.383959 0.12774 2344 2.10526
637636676 0 0 54 0
637571142 1.26841 0.160064 4888 1.65919
637603910 1.05876 0.166516 3778 1.66443
637636678 0 0 41 0
637571144 2.12418 0.412138 1224 1.20968
637603912 0.7109 0.144595 3376 1.17424
637636680 1.71685 0.211113 3786 1.15086
637571146 4.58295 0.633101 1091 1.24898
637603914 1.40173 0.203025 3353 1.37786
637636682 3.27915 0.298145 3568 1.43855
637571268 0.418243 0.0910771 5021 1.27933
637604036 1.31435 0.266521 1826 1.14035
637636804 0 0 45 0
637571270 1.44778 0.171785 4835 1.50777
637604038 0.924499 0.153369 3894 2.51852
637636806 2.43902 2.4091 41 2
637571272 1.26459 0.34851 1028 1.45455
637604040 0.403226 0.111609 3224 1.2
637636808 0.890472 0.161852 3369 1.89189
637571274 7.54877 0.769374 1179 1.39113
637604042 2.3444 0.252779 3583 1.48397
637636810 3.59911 0.309931 3612 1.26982
637571396 0.449622 0.095644 4893 1.42254
637604164 0.45106 0.142316 2217 1.70833
637636932 0 0 37 0
637571398 1.01911 0.135488 5495 1.51724
637604166 0.740398 0.1304 4322 1.49541
637636934 3.0303 2.98404 33 1
637571400 1.08268 0.324668 1016 1.22222
637604168 0.643275 0.136705 3420 1.94737
637636936 0.396601 0.105786 3530 1.5102
637571402 2.01863 0.391871 1288 1.45631
637604170 1.24861 0.184966 3604 1.45833
637636938 2.32856 0.24124 3908 1.42767
637571524 2.21416 0.203291 5239 1.39577
637604292 1.12021 0.218457 2321 1.35766
637637060 1.6129 1.59984 62 1
637571526 1.006 0.138803 5169 1.89674
637604294 0.697786 0.129123 4156 1.81818
637637062 0 0 52 0
637571528 1.17647 0.337614 1020 1.13333
637604296 0.550627 0.129426 3269 1.44828
637637064 0.548246 0.122255 3648 1.79412
637571530 1.1976 0.318151 1169 1.15455
637604298 1.17952 0.18312 3476 1.38281
637637066 1.13208 0.173691 3710 1.53053
637571652 0.3772 0.0887391 4772 1.76744
637604420 0.358056 0.13509 1955 1.16667
637637188 0 0 34 0
637571654 0.945471 0.1435 4548 2.60563
637604422 0.506187 0.119007 3556 2.61111
637637190 0 0 44 0
637571656 0.3861 0.192677 1036 1.75
637604424 0.762873 0.155126 3146 1.41379
637637192 1.81494 0.23026 3361 1.26437
637571658 1.04167 0.299133 1152 1.94118
637604426 0.8626 0.162311 3246 1.23148
637637194 1.03152 0.171031 3490 1.31481
637571780 0.265487 0.0765376 4520 1.53846
637604548 0.56266 0.16917 1955 1.11538
637637316 0 0 41 0
637571782 1.15217 0.157349 4600 2.43902
637604550 0.850689 0.157296 3409 2.02326
637637318 0 0 28 0
637571784 0.166251 0.117459 1203 1.5
637604552 0.628733 0.140146 3181 1.76744
637637320 0.70526 0.143452 3403 1.34783
637571786 3.62117 0.569256 1077 1.7451
637604554 1.46475 0.209865 3277 1.64423
637637322 1.60412 0.218568 3304 1.2834
637575236 1.05037 0.114686 7902 1.65079
637608004 1.1055 0.162094 4161 1.26154
637640772 2.17391 2.15015 46 1
637575238 1.48457 0.130241 8622 2.06522
637608006 1.1572 0.1427 5617 1.78488
637640774 0 0 49 0
637575240 2.03528 0.520131 737 1.71875
637608008 0.736707 0.153047 3122 1.1875
637640776 0.810081 0.134466 4444 1.30864
637575242 7.23831 0.864698 898 1.43805
637608010 2.86236 0.290974 3284 1.32526
637640778 4.19362 0.299369 4483 1.27534
637575364 0.712758 0.0916882 8418 1.74747
637608132 0.367171 0.0888883 4630 1.72414
637640900 0 0 60 0
637575366 1.7172 0.135435 9201 1.75758
637608134 0.673854 0.106186 5936 1.69672
637640902 0 0 50 1
637575368 3.01205 0.593268 830 1.28
637608136 0.910747 0.16552 3294 1.60317
637640904 0.701293 0.123537 4563 1.53247
637575370 8.16754 0.886221 955 1.17037
637608138 2.47813 0.26544 3430 1.32461
637640906 2.79112 0.249145 4371 1.23773
637575492 0.641624 0.0862385 8572 1.52174
637608260 0.500313 0.10187 4797 1.47619
637641028 3.33333 3.27731 30 1
637575494 2.6552 0.1795 8022 1.59098
637608262 1.24888 0.148335 5605 1.83824
637641030 0 0 37 2
637575496 2.3166 0.539667 777 1.37037
637608264 1.51194 0.212199 3307 1.28966
637641032 0.546807 0.109062 4572 1.6338
637575498 5.22599 0.836397 708 1.19178
637608266 1.45691 0.210959 3226 1.66116
637641034 2.54453 0.239505 4323 1.34962
637575620 0.608084 0.0848895 8387 1.83206
637608388 0.599334 0.114996 4505 1.65957
637641156 0 0 59 0
637575622 0.78455 0.10837 6628 2.75735
637608390 1.15948 0.158341 4571 2.12676
637641158 0 0 45 2
637575624 1.02639 0.385944 682 2.08333
637608392 0.585556 0.137612 3074 1.44
637641160 0.36405 0.0908467 4395 2
637575626 6.48585 0.845715 848 1.23026
637608394 0.932763 0.189509 2573 1.19672
637641162 2.51287 0.272335 3303 1.2406
637575748 0.554597 0.0824449 8114 1.71103
637608516 0.475975 0.103619 4412 1.79412
637641284 0 0 34 0
637575750 0.945899 0.103962 8669 2.20283
637608518 0.933358 0.131379 5357 2.33333
637641286 0 0 43 0
637575752 1.71821 0.538659 582 1.62963
637608520 0.847745 0.168829 2949 1.46053
637641288 0.454959 0.1015 4396 1.41935
637575754 4.05728 0.681556 838 1.16346
637608522 0.587276 0.138015 3065 1.2
637641290 0.894328 0.144429 4249 1.33484
637575876 0.663661 0.0908579 7986 1.34021
637608644 0.764818 0.134684 4184 1.38889
637641412 0 0 47 1
637575878 1.01432 0.109459 8380 1.94737
637608646 1.02584 0.138881 5264 2.01342
637641414 0 0 35 0
637575880 0.578704 0.258054 864 1.14286
637608648 0.818331 0.162995 3055 1.3871
637641416 0.590261 0.12013 4066 1.38462
637575882 14.9891 1.18073 914 1.18553
637608650 2.91803 0.304765 3050 1.23297
637641418 3.18827 0.268015 4297 1.28706
637579332 0.743832 0.115734 5512 1.67836
637612100 0.388601 0.129282 2316 2
637644868 0 0 34 0
637579334 0.794281 0.125087 5036 1.55414
637612102 0.506329 0.112932 3950 1.80645
637644870 0 0 37 0
637579336 1.3465 0.345316 1114 1.41176
637612104 0.462561 0.115373 3459 1.48276
637644872 0.659979 0.131559 3788 1.87879
637579338 3.95161 0.55325 1240 1.37121
637612106 1.87135 0.231719 3420 1.2
637644874 3.25507 0.289864 3748 1.33681
637579460 0.708801 0.117714 5079 1.63063
637612228 1.11349 0.217154 2335 1.25
637644996 0 0 62 0
637579462 6.34669 0.343347 5042 1.25046
637612230 2.09708 0.219947 4244 1.34515
637644998 0 0 34 1.6
637579464 0.254885 0.14697 1177 1.2
637612232 0.558824 0.127844 3400 1.48387
637645000 0.497925 0.11707 3615 1.34615
637579466 6.47383 0.645749 1452 1.47333
637612234 1.69492 0.215165 3599 1.3875
637645002 1.89036 0.223795 3703 1.48446
637579588 0.315706 0.0788019 5068 1.25166
637612356 1.55172 0.256606 2320 1.26
637645124 10.2564 4.85811 39 1.75
637579590 0.840964 0.124835 5351 1.87571
637612358 0.890764 0.143856 4266 1.58104
637645126 0 0 29 1
637579592 1.05871 0.317519 1039 2.0625
637612360 0.653595 0.138891 3366 1.5
637645128 0.724638 0.13895 3726 1.23438
637579594 5.91216 0.685431 1184 1.27933
637612362 1.2147 0.190891 3293 1.26506
637645130 1.6622 0.209338 3730 1.34682
637579716 0.415565 0.0884144 5294 1.18868
637612484 0.660211 0.169902 2272 1.74074
637645252 0 0 54 0
637579718 0.764126 0.123483 4973 2.00556
637612486 0.861394 0.149302 3831 1.88095
637645254 0 0 36 0
637579720 0.543971 0.22147 1103 1.55556
637612488 0.359712 0.103653 3336 2.2381
637645256 0.349368 0.096728 3721 1.75
637579722 1.76471 0.381677 1190 1.1831
637612490 1.60428 0.216556 3366 1.56425
637645258 1.25453 0.185838 3587 1.3033
637579844 0.344353 0.0887582 4356 1.54348
637612612 0.624025 0.179578 1923 1.38889
637645380 0 0 39 0
637579846 3.0874 0.260624 4405 1.41071
637612614 0.986651 0.168372 3446 1.2924
637645382 0 0 31 2
637579848 0.516529 0.230401 968 2.27273
637612616 0.411382 0.118511 2917 1.5
637645384 0.406504 0.112515 3198 1.46667
637579850 1.12465 0.322827 1067 2.33333
637612618 0.880163 0.171853 2954 2.7619
637645386 0.870106 0.163718 3218 1.65138
637579972 0.682382 0.118381 4836 1.4273
637612740 0.157895 0.0910886 1900 2.125
637645508 0 0 43 0
637579974 1.01814 0.136585 5402 1.688
637612742 1.08214 0.162254 4066 1.78571
637645510 7.54717 3.62839 53 1
637579976 0.610288 0.229962 1147 1.41667
637612744 0.747431 0.151997 3211 2.2
637645512 0.516796 0.121495 3483 1.70909
637579978 1.90641 0.402556 1154 1.71739
637612746 1.05109 0.174259 3425 1.72917
637645514 1.22117 0.180926 3685 1.60145
637583428 0.646816 0.084656 8967 1.69903
637616196 1.42341 0.178052 4426 1.46835
637648964 0 0 51 0
637583430 1.0045 0.122101 6670 2.05031
637616198 0.564972 0.110487 4602 1.74627
637648966 0 0 47 0
637583432 1.78082 0.489494 730 1.45
637616200 0.489349 0.118394 3474 1.59459
637648968 0.421286 0.0964458 4510 1.39474
637583434 3.16344 0.518834 1138 1.175
637616202 1.66726 0.241159 2819 1.59223
637648970 2.56859 0.270273 3426 1.44746
637583556 1.10491 0.109334 9141 1.35676
637616324 0.834824 0.128277 5031 1.73016
637649092 0 0 40 0
637583558 1.51683 0.128605 9032 1.8732
637616326 0.842747 0.122408 5577 1.83851
637649094 0 0 55 0
637583560 10.2727 0.915395 1100 1.13846
637616328 0.549769 0.125778 3456 1.2
637649096 0.699759 0.123268 4573 2.17778
637583562 2.97372 0.446695 1446 1.58824
637616330 2.00528 0.227703 3790 1.42703
637649098 5.06329 0.323896 4582 1.26945
637583684 0.134877 0.0389093 8897 1.58333
637616452 0.141586 0.0534765 4944 2.25
637649220 0 0 55 0
637583686 1.24139 0.117625 8861 1.74194
637616454 0.603136 0.101641 5803 1.6378
637649222 0 0 68 1
637583688 1.36319 0.361837 1027 1.59259
637616456 0.537153 0.126268 3351 1.62069
637649224 0.41019 0.0939108 4632 1.5625
637583690 1.75439 0.448989 855 1.2
637616458 1.75211 0.236334 3082 1.27675
637649226 3.58602 0.280126 4406 1.24857
637583812 0.522503 0.0785643 8421 1.51142
637616580 1.93875 0.204659 4539 1.15508
637649348 0 0 40 0
637583814 1.21718 0.116408 8873 1.84074
637616582 0.658693 0.106502 5769 2.39437
637649350 0 0 39 0
637583816 0.969828 0.321704 928 1.88235
637616584 0.462963 0.123445 3024 1.8125
637649352 0.43172 0.0988294 4401 2.06667
637583818 1.15761 0.3192 1123 1.35484
637616586 0.527859 0.124089 3410 1.2381
637649354 4.01554 0.288462 4632 1.25143
637583940 0.411006 0.0683601 8759 1.76699
637616708 0.242826 0.0731257 4530 2.15789
637649476 0 0 41 1
637583942 1.76378 0.165185 6350 1.39265
637616710 0.910552 0.155446 3734 1.61789
637649478 0 0 24 0
637583944 0.696864 0.283501 861 1.95
637616712 0.562728 0.136097 3021 1.82609
637649480 0.367563 0.0917216 4353 1.45455
637583946 3.37079 0.637681 801 1.26316
637616714 0.825423 0.183807 2423 1.42857
637649482 1.20627 0.189575 3316 1.41818
637584068 0 0 8646 0
637616836 0 0 4529 0
637649604 0 0 68 0
637584070 3.56596 0.201174 8497 1.82741
637616838 0.89575 0.130072 5247 3.73684
637649606 0 0 54 1
637584072 0 0 946 0
637616840 0 0 3293 0
637649608 0 0 4491 0
637584074 7.53498 0.866008 929 1.24719
637616842 1.91431 0.238861 3291 1.225
637649610 4.7253 0.31904 4423 1.28373
637587524 0.810185 0.124507 5184 1.4505
637620292 0.734574 0.188968 2042 2.03704
637653060 2 1.9799 50 1
637587526 3.26303 0.250608 5026 1.31983
637620294 1.22699 0.179797 3749 1.59242
637653062 0 0 37 0
637587528 1.15108 0.404619 695 1.06061
637620296 0.571429 0.13072 3325 1.3299
637653064 0.812568 0.14775 3692 1.47541
637587530 4.06918 0.630167 983 1.2
637620298 1.40967 0.199956 3476 1.60241
637653066 2.24446 0.243581 3698 1.37383
637587652 0.498483 0.103681 4614 1.35606
637620420 0.54672 0.164391 2012 1.77778
637653188 0 0 47 0
637587654 2.88201 0.232676 5170 1.26709
637620422 1.83438 0.21723 3816 1.38537
637653190 2.7027 2.66593 37 1
637587656 2.53623 0.546388 828 1.21053
637620424 1.26582 0.194081 3318 1.1875
637653192 1.09183 0.173875 3572 1.42157
637587658 4.95768 0.754823 827 1.12329
637620426 3.25502 0.298552 3533 1.38544
637653194 2.99514 0.279997 3706 1.22201
637587780 1.73223 0.175257 5542 1.4058
637620548 0.411899 0.137017 2185 1.63636
637653316 4.47761 2.52661 67 1.25
637587782 1.13717 0.141336 5628 1.51604
637620550 0.732243 0.133198 4097 2.34694
637653318 0 0 54 0
637587784 1.34771 0.423301 742 1.5641
637620552 0.503704 0.121858 3375 1.775
637653320 0.715611 0.137226 3773 1.75556
637587786 1.51515 0.50121 594 1.31579
637620554 0.781024 0.14972 3457 1.86486
637653322 1.02288 0.165082 3715 1.97959
637587908 1.36894 0.174071 4456 1.41667
637620676 0.336323 0.137072 1784 1.45455
637653444 0 0 30 0
637587910 0.939685 0.142626 4576 2.30233
637620678 0.440012 0.11336 3409 1.72131
637653446 0 0 41 0
637587912 1.90972 0.570278 576 2.38889
637620680 0.665033 0.152061 2857 1.32143
637653448 0.458115 0.122156 3056 1.33333
637587914 0.361011 0.208053 831 1.5
637620682 0.51313 0.124133 3313 1.69014
637653450 0.748417 0.146226 3474 1.36076
637588036 0 0 0 0
637620804 0 0 0 0
637653572 0 0 0 0
637588038 0.925926 0.138941 4752 2.3908
637620806 0.366972 0.105741 3270 2.27586
637653574 0 0 36 0
637588040 0 0 0 0
637620808 0 0 0 0
637653576 0 0 0 0
637588042 1.27253 0.365004 943 1.45902
637620810 1.03564 0.176688 3283 2.21429
637653578 1.14351 0.179768 3498 1.40881
637588164 1.0592 0.14079 5287 2.50725
637620932 0.656353 0.174841 2133 3.03497
637653700 0 0 54 1
637588166 0.792453 0.121793 5300 2
637620934 0.514139 0.114669 3890 1.51136
637653702 0 0 67 1
637588168 1.26437 0.378804 870 1.41176
637620936 0.481058 0.119975 3326 1.33333
637653704 0.294906 0.0887863 3730 2.77778
637588170 3.7694 0.634146 902 1.19718
637620938 2.10983 0.244318 3460 1.35714
637653706 2.78351 0.264089 3880 1.34769
637567076 9.68411 0.449073 4337 1.08774
637599844 5.49738 1.16619 382 1.17568
637632612 4 3.91918 25 1
637567078 16.1587 0.40239 8367 1.24019
637599846 9.70626 1.05797 783 1.22297
637632614 1.81818 1.80158 55 1.25
637567080 6.1294 0.808138 881 1.04412
637599848 6.81239 0.480903 2745 1.05429
637632616 12.0425 0.575604 3197 1.05503
637567082 8.28877 0.712837 1496 1.10917
637599850 2.82975 0.253584 4276 1.05215
637632618 14.6595 0.4735 5580 1.08464
637567204 16.4793 0.421774 7737 1.25066
637599972 7.92079 1.20176 505 1.09474
637632740 2.77778 2.73893 36 1.28571
637567206 6.32482 0.258682 8854 1.1405
637599974 6.90691 0.98257 666 1.25
637632742 5.88235 4.03526 34 1.2
637567208 20.3768 1.06406 1433 1.03918
637599976 9.42539 0.44033 4403 1.06915
637632744 20.0223 0.545114 5389 1.06357
637567210 13.2126 0.876968 1491 1.07122
637599978 11.1902 0.470202 4495 1.07816
637632746 11.8293 0.42627 5740 1.07359
637567332 10.8088 0.347683 7975 1.12659
637600100 9.63855 1.32246 498 1.10784
637632868 3.0303 2.98404 33 1
637567334 20.4167 0.433657 8640 1.5254
637600102 9.38967 1.15389 639 1.11628
637632870 8.57143 4.73188 35 1
637567336 7.29313 0.688578 1426 1.0146
637600104 6.73206 0.37412 4486 1.04665
637632872 9.37827 0.385258 5726 1.06235
637567338 9.69251 0.764917 1496 1.06149
637600106 7.90559 0.408452 4364 1.09602
637632874 6.93052 0.333885 5786 1.05131
637567460 5.47685 0.255892 7906 1.09545
637600228 1.28755 0.426413 699 1.16
637632996 0 0 39 1
637567462 11.9869 0.371361 7650 1.14597
637600230 2.58993 0.602495 695 1.10714
637632998 0 0 42 1
637567464 8.91445 0.764027 1391 1.01442
637600232 2.77649 0.249915 4322 1.16102
637633000 8.59793 0.374411 5606 1.0865
637567466 6.75105 0.665362 1422 1.07965
637600234 2.67466 0.244992 4337 1.0989
637633002 3.09181 0.238396 5272 1.14754
637567588 19.6949 0.460015 7474 1.0792
637600356 19.2053 1.85077 453 1.09211
637633124 14.2857 9.3522 14 1.25
637567590 23.5473 0.45924 8536 1.3892
637600358 15.9574 1.54203 564 1.07075
637633126 0 0 21 1.2
637567592 2.5522 0.438576 1293 1.22222
637600360 9.98121 0.459362 4258 1.1466
637633128 10.6484 0.416871 5475 1.09539
637567594 5.6338 0.611878 1420 1.10784
637600362 2.09234 0.215847 4397 1.06897
637633130 4.08897 0.259029 5845 1.07921
637567716 10.2079 0.349495 7504 1.1682
637600484 4.95868 0.986771 484 1.21429
637633252 8 5.42586 25 1
637567718 17.4271 0.448087 7167 1.31637
637600486 16.7315 1.64637 514 1.12222
637633254 5 4.8734 20 1
637567720 9.9162 0.789813 1432 1.0969
637600488 5.8713 0.360268 4258 1.11445
637633256 15.3056 0.483418 5547 1.0868
637567722 5.16432 0.619052 1278 1.04762
637600490 7.40546 0.424346 3808 1.07967
637633258 9.19301 0.416683 4808 1.07993
637571172 5.36625 0.369129 3727 1.10959
637603940 2.48963 0.709691 482 1.30137
637636708 5.55556 3.81769 36 2
637571174 6.09756 0.318116 5658 1.19764
637603942 3.57143 0.826625 504 1.19231
637636710 11.4286 5.37785 35 1.15385
637571176 8.44972 0.734987 1432 1.0553
637603944 6.25714 0.409377 3500 1.04536
637636712 8.63427 0.462811 3683 1.07383
637571178 4.15924 0.486676 1683 1.03378
637603946 3.39241 0.288045 3950 1.07419
637636714 3.49683 0.281418 4261 1.05492
637571300 9.41062 0.526875 3071 1.14908
637604068 2.48227 0.926492 282 1.06452
637636836 5.26316 5.12278 19 1
637571302 9.25516 0.393499 5424 1.17179
637604070 15.9919 1.6491 494 1.12
637636838 13.1579 5.48361 38 1.33333
637571304 18.9537 1.14779 1166 1.06838
637604072 13.4376 0.643044 2813 1.11277
637636840 18.0632 0.71292 2912 1.12192
637571306 5.97448 0.570827 1724 1.09955
637604074 7.56892 0.418735 3990 1.08008
637636842 6.26858 0.38155 4036 1.06061
637571428 4.85754 0.328528 4282 1.09494
637604196 3.4398 0.903376 407 1.04348
637636964 4.7619 4.64714 21 1.33333
637571430 14.246 0.447003 6114 1.24686
637604198 5.90631 1.06389 491 1.36134
637636966 9.52381 6.40564 21 1.22222
637571432 7.59339 0.655505 1633 1.07241
637604200 8.19843 0.443293 3830 1.04809
637636968 11.9212 0.518278 3909 1.04713
637571434 11.0255 0.76256 1687 1.04436
637604202 3.9794 0.299072 4272 1.04207
637636970 8.54911 0.417749 4480 1.04497
637571556 10.2997 0.441582 4738 1.18157
637604324 5.12334 0.960397 527 1.22222
637637092 4.54545 3.14022 44 1
637571558 1.71184 0.173212 5608 1.11355
637604326 4.86891 0.931337 534 1.05455
637637094 2.63158 2.59672 38 1
637571560 4.31607 0.523662 1506 1.11111
637604328 4.49353 0.330078 3939 1.14224
637637096 7.59615 0.410767 4160 1.06399
637571562 11.018 0.794799 1552 1.08405
637604330 2.59212 0.25331 3935 1.02542
637637098 4.66879 0.329841 4091 1.066
637571684 10.8836 0.521597 3565 1.0649
637604452 8.66426 1.69023 277 1.18421
637637220 15.3846 10.0068 13 1.25
637571686 6.03117 0.338677 4941 1.0773
637604454 2.53456 0.754453 434 1.19231
637637222 14.2857 6.613 28 1
637571688 9.62644 0.790558 1392 1.06402
637604456 11.175 0.533997 3481 1.13632
637637224 12.3839 0.552616 3553 1.18615
637571690 9.90305 0.78606 1444 1.07669
637604458 6.42592 0.399581 3766 1.06378
637637226 11.2907 0.515232 3773 1.10466
637571812 6.73522 0.401846 3890 1.11142
637604580 2.78638 0.915761 323 1.17949
637637348 20 8.94427 20 1
637571814 9.60569 0.446161 4362 1.09984
637604582 8.51648 1.46302 364 1.11765
637637350 28 8.97998 25 1
637571816 11.1033 0.835494 1414 1.03448
637604584 5.16304 0.364769 3680 1.05631
637637352 10.692 0.509045 3685 1.08867
637571818 8.79285 0.773042 1342 1.03636
637604586 8.52499 0.489016 3261 1.04735
637637354 18.9708 0.684166 3284 1.07963
637575268 6.58368 0.29166 7230 1.09806
637608036 3.50554 0.790003 542 1.08197
637640804 5.71429 3.92347 35 1
637575270 7.84384 0.29288 8427 1.11787
637608038 3.60656 0.754928 610 1.13636
637640806 0 0 40 1.33333
637575272 11.8859 0.91098 1262 1.04878
637608040 9.93597 0.460659 4217 1.05099
637640808 16.2385 0.510654 5216 1.08647
637575274 11.7084 0.872486 1358 1.05751
637608042 11.2201 0.488166 4180 1.0481
637640810 15.2442 0.480807 5589 1.05857
637575396 10.4124 0.355166 7395 1.09953
637608164 4.24528 0.799475 636 1.15385
637640932 0 0 33 1
637575398 14.5563 0.381335 8553 1.20128
637608166 10.1928 1.12288 726 1.31683
637640934 4.54545 3.14022 44 1
637575400 16.2433 1.02339 1299 1.03492
637608168 18.244 0.583224 4385 1.05461
637640936 19.3797 0.535473 5449 1.06098
637575402 8.47212 0.749335 1381 1.05181
637608170 9.54926 0.447976 4304 1.04154
637640938 17.5065 0.501814 5735 1.08628
637575524 10.8866 0.355647 7670 1.08505
637608292 3.69748 0.773594 595 1.16216
637641060 0 0 37 1
637575526 17.1576 0.417666 8148 1.075
637608294 7.44526 1.00298 685 1.14
637641062 3.84615 3.77146 26 1
637575528 6.1086 0.657676 1326 1.06186
637608296 5.20463 0.331265 4496 1.09215
637641064 4.39147 0.274331 5579 1.1335
637575530 11.7834 0.909738 1256 1.0356
637608298 3.65796 0.289325 4210 1.09016
637641066 4.76658 0.298399 5098 1.09577
637575652 8.03668 0.31569 7416 1.10862
637608420 4.38449 0.840807 593 1.02273
637641188 2.7027 2.66593 37 1
637575654 2.82079 0.204997 6523 1.17483
637608422 4.03361 0.806581 595 1.17742
637641190 0 0 28 1
637575656 9.41176 0.846443 1190 1.08305
637608424 5.95294 0.362948 4250 1.07643
637641192 12.8437 0.449998 5528 1.09496
637575658 10.0193 0.931953 1038 1.10368
637608426 4.40437 0.352785 3383 1.11797
637641194 12.7556 0.50849 4304 1.10166
637575780 16.1873 0.434177 7197 1.08828
637608548 12.3153 1.63088 406 1.13265
637641316 11.1111 6.04812 27 1.28571
637575782 16.01 0.41011 7995 1.43664
637608550 9.5064 1.25407 547 1.18125
637641318 4.34783 4.25226 23 1
637575784 20.2128 1.19571 1128 1.07674
637608552 14.4349 0.535386 4309 1.1275
637641320 24.122 0.581656 5410 1.26328
637575786 11.7969 0.901614 1280 1.09091
637608554 8.77318 0.43622 4206 1.10806
637641322 14.4758 0.471834 5561 1.12663
637575908 19.1698 0.472583 6938 1.07296
637608676 13.9265 1.52269 517 1.04688
637641444 14.2857 6.613 28 1.16667
637575910 14.2474 0.394761 7840 1.0878
637608678 11.5242 1.37666 538 1.0991
637641446 16.6667 7.60726 24 1.42857
637575912 18.6027 1.12898 1188 1.05602
637608680 10.6087 0.489426 3959 1.04378
637641448 19.2664 0.553836 5071 1.09404
637575914 20.6203 1.17134 1193 1.0744
637608682 12.1692 0.502552 4232 1.13095
637641450 15.7992 0.495514 5418 1.07007
637579364 8.95183 0.410491 4837 1.14145
637612132 4.73373 0.943121 507 1.2069
637644900 0 0 39 1.28571
637579366 9.55694 0.397806 5462 1.18857
637612134 13.3333 1.62986 435 1.13793
637644902 8 5.42586 25 1.22222
637579368 4.66384 0.518952 1651 1.08197
637612136 6.14895 0.375996 4082 1.05461
637644904 9.30401 0.451579 4138 1.09818
637579370 14.4317 0.888012 1566 1.07856
637612138 4.55863 0.338594 3795 1.09447
637644906 10.9005 0.492201 4009 1.08645
637579492 18.1999 0.573781 4522 1.06094
637612260 11.8492 1.3694 557 1.10656
637645028 0 0 33 1.13333
637579494 27.9467 0.598316 5625 1.14512
637612262 10.6762 1.30264 562 1.05645
637645030 8.82353 4.86433 34 1.35294
637579496 13.2326 0.832918 1655 1.0625
637612264 9.16928 0.466442 3828 1.04527
637645032 13.5782 0.532457 4139 1.05738
637579498 16.8005 0.895257 1744 1.07289
637612266 11.6067 0.517294 3834 1.07486
637645034 15.7351 0.577769 3972 1.11233
637579620 6.88997 0.368786 4717 1.10498
637612388 8.84956 1.33589 452 1.13699
637645156 6.66667 4.5542 30 1
637579622 10.957 0.408698 5841 1.31364
637612390 6.75182 1.07187 548 1.12844
637645158 2.94118 2.8976 34 1.22222
637579624 6.60848 0.620301 1604 1.08333
637612392 2.13294 0.227534 4032 1.11243
637645160 8.32145 0.425891 4206 1.07966
637579626 16.3534 0.925788 1596 1.08575
637612394 5.48914 0.355758 4099 1.07931
637645162 15.6854 0.548305 4399 1.1238
637579748 7.56895 0.386761 4677 1.19363
637612516 9.80392 1.38799 459 1.06977
637645284 8.82353 4.86433 34 1.42857
637579750 0 0 5630 0
637612518 0 0 469 0
637645286 0 0 22 0
637579752 7.99492 0.68318 1576 1.08052
637612520 3.02734 0.267717 4096 1.10956
637645288 6.24558 0.371489 4243 1.07951
637579754 0.686642 0.206318 1602 1.25
637612522 2.13198 0.230125 3940 1.15571
637645290 3.36946 0.276981 4244 1.1195
637579876 14.1226 0.548654 4029 1.13328
637612644 4.87805 1.12137 369 1.20896
637645412 17.3913 7.90342 23 1.23529
637579878 16.6117 0.534317 4852 1.12183
637612646 9.94764 1.53136 382 1.10976
637645414 19.3548 7.09583 31 1.15385
637579880 7.26525 0.679546 1459 1.08054
637612648 10.099 0.506789 3535 1.08508
637645416 12.3188 0.538414 3726 1.08664
637579882 15.0842 0.928735 1485 1.07931
637612650 8.98624 0.479244 3561 1.04717
637645418 16.9197 0.617377 3688 1.06889
637580004 8.70613 0.461429 3733 1.09603
637612772 13.2075 1.64425 424 1.07692
637645540 17.2414 7.01445 29 1.1
637580006 11.7804 0.416429 5993 1.29051
637612774 14.0389 1.61446 463 1.2027
637645542 17.1429 6.37049 35 1.52381
637580008 18.8341 1.06889 1338 1.09143
637612776 12.2754 0.567814 3340 1.15515
637645544 20.4442 0.680524 3512 1.18652
637580010 13.8695 0.869798 1579 1.08352
637612778 13.3317 0.532618 4073 1.09255
637645546 18.3189 0.584618 4378 1.07394
637583460 14.7584 0.406427 7616 1.137
637616228 3.663 0.803931 546 1.24561
637648996 0 0 25 2
637583462 8.32194 0.340382 6585 1.10198
637616230 2.48756 0.634247 603 1.41176
637648998 0 0 22 0
637583464 7.61456 0.688505 1484 1.07534
637616232 7.8265 0.412384 4242 1.11462
637649000 9.68155 0.400042 5464 1.0996
637583466 12.749 0.941459 1255 1.09783
637616234 6.09613 0.409604 3412 1.08929
637649002 7.80057 0.414206 4192 1.04555
637583588 10.1139 0.339229 7900 1.10117
637616356 4.36893 0.822229 618 1.10345
637649124 2.77778 2.73893 36 2
637583590 10.6527 0.333063 8580 1.08411
637616358 4.329 0.773068 693 1.10526
637649126 2.63158 2.59672 38 1
637583592 10.0798 0.810722 1379 1.09603
637616360 6.98998 0.384744 4392 1.09222
637649128 11.3805 0.412052 5940 1.05389
637583594 11.9524 0.811519 1598 1.06301
637616362 4.06504 0.296768 4428 1.0812
637649130 9.46568 0.389387 5652 1.08792
637583716 4.89466 0.242331 7927 1.11451
637616484 4.77658 0.837159 649 1.21951
637649252 6.45161 4.41237 31 1.5
637583718 7.6968 0.288055 8562 1.10163
637616486 3.17041 0.636816 757 1.14286
637649254 0 0 44 1
637583720 12.0991 0.880433 1372 1.02795
637616488 6.2629 0.366987 4359 1.09179
637649256 5.9465 0.3087 5869 1.08233
637583722 8.61917 0.8323 1137 1.08284
637616490 6.28383 0.372286 4249 1.06183
637649258 5.83929 0.313344 5600 1.03421
637583844 19.9541 0.46437 7407 1.10735
637616612 10.1512 1.40354 463 1.06667
637649380 17.6471 9.24594 17 1
637583846 10.0509 0.327152 8447 1.07685
637616614 4.11765 0.761973 680 1.17949
637649382 4.34783 4.25226 23 1
637583848 16.5388 1.08479 1173 1.09164
637616616 9.3617 0.447881 4230 1.08024
637649384 14.9862 0.484608 5425 1.1319
637583850 11.0278 0.857938 1333 1.05405
637616618 9.58152 0.445098 4373 1.08558
637649386 21.2467 0.542042 5695 1.08244
637583972 12.9663 0.392668 7319 1.12916
637616740 10.4784 1.46177 439 1.13725
637649508 10.5263 7.04059 19 1
637583974 27.8369 0.530493 7138 1.14805
637616742 17.732 1.7343 485 1.16463
637649510 17.3913 7.90342 23 1.375
637583976 14.2027 1.00602 1204 1.03492
637616744 9.27026 0.447131 4207 1.10253
637649512 21.6387 0.544844 5712 1.14653
637583978 20.5524 1.15171 1231 1.11015
637616746 8.95731 0.436149 4287 1.0904
637649514 18.631 0.526736 5464 1.10492
637584100 5.69629 0.265529 7619 1.15394
637616868 2.26244 0.577514 663 1.2
637649636 4.08163 2.82664 49 1
637584102 7.10731 0.290248 7837 1.06648
637616870 11.3924 1.26382 632 1.11834
637649638 11.1111 5.23783 36 1.08333
637584104 4.1181 0.553895 1287 1.02479
637616872 3.13089 0.267198 4248 1.10959
637649640 16.4269 0.493763 5631 1.14997
637584106 11.5773 0.89186 1287 1.13889
637616874 2.40654 0.234253 4280 1.0375
637649642 13.7073 0.463411 5508 1.08232
637587556 11.0535 0.505077 3854 1.11211
637620324 4.08163 0.999367 392 1.12903
637653092 9.67742 5.31003 31 1.14286
637587558 6.83453 0.347202 5282 1.15182
637620326 2.53456 0.754453 434 1.29032
637653094 3.33333 3.27731 30 1
637587560 7.21721 0.681689 1441 1.07609
637620328 5.71587 0.386695 3604 1.06875
637653096 5.06433 0.362786 3653 1.09298
637587562 29.8611 1.10093 1728 1.07062
637620330 13.803 0.556123 3847 1.05038
637653098 24.815 0.678392 4054 1.06659
637587684 19.7674 0.613484 4214 1.11282
637620452 6.49895 1.12868 477 1.08511
637653220 5.88235 4.03526 34 1
637587686 10.6178 0.42344 5293 1.14802
637620454 8.03922 1.20399 510 1.10227
637653222 27.5862 8.29961 29 1.125
637587688 10.1942 0.745332 1648 1.05714
637620456 5.48156 0.364297 3904 1.0444
637653224 7.08661 0.408955 3937 1.05166
637587690 14.2857 0.860939 1652 1.0445
637620458 7.56173 0.424007 3888 1.05598
637653226 7.1199 0.404333 4045 1.06847
637587812 8.60049 0.416889 4523 1.10873
637620580 0.660066 0.328942 606 1.13333
637653348 5.88235 3.29478 51 1
637587814 5.67529 0.310068 5568 1.10708
637620582 10.9737 1.22881 647 1.09091
637653350 12.9032 6.02101 31 1
637587816 8.09399 0.696825 1532 1.06331
637620584 4.9952 0.337593 4164 1.0542
637653352 9.92436 0.45265 4363 1.09406
637587818 14.9677 0.906159 1550 1.11095
637620586 6.28884 0.382742 4023 1.05016
637653354 10.4326 0.458858 4438 1.11381
637587940 12.303 0.503793 4251 1.13483
637620708 5.12249 1.0404 449 1.08772
637653476 6.25 4.27908 32 1.16667
637587942 0 0 4911 0
637620710 0 0 431 0
637653478 0 0 35 0
637587944 6.70431 0.66439 1417 1.07619
637620712 3.70469 0.308352 3752 1.08052
637653480 11.8437 0.509697 4019 1.11398
637587946 6.99346 0.652014 1530 1.03911
637620714 6.87649 0.411538 3781 1.04785
637653482 11.1919 0.508032 3851 1.05435
637588068 17.8133 0.624824 3750 1.11665
637620836 7.59804 1.31178 408 1.11111
637653604 11.1111 6.04812 27 1.16667
637588070 14.8402 0.520601 4663 1.15243
637620838 10.0917 1.66575 327 1.04444
637653606 23.8095 9.29429 21 1.15
637588072 4.17219 0.514564 1510 1.05051
637620840 2.5446 0.255056 3812 1.04592
637653608 6.34648 0.381632 4081 1.10083
637588074 12.4191 0.838775 1546 1.11201
637620842 3.50781 0.304563 3649 1.05532
637653610 11.9647 0.530977 3736 1.06374
637588196 6.46502 0.373661 4331 1.09809
637620964 3.51171 0.752741 598 1.14085
637653732 5.71429 3.92347 35 1.18182
637588198 10.499 0.417497 5391 1.0941
637620966 2.21402 0.632018 542 1.18462
637653734 2.04082 2.01988 49 1.09091
637588200 7.05959 0.651881 1544 1.04237
637620968 4.16667 0.311016 4128 1.06719
637653736 13.154 0.530969 4052 1.06352
637588202 4.01052 0.503092 1521 1.03419
637620970 2.61614 0.249581 4090 1.0495
637653738 7.15462 0.395394 4249 1.07339
