637566989 96.2372 0.168311 12783 3.05219
637632525 99.252 0.0917226 8824 3.14907
637566993 98.2962 0.119744 11680 2.42493
637632529 98.3234 0.126035 10378 2.77912
637566997 96.4739 0.692674 709 2.3531
637632533 95.3892 0.182482 13208 2.25938
637567001 92.8674 0.271064 9015 1.71687
637632537 94.0147 0.26244 8170 1.78387
637567005 95.7031 0.180393 12637 2.98941
637632541 98.9967 0.104646 9070 3.21933
637567117 95.935 0.206992 9102 2.84403
637632653 99.4047 0.100331 5879 3.02091
637567121 94.2449 0.216656 11555 2.9693
637632657 98.33 0.125182 10479 3.0694
637567125 95.6195 0.190236 11574 1.91721
637632661 96.7263 0.151776 13746 2.79807
637567129 97.0305 0.155905 11854 2.46506
637632665 97.3376 0.156974 10517 2.75677
637567133 95.8963 0.173256 13110 3.16511
637632669 98.3396 0.13444 9034 3.29549
637567245 95.4672 0.183111 12906 2.77761
637632781 98.9903 0.105305 9013 3.21902
637567249 95.8648 0.209919 8996 2.24125
637632785 98.5472 0.129518 8535 2.76222
637567253 97.5351 0.155842 9899 2.69028
637632789 97.4566 0.14147 12385 2.83888
637567257 95.4049 0.194228 11621 2.36537
637632793 97.4795 0.152009 10633 2.77103
637567261 94.4905 0.201845 12778 2.94444
637632797 97.908 0.14978 9130 3.1933
637567373 95.7502 0.17846 12777 3.02579
637632909 98.8598 0.111169 9121 3.25484
637567377 98.2276 0.120647 11961 2.74443
637632913 98.1013 0.132316 10639 2.89232
637567381 98.4802 0.119608 10462 2.54265
637632917 97.9698 0.12252 13250 2.54797
637567385 97.9379 0.229603 3831 2.49432
637632921 98.5897 0.124754 8934 2.76856
637567389 95.3686 0.184646 12955 3.06173
637632925 98.7279 0.117355 9119 3.36292
637567501 95.8674 0.175595 12849 2.72374
637633037 99.0318 0.102135 9192 3.21778
637567505 97.7802 0.146336 10136 2.7166
637633041 92.4731 2.73573 93 2.76087
637567509 98.2136 0.119361 12315 2.46081
637633045 98.4048 0.10894 13227 2.75851
637567513 97.5899 0.142282 11618 2.24258
637633049 97.7628 0.143085 10683 2.52083
637567517 95.1604 0.192416 12439 3.08688
637633053 97.8893 0.151107 9049 3.26703
637567629 96.3106 0.165607 12956 3.01808
637633165 99.0352 0.102942 9017 3.1518
637567633 97.8124 0.136559 11474 2.64698
637633169 98.4921 0.117941 10677 2.91647
637567637 97.8147 0.133527 11989 2.72256
637633173 97.0001 0.1481 13267 2.77979
637567641 96.7497 0.164877 11568 2.50681
637633177 97.1515 0.159462 10883 2.91138
637567645 95.3956 0.186414 12640 2.47976
637633181 97.9759 0.147299 9140 2.58844
637567757 96.2122 0.171015 12461 2.78369
637633293 99.2524 0.0916812 8828 3.18664
637567761 98.2473 0.122843 11411 2.64044
637633297 98.7153 0.10986 10508 2.94251
637567765 98.7234 0.102546 11985 2.49672
637633301 97.4565 0.138432 12935 2.57633
637567769 97.8524 0.135725 11408 2.84779
637633305 98.5203 0.117971 10475 3.11672
637567773 95.1899 0.188019 12952 2.9942
637633309 98.621 0.122981 8992 3.30118
637567885 94.8936 0.196937 12494 2.23897
637633421 97.4672 0.168586 8686 2.3818
637567889 93.3081 0.2316 11641 2.70551
637633425 98.5396 0.115331 10819 2.92493
637567893 98.1396 0.123694 11933 2.71682
637633429 96.8961 0.149441 13467 2.9256
637567897 96.1987 0.177138 11654 2.73229
637633433 94.1909 0.228082 10518 2.08748
637567901 94.3657 0.201339 13116 2.86702
637633437 98.7026 0.119164 9018 3.25143
637568013 95.0777 0.19122 12799 2.92025
637633549 99.0936 0.102169 8605 3.25671
637568017 96.4776 0.170245 11725 2.68558
637633553 98.3808 0.122814 10561 2.74989
637568021 97.9195 0.131797 11728 2.76484
637633557 97.1519 0.145943 12991 2.67314
637568025 97.4635 0.146542 11512 2.90596
637633561 98.3288 0.124211 10651 3.05067
637568029 93.4681 0.221748 12416 2.31601
637633565 98.3179 0.137567 8739 3.04006
637568141 95.8712 0.176101 12764 2.80491
637633677 96.6472 0.194564 8560 3.00425
637568145 96.3509 0.172536 11811 2.73531
637633681 98.4132 0.122182 10461 2.82631
637568149 98.1098 0.128889 11163 2.56851
637633685 97.7586 0.132202 12537 2.53416
637568153 97.4125 0.147197 11633 3.04517
637633689 98.4915 0.12025 10275 3.21218
637568157 95.1968 0.23005 8640 2.93022
637633693 98.2453 0.171371 5870 3.25682
637568269 86.8113 0.30106 12632 2.86938
637633805 98.925 0.107463 9209 3.33722
637568273 97.1211 0.154781 11671 2.84668
637633809 98.5701 0.115916 10490 3.07603
637568277 97.3177 0.147921 11930 2.72976
637633813 96.8966 0.150141 13340 2.66707
637568281 97.256 0.150107 11844 2.71834
637633817 97.5042 0.149985 10818 2.94107
637568285 94.6472 0.198538 12853 2.7371
637633821 98.8679 0.111456 9010 3.12982
637568397 95.9905 0.174808 12595 2.75689
637633933 98.2554 0.137141 9114 3.08367
637568401 97.4591 0.146046 11610 2.64915
637633937 98.5417 0.116656 10560 3.06865
637568405 98.1695 0.12284 11909 2.50173
637633941 97.6741 0.13077 13285 2.42314
637568409 85.1069 0.329282 11690 2.57292
637633945 97.5915 0.148131 10712 2.90836
637568413 90.3115 0.261362 12809 2.45229
637633949 98.7102 0.119498 8916 2.60745
637569037 97.3368 0.152463 11152 2.88723
637634573 99.0193 0.0887172 12338 3.12531
637569041 98.5189 0.116951 10668 2.45787
637634577 98.8317 0.103887 10699 2.52022
637569045 98.8235 0.389843 765 2.62886
637634581 98.8296 0.099045 11791 2.49781
637569049 89.8834 0.332316 8234 2.50158
637634585 98.8584 0.11645 8322 2.54616
637569053 96.8041 0.166888 11108 2.52117
637634589 96.458 0.165279 12507 2.34745
637569165 97.2219 0.178689 8459 2.81637
637634701 98.6701 0.120596 9023 2.99231
637569169 98.4132 0.122924 10335 2.8821
637634705 97.0916 0.161983 10762 2.54219
637569173 99.0994 0.092475 10437 2.36324
637634709 98.9214 0.0923307 12516 2.51689
637569177 88.6288 0.304744 10852 1.65005
637634713 94.7763 0.213948 10816 1.9282
637569181 96.9968 0.159706 11421 2.70608
637634717 98.6496 0.103172 12515 2.93556
637569293 96.6725 0.17172 10909 2.88855
637634829 98.6894 0.102932 12208 3.16846
637569297 97.9366 0.157542 8142 2.52711
637634833 98.0122 0.14709 9005 2.65948
637569301 98.6955 0.117334 9352 2.44472
637634837 98.9943 0.094555 11136 2.55979
637569305 98.3782 0.123376 10482 2.51507
637634841 98.4416 0.119296 10780 2.71247
637569309 97.3015 0.154457 11006 3.17682
637634845 98.8131 0.0969854 12469 3.29782
637569421 97.157 0.159159 10904 2.88882
637634957 98.3488 0.114089 12476 2.76658
637569425 0 0 10861 0
637634961 92.383 0.256135 10726 1.65482
637569429 98.6488 0.117256 9695 2.24686
637634965 98.6228 0.107122 11836 2.33774
637569433 97.8073 0.377491 1505 2.06098
637634969 98.1942 0.138469 9248 2.35359
637569437 96.8775 0.165462 11049 2.9361
637634973 98.8144 0.0972035 12399 3.03489
637569549 96.9875 0.164824 10755 2.8324
637635085 98.6783 0.1019 12560 2.86127
637569553 98.611 0.113381 10655 2.85692
637635089 92.5532 2.7078 94 2.86598
637569557 98.7453 0.106521 10919 2.5261
637635093 98.6528 0.106453 11728 2.48678
637569561 98.1501 0.13091 10595 2.35997
637635097 89.2986 0.297558 10793 1.7476
637569565 96.86 0.167596 10828 2.99206
637635101 98.5376 0.107607 12445 3.35766
637569677 97.3078 0.151819 11366 2.81817
637635213 98.3323 0.114668 12472 2.82418
637569681 98.4102 0.123527 10253 2.47646
637635217 98.7593 0.106517 10800 2.6744
637569685 98.5762 0.114284 10746 2.40554
637635221 98.5289 0.110382 11896 2.35487
637569689 97.5031 0.151745 10573 2.39129
637635225 98.5679 0.11311 11033 2.62351
637569693 97.088 0.161155 10886 2.73298
637635229 98.5679 0.105975 12569 2.93608
637569805 97.1647 0.15925 10863 2.66062
637635341 98.6528 0.104167 12248 3.04
637569809 98.428 0.122156 10369 2.7321
637635345 98.6428 0.111939 10684 2.7377
637569813 98.9207 0.0996657 10748 2.39693
637635349 98.7912 0.100827 11747 2.27213
637569817 98.771 0.107544 10496 2.75159
637635353 98.6352 0.111794 10771 2.7298
637569821 97.1098 0.156783 11418 3.0304
637635357 98.7751 0.0987435 12409 3.04981
637569933 97.304 0.154839 10942 2.87948
637635469 98.6773 0.102917 12323 3.12645
637569937 94.9048 0.213999 10559 1.75824
637635473 94.6793 0.215158 10882 1.80709
637569941 99.0953 0.0909769 10832 2.69844
637635477 98.7438 0.10192 11941 2.72661
637569945 97.5465 0.151154 10475 2.33298
637635481 98.5193 0.116186 10806 2.4974
637569949 96.8355 0.163444 11471 2.71144
637635485 98.7304 0.100042 12524 2.98199
637570061 97.1947 0.156077 11193 2.84864
637635597 98.6669 0.103719 12227 3.09905
637570065 98.4415 0.120381 10587 2.64691
637635601 98.7256 0.108577 10672 2.86338
637570069 98.618 0.113973 10492 2.4734
637635605 92.7197 0.241877 11538 2.62772
637570073 98.2339 0.128695 10475 2.20947
637635609 98.8343 0.103241 10809 2.72097
637570077 97.426 0.151561 10917 2.5851
637635613 98.7178 0.103328 11855 3.05299
637570189 93.8255 0.229356 11013 2.3749
637635725 98.5622 0.108528 12032 2.8284
637570193 98.0139 0.135047 10674 2.31449
637635729 98.6801 0.111212 10531 2.74986
637570197 98.7368 0.111818 9975 2.41012
637635733 98.6025 0.110754 11234 2.30741
637570201 96.1079 0.187526 10637 1.95075
637635737 97.0107 0.165106 10638 2.05441
637570205 97.2824 0.193444 7065 2.86597
637635741 98.6222 0.13106 7911 3.00856
637570317 95.0467 0.207618 10922 2.77962
637635853 98.7339 0.0997727 12558 2.96405
637570321 98.2135 0.12811 10691 2.58432
637635857 98.8702 0.10298 10533 2.72711
637570325 98.9604 0.0981619 10677 2.32125
637635861 97.4641 0.144062 11909 2.43589
637570329 87.2136 0.320976 10824 1.79481
637635865 94.9923 0.207926 11003 2.09261
637570333 97.3811 0.150725 11226 2.64732
637635869 98.2754 0.116867 12409 2.44643
637570445 97.3889 0.156242 10417 2.48354
637635981 98.452 0.110279 12532 2.57117
637570449 98.4714 0.120292 10402 2.6838
637635985 97.4369 0.152848 10690 2.78704
637570453 99.3545 0.0774535 10690 2.52631
637635989 99.0412 0.0897672 11785 2.83142
637570457 98.5325 0.116632 10630 2.74031
637635993 98.7715 0.105081 10989 2.88948
637570461 96.9643 0.162356 11167 2.58239
637635997 98.5932 0.10559 12440 2.61174
637567021 98.2359 0.113099 13548 2.65662
637632557 96.4489 0.189975 9490 3.02215
637567025 97.6923 0.167245 8060 1.78225
637599793 96.0316 0.23623 6829 1.84447
637632561 98.0593 0.184923 5565 2.05458
637567029 98.7043 0.144832 6097 2.44464
637599797 98.5762 0.137301 7445 2.0629
637632565 99.1028 0.112526 7022 2.33944
637567033 100 0 1 2
637599801 98.388 0.170451 5459 2.16898
637632569 97.2396 0.219344 5579 2.19163
637567037 98.3453 0.109884 13477 2.70764
637632573 96.1791 0.19888 9291 2.78239
637567149 97.8332 0.127397 13061 2.47662
637632685 62.6027 0.503036 9252 2.2921
637567153 98.4285 0.140578 7827 1.91095
637599921 97.9556 0.171623 6799 2.23032
637632689 98.1743 0.180002 5532 2.31384
637567157 98.2646 0.171173 5820 2.11937
637599925 98.8668 0.116838 8207 2.29791
637632693 99.1192 0.109616 7266 2.32273
637567161 94.8947 0.245017 8070 2.01324
637599929 97.3984 0.193537 6765 1.91028
637632697 97.9213 0.194366 5388 2.33328
637567165 97.8651 0.125768 13209 2.40989
637632701 95.4492 0.215411 9361 2.65132
637567277 98.0086 0.121336 13257 2.84543
637632813 95.7893 0.205544 9547 2.96516
637567281 98.6936 0.151897 5588 2.16999
637600049 97.9646 0.171492 6780 2.39498
637632817 98.4727 0.197315 3863 2.17982
637567285 92.38 0.346799 5853 2.13469
637600053 98.9308 0.119645 7389 2.3394
637632821 90.8512 0.342827 7072 1.98468
637567289 98.364 0.164749 5929 2.25049
637600057 97.8445 0.201469 5196 2.4245
637632825 96.8517 0.270702 4161 2.3284
637567293 97.7725 0.126741 13558 2.58849
637632829 94.6928 0.230731 9440 2.77961
637567405 97.5625 0.135014 13046 2.48875
637632941 95.5569 0.209938 9633 2.72376
637567409 97.9148 0.160144 7961 1.79344
637600177 98.0401 0.168908 6735 2.25819
637632945 97.3416 0.22088 5304 2.43085
637567413 98.7902 0.140739 6034 2.04285
637600181 98.1327 0.161004 7069 1.88395
637632949 97.8003 0.174166 7092 1.77961
637567417 89.1606 0.409404 5766 1.94575
637600185 97.2532 0.201905 6553 2.09004
637632953 98 0.230158 3700 2.01269
637567421 97.6048 0.133118 13193 2.68346
637632957 96.6379 0.182773 9726 2.8897
637567533 6.61587 0.215886 13256 1.10727
637633069 96.4104 0.189759 9611 2.94864
637567537 98.8391 0.119043 8097 2.02673
637600305 98.1868 0.160062 6949 2.26584
637633073 98.2589 0.173459 5686 2.32288
637567541 98.8688 0.13444 6188 1.92826
637600309 98.7717 0.127271 7490 2.13437
637633077 73.4168 0.52118 7185 2.04762
637567545 98.4725 0.150829 6612 2.12484
637600313 97.6479 0.203851 5527 2.21596
637633081 97.2357 0.243802 4522 2.11768
637567549 97.424 0.137088 13354 2.75621
637633085 95.1033 0.222166 9435 2.8271
637567661 98.212 0.1151 13255 2.26305
637633197 96.1647 0.199898 9230 2.91823
637567665 89.3222 0.346957 7923 1.8764
637600433 96.5558 0.221244 6794 2.05997
637633201 98.399 0.168342 5559 2.28169
637567669 98.9713 0.128941 6124 2.02757
637600437 98.6298 0.135406 7371 2.22
637633205 98.5116 0.142154 7256 2.16294
637567673 98.7819 0.1223 8045 2.01671
637600441 97.3918 0.192386 6863 2.24697
637633209 97.345 0.214601 5612 2.02932
637567677 97.9634 0.130391 11735 2.21559
637633213 96.1804 0.197701 9399 2.20858
637567789 98.3121 0.111821 13271 2.5397
637633325 88.5717 0.326523 9494 1.98983
637567793 98.5477 0.135621 7781 2.36692
637600561 98.3079 0.157137 6737 2.37449
637633329 98.5651 0.161298 5436 2.5576
637567797 99.0317 0.126525 5990 2.33992
637600565 98.2575 0.150909 7518 1.88805
637633333 98.7068 0.132514 7269 2.23383
637567801 98.8054 0.139944 6027 2.37086
637600569 97.7926 0.202679 5255 2.45946
637633337 98.2219 0.239804 3037 2.68743
637567805 98.049 0.116921 13993 2.46778
637633341 96.1651 0.196571 9544 2.80563
637567917 97.6583 0.132724 12982 2.16223
637633453 95.3706 0.22034 9094 2.35095
637567921 98.0023 0.15684 7959 2.24392
637600689 97.9264 0.172199 6848 2.42098
637633457 98.1186 0.181869 5581 2.58576
637567925 99.0826 0.120958 6213 2.18148
637600693 98.2619 0.151693 7422 2.47723
637633461 98.84 0.128135 6983 2.36446
637567929 98.5991 0.132633 7852 2.16406
637600697 98.3237 0.156367 6741 2.36322
637633465 98.204 0.177978 5568 2.22297
637567933 95.6247 0.178426 13142 1.83875
637633469 76.4131 0.435157 9518 1.57821
637568045 97.7866 0.127434 13328 2.74519
637633581 95.7643 0.206222 9538 2.96192
637568049 98.9178 0.115397 8039 2.10169
637600817 96.8777 0.210567 6822 2.38307
637633585 98.3493 0.16975 5634 2.5614
637568053 98.6227 0.149234 6099 2.23038
637600821 98.3051 0.14971 7434 2.36358
637633589 98.3282 0.15133 7178 2.28613
637568057 98.4608 0.137716 7991 2.11869
637600825 98.1601 0.164369 6685 2.22135
637633593 98.3354 0.172091 5527 2.23549
637568061 96.5348 0.172845 11197 1.52813
637633597 95.1266 0.242875 7859 2.19706
637568173 98.0912 0.118618 13307 2.82111
637633709 96.1126 0.198128 9518 2.76148
637568177 98.5981 0.130374 8132 2.61009
637600945 97.971 0.167361 7097 2.48567
637633713 98.6402 0.154917 5589 2.65834
637568181 98.8487 0.137805 5993 2.04809
637600949 98.5501 0.139144 7380 2.08712
637633717 92.5754 0.311184 7098 2.09767
637568185 98.7871 0.12434 7750 2.04348
637600953 98.3785 0.153342 6784 2.14102
637633721 98.3207 0.170843 5657 2.27297
637568189 97.2551 0.142672 13115 2.17245
637633725 96.1345 0.199477 9339 2.66368
637568301 97.4542 0.137309 13159 2.30701
637633837 95.2884 0.216809 9551 2.81534
637568305 89.3705 0.345481 7959 1.37093
637601073 98.0795 0.16811 6665 2.31931
637633841 98.852 0.142672 5575 2.41939
637568309 98.3572 0.16293 6087 1.8318
637601077 98.1566 0.158361 7215 2.05854
637633845 98.8097 0.128337 7141 2.42916
637568313 98.3129 0.143971 8002 2.16149
637601081 97.9343 0.170354 6971 2.35192
637633849 98.2288 0.177326 5533 2.63163
637568317 98.35 0.108847 13697 3.00328
637633853 96.6044 0.185986 9483 3.11927
637568429 97.3247 0.141889 12933 2.01624
637633965 96.5139 0.191153 9208 2.91834
637568433 98.4659 0.137256 8018 2.13966
637601201 98.3066 0.155228 6909 2.50444
637633969 98.1928 0.177318 5644 2.36788
637568437 98.9414 0.128645 6329 2.24814
637601205 98.543 0.138537 7481 2.39269
637633973 98.8035 0.129001 7104 2.48537
637568441 98.6923 0.127388 7953 2.11967
637601209 98.3113 0.153487 7047 2.31638
637633977 98.3396 0.170742 5601 2.68719
637568445 98.2227 0.114416 13335 2.84893
637633981 93.8404 0.247974 9400 2.70025
637569069 98.7193 0.151011 5544 2.4172
637601837 98.6274 0.127118 8378 2.44673
637634605 96.5142 0.221053 6885 2.67758
637569073 95.419 0.194928 11504 2.26958
637634609 98.1643 0.136709 9642 2.39869
637569077 85.0335 0.362311 9695 1.19735
637634613 97.7039 0.146198 10496 2.54287
637569081 100 0 2 1.4539
637634617 97.5138 0.158808 9613 2.28254
637569085 93.1213 0.332727 5786 1.55376
637601853 69.2912 0.507306 8268 1.54926
637634621 92.9546 0.31004 6813 1.92953
637569197 98.4944 0.166022 5380 2.20288
637601965 96.5026 0.203511 8149 2.35638
637634733 96.3743 0.229279 6647 2.35169
637569201 98.4503 0.115905 11357 2.09514
637634737 93.5311 0.251862 9538 2.2627
637569205 98.2139 0.133045 9910 2.29402
637634741 97.5698 0.146092 11110 2.40368
637569209 97.5903 0.143032 11495 2.51833
637634745 96.3334 0.192915 9491 1.87063
637569213 98.2616 0.174962 5580 2.26183
637601981 97.7916 0.162326 8196 2.0436
637634749 96.0543 0.234043 6919 2.35108
637569325 98.43 0.168949 5414 2.375
637602093 98.0497 0.152671 8204 2.70604
637634861 95.9849 0.236781 6874 2.66576
637569329 96.946 0.180675 9070 2.28232
637634865 94.4143 0.252236 8289 2.28993
637569333 97.9836 0.144045 9522 2.16027
637634869 89.6972 0.298999 10337 1.60255
637569337 97.0958 0.184721 8264 2.02715
637634873 94.3148 0.273675 7159 2.74639
637569341 83.1373 0.492405 5782 2.43533
637602109 97.9531 0.154922 8354 2.63755
637634877 93.0606 0.307154 6845 2.7226
637569453 93.2898 0.346931 5201 2.32987
637602221 90.9474 0.319309 8075 1.89552
637634989 96.0891 0.235498 6776 2.54636
637569457 93.0022 0.240253 11275 1.46888
637634993 89.8723 0.31249 9321 1.7259
637569461 96.9214 0.177975 9420 2.59316
637634997 98.6585 0.112615 10436 2.63972
637569465 97.8848 0.14835 9408 2.07298
637635001 96.308 0.216144 7611 2.04122
637569469 98.5562 0.164412 5264 2.39836
637602237 98.1211 0.150957 8090 2.34784
637635005 96.4682 0.222988 6852 2.45595
637569581 98.7958 0.148455 5398 2.48557
637602349 98.2169 0.146249 8188 2.79924
637635117 96.4125 0.224136 6885 2.83465
637569585 98.6004 0.109188 11575 2.36451
637635121 97.5126 0.156604 9890 2.54632
637569589 88.9415 0.318087 9721 1.37811
637635125 82.5371 0.368158 10634 1.46571
637569593 97.9686 0.142891 9747 2.24209
637635129 97.6344 0.169133 8074 2.32869
637569597 98.1451 0.182851 5445 2.36511
637602365 97.9651 0.154931 8305 2.59633
637635133 95.6046 0.249381 6757 2.72626
637569709 98.3158 0.175064 5403 2.30801
637602477 98.0347 0.15336 8192 2.39859
637635245 96.3292 0.230647 6647 2.52573
637569713 98.636 0.108806 11364 2.16409
637635249 96.1506 0.196229 9612 2.2525
637569717 98.4695 0.12526 9605 2.39907
637635253 97.6613 0.146763 10604 1.81916
637569721 98.2355 0.12305 11448 2.11199
637635257 97.4012 0.16221 9620 2.32886
637569725 98.5089 0.16651 5298 2.20591
637602493 97.4044 0.187832 7166 2.02625
637635261 93.3304 0.302735 6792 2.03173
637569837 98.5141 0.161878 5586 2.22145
637602605 97.9512 0.156439 8200 2.26375
637635373 96.3128 0.22616 6943 2.20984
637569841 0 0 10959 0
637635377 97.4835 0.160383 9537 2.65895
637569845 96.2644 0.194252 9530 2.26163
637635381 96.3073 0.182104 10724 2.09239
637569849 98.6941 0.123702 8423 2.2654
637635385 97.8183 0.186403 6142 2.50682
637569853 98.5544 0.155658 5880 2.21287
637602621 98.2421 0.14179 8590 2.54828
637635389 96.4686 0.219807 7051 2.53447
637569965 98.6202 0.157179 5508 2.3051
637602733 97.7441 0.16487 8112 2.52033
637635501 96.5817 0.222479 6670 2.59477
637569969 94.6218 0.210958 11435 2.31636
637635505 97.6747 0.153551 9633 2.63336
637569973 98.3252 0.129683 9792 2.31297
637635509 97.4885 0.1532 10432 2.86144
637569977 98.7169 0.106982 11067 2.61649
637635513 96.3941 0.190055 9623 2.64827
637569981 52.2793 0.669133 5572 1.85604
637602749 95.3025 0.234632 8132 1.60456
637635517 94.3564 0.27831 6875 1.57945
637570093 98.6757 0.155029 5437 2.20178
637602861 98.209 0.144439 8431 2.22377
637635629 95.89 0.24009 6837 2.19946
637570097 98.6247 0.109352 11343 2.36646
637635633 95.4475 0.212277 9643 2.30112
637570101 98.2032 0.134219 9795 2.25569
637635637 98.0119 0.136801 10412 2.47116
637570105 87.374 0.312315 11310 1.83254
637635641 97.6859 0.1542 9507 2.22754
637570109 98.4352 0.181712 4665 2.18519
637602877 98.2766 0.156616 6905 2.31553
637635645 96.8178 0.234035 5625 2.4206
637570221 97.9024 0.195249 5387 1.82821
637602989 96.8233 0.193486 8216 2.04593
637635757 96.0522 0.237227 6738 1.97176
637570225 96.6528 0.167274 11562 1.95291
637635761 97.0208 0.171432 9835 2.17091
637570229 98.5443 0.123012 9480 2.08654
637635765 92.0564 0.265832 10348 2.31951
637570233 98.3664 0.120098 11141 2.47212
637635769 97.9464 0.145175 9544 2.5857
637570237 98.8003 0.14791 5418 2.07274
637603005 98.0515 0.154481 8006 2.01939
637635773 91.4916 0.342992 6617 2.27182
637570349 98.3713 0.177314 5096 2.4146
637603117 98.3149 0.141715 8249 2.57247
637635885 95.6528 0.246706 6832 2.48407
637570353 98.34 0.120701 11205 2.25754
637635889 97.851 0.148831 9493 2.45439
637570357 96.7405 0.18327 9388 1.7975
637635893 94.8713 0.216174 10412 1.86758
637570361 98.2386 0.122837 11468 2.46572
637635897 95.4761 0.210974 9704 1.98783
637570365 98.7754 0.147588 5553 2.47351
637603133 97.9809 0.15284 8469 2.45117
637635901 96.7714 0.213647 6845 2.53816
637570477 98.3746 0.171856 5414 2.30158
637603245 98.2467 0.146875 7985 2.48553
637636013 96.3828 0.230675 6552 2.394
637570481 86.4821 0.316561 11666 1.50264
637636017 93.256 0.254081 9742 1.71168
637570485 98.0002 0.141407 9801 1.96069
637636021 97.4974 0.151797 10589 2.01923
637570489 98.2584 0.122686 11369 2.46849
637636025 96.8511 0.175161 9940 2.51687
637570493 98.3862 0.166882 5701 2.22324
637603261 97.7013 0.166155 8135 2.15202
637636029 92.9328 0.308721 6891 1.60178
637567053 99.2599 0.13034 4324 2.87062
637632589 98.9519 0.145991 4866 3.00319
637567057 99.023 0.235799 1740 2.86692
637632593 98.418 0.193181 4172 2.23954
637567061 98.6952 0.173214 4292 2.65276
637632597 98.9025 0.152833 4647 2.66627
637567065 97.7303 0.223262 4450 2.0543
637632601 98.7537 0.173431 4092 2.32294
637567069 99.1001 0.143444 4334 2.5488
637632605 98.8835 0.152504 4747 2.5706
637567181 99.1361 0.304124 926 2.10411
637632717 98.0926 0.198029 4771 2.32503
637567185 98.3458 0.178988 5078 1.8953
637632721 97.7471 0.230969 4128 2.01533
637567189 98.98 0.149615 4510 2.25597
637632725 90.5865 0.421885 4791 1.62187
637567193 98.7488 0.156652 5035 1.73978
637632729 98.1178 0.212466 4091 1.79362
637567197 98.4422 0.188825 4301 1.94877
637632733 96.8797 0.255051 4647 1.60182
637567309 98.4831 0.185295 4351 2.59694
637632845 98.7024 0.163725 4778 2.63786
637567313 98.9195 0.174325 3517 2.22955
637632849 98.4685 0.212809 3330 2.37293
637567317 98.6755 0.175818 4228 2.25717
637632853 63.597 0.708274 4615 1.42022
637567321 99.0804 0.134968 5002 2.10832
637632857 98.2592 0.203363 4136 2.18826
637567325 98.5159 0.178629 4582 2.07181
637632861 98.2369 0.189544 4821 2.00206
637567437 98.5387 0.187266 4106 2.66908
637632973 96.2674 0.275274 4742 2.60372
637567441 98.7109 0.161365 4887 1.86097
637632977 98.5393 0.185656 4176 2.2855
637567445 98.9372 0.15937 4140 2.08711
637632981 96.7587 0.262084 4566 1.92416
637567449 98.5568 0.198692 3603 1.75914
637632985 98.419 0.217509 3289 1.97384
637567453 94.265 0.355735 4272 1.50364
637632989 98.899 0.150393 4814 2.35907
637567565 98.564 0.182532 4248 2.46992
637633101 98.6861 0.164441 4795 2.61644
637567569 98.6944 0.15966 5055 1.90064
637633105 98.1025 0.210128 4216 1.98233
637567573 98.4938 0.186856 4249 1.99892
637633109 98.1399 0.196431 4731 2.04692
637567577 98.6927 0.158667 5125 1.7578
637633113 98.3381 0.19698 4212 2.05884
637567581 98.675 0.171347 4453 2.20075
637633117 98.2293 0.191477 4744 2.28708
637567693 98.3875 0.192554 4279 2.3413
637633229 98.9973 0.144002 4787 2.36106
637567697 96.7035 0.25085 5066 1.55991
637633233 98.2701 0.202104 4162 2.26924
637567701 98.7474 0.169388 4311 2.05013
637633237 98.6732 0.167378 4673 2.15992
637567705 98.4719 0.175099 4908 1.84717
637633241 97.9433 0.218226 4230 1.93512
637567709 98.7941 0.163109 4478 1.95132
637633245 98.6825 0.183266 3871 2.17475
637567821 97.4522 0.237655 4396 2.10788
637633357 98.0063 0.2025 4765 2.19245
637567825 99.1698 0.130723 4818 2.47616
637633361 98.5021 0.187294 4206 2.33348
637567829 98.8129 0.21912 2443 2.15239
637633365 100 0 4 1.83333
637567833 99.0826 0.136134 4905 2.42615
637633369 98.6815 0.183407 3868 2.19617
637567837 98.6595 0.171892 4476 1.94758
637633373 98.3492 0.18304 4846 2.1536
637567949 98.6755 0.17276 4379 2.72959
637633485 98.4997 0.179258 4599 2.52707
637567953 98.6715 0.162438 4968 1.87622
637633489 98.1883 0.205923 4195 2.12048
637567957 98.7194 0.171561 4295 2.34697
637633493 99.0917 0.139516 4624 2.24065
637567961 99.1775 0.129519 4863 2.59709
637633497 93.9042 0.375856 4052 1.98378
637567965 98.8683 0.159143 4418 2.18305
637633501 96.5695 0.266515 4664 1.8568
637568077 99.0208 0.152178 4187 2.80772
637633613 98.7095 0.164157 4727 2.89261
637568081 98.1649 0.192722 4850 1.92604
637633617 98.3492 0.201518 3998 1.98797
637568085 98.8746 0.161526 4265 2.22701
637633621 98.5239 0.178998 4539 2.27398
637568089 99.0539 0.138835 4862 2.07445
637633625 71.909 0.706756 4044 1.96931
637568093 99.1734 0.137202 4355 2.57057
637633629 98.6458 0.166822 4800 2.84117
637568205 98.3659 0.192336 4345 2.43333
637633741 98.4927 0.175085 4843 2.65204
637568209 97.6002 0.230277 4417 2.32938
637633745 0 0 0 0
637568213 90.4795 0.446698 4317 1.46322
637633749 78.4946 0.596578 4743 1.47654
637568217 97.4217 0.22671 4887 2.23384
637633753 98.2879 0.20144 4147 2.43705
637568221 98.419 0.190206 4301 2.19543
637633757 98.8057 0.158637 4689 2.44707
637568333 99.1176 0.144428 4193 2.40994
637633869 97.711 0.216718 4762 2.45933
637568337 98.9067 0.147969 4939 2.20882
637633873 97.9192 0.223332 4085 2.24389
637568341 98.3455 0.196103 4231 1.76441
637633877 65.9243 0.70733 4490 1.54281
637568345 94.6686 0.322326 4858 1.75464
637633881 97.1158 0.257327 4230 1.89824
637568349 99.1186 0.157611 3517 2.9
637633885 98.7545 0.178643 3854 2.91706
637568461 98.8032 0.164967 4345 2.43463
637633997 98.4848 0.178448 4686 2.37013
637568465 99.2582 0.123175 4853 2.15509
637634001 98.7606 0.172467 4115 2.35969
637568469 98.1033 0.206207 4376 1.97761
637634005 98.4609 0.179986 4678 2.32524
637568473 98.4692 0.173112 5030 1.82738
637634009 98.9647 0.155267 4250 2.20797
637568477 0 0 4468 0
637634013 0 0 4718 0
637571149 98.5959 0.18151 4202 2.55438
637636685 98.8057 0.169585 4103 2.63956
637571153 98.6065 0.30196 1507 2.3236
637636689 98.1496 0.216048 3891 2.54295
637571157 98.6371 0.180875 4109 2.65322
637636693 98.7576 0.163531 4588 2.80066
637571161 98.7016 0.173935 4236 2.24663
637636697 98.2382 0.21333 3803 2.6679
637571165 93.1728 0.385653 4277 2.14659
637636701 98.0224 0.214913 4197 2.39092
637571277 98.5 0.429753 800 2.30089
637636813 98.4845 0.195806 3893 2.17779
637571281 99.0679 0.143153 4506 2.32356
637636817 98.8074 0.172917 3941 2.27198
637571285 97.0958 0.247215 4614 1.99824
637636821 98.8217 0.151221 5092 2.21271
637571289 97.1599 0.242742 4683 1.64395
637636825 82.7217 0.603526 3924 1.4667
637571293 98.7994 0.1671 4248 1.80284
637636829 98.7127 0.175689 4117 1.99894
637571405 98.9411 0.155302 4344 2.54158
637636941 98.9059 0.162203 4113 2.6931
637571409 98.4038 0.221728 3195 2.20555
637636945 98.5673 0.212034 3141 2.32245
637571413 98.9224 0.161583 4083 2.64942
637636949 99.1113 0.143521 4276 2.62482
637571417 98.8343 0.160703 4461 2.12101
637636953 98.8051 0.171439 4017 2.04109
637571421 89.3918 0.472808 4242 1.43065
637636957 95.6597 0.319985 4055 1.50684
637571533 98.6502 0.17454 4371 2.32684
637637069 98.5843 0.184566 4097 2.50462
637571537 97.3428 0.229055 4930 2.0912
637637073 97.8299 0.231452 3963 1.85997
637571541 90.5946 0.449295 4221 1.45007
637637077 89.3767 0.443418 4829 1.63329
637571545 98.9447 0.163945 3885 1.64567
637637081 97.8162 0.263868 3068 1.88202
637571549 98.4178 0.188962 4361 2.099
637637085 98.2081 0.201063 4353 2.239
637571661 98.0488 0.216014 4100 2.42147
637637197 98.8133 0.168524 4129 2.5846
637571665 98.8449 0.156276 4675 2.377
637637201 97.5062 0.245031 4050 2.15383
637571669 98.4222 0.257338 2345 2.0601
637637205 98.3923 0.252151 2488 1.91784
637571673 98.9996 0.14839 4498 1.85982
637637209 98.915 0.166507 3871 2.38345
637571677 98.705 0.175078 4170 2.19426
637637213 98.4647 0.196681 3908 2.3308
637571789 98.4346 0.189744 4280 2.01054
637637325 98.6532 0.178758 4158 2.44701
637571793 99.0298 0.145557 4535 2.40371
637637329 98.7278 0.182454 3773 2.3166
637571797 98.816 0.169883 4054 2.38733
637637333 98.843 0.161071 4408 2.09665
637571801 98.5955 0.172978 4628 1.72247
637637337 98.632 0.190247 3728 1.99016
637571805 98.9855 0.152168 4337 2.34658
637637341 98.8748 0.164972 4088 2.45529
637571917 92.2609 0.408586 4277 1.67792
637637453 95.9348 0.312836 3985 1.97573
637571921 98.7043 0.163486 4785 2.07958
637637457 98.6323 0.186585 3875 2.5392
637571925 99.0389 0.199445 2393 2.32119
637637461 80 17.8885 5 2.66667
637571929 98.8179 0.159915 4568 2.2055
637637465 97.3655 0.265314 3644 2.06915
637571933 98.5256 0.185868 4205 2.04562
637637469 98.9115 0.159615 4226 2.51227
637572045 98.9794 0.15137 4409 2.44903
637637581 98.9492 0.159406 4092 2.54931
637572049 91.6807 0.400294 4760 1.4603
637637585 98.3236 0.204614 3937 1.91988
637572053 98.9364 0.157704 4231 2.43066
637637589 98.7549 0.163886 4578 2.51055
637572057 98.0815 0.202538 4587 2.08234
637637593 98.4533 0.196491 3944 2.23988
637572061 98.7309 0.171603 4255 2.22182
637637597 98.7455 0.172876 4145 2.2389
637572173 90.6714 0.44638 4245 1.4404
637637709 93.1917 0.391384 4142 1.67292
637572177 98.8932 0.154119 4608 2.18152
637637713 98.7836 0.174504 3946 2.158
637572181 98.6604 0.176242 4255 2.31337
637637717 91.9623 0.402348 4566 2.24918
637572185 86.1722 0.533914 4180 2.05424
637637721 98.6063 0.191924 3731 2.15456
637572189 98.8985 0.15978 4267 2.39059
637637725 98.7918 0.17517 3890 2.63708
637572301 98.8205 0.164181 4324 2.41799
637637837 98.6873 0.174262 4266 2.37402
637572305 97.7199 0.24593 3684 2.33633
637637841 0 0 0 0
637572309 98.5165 0.191701 3977 1.97811
637637845 97.1475 0.25454 4277 2.25769
637572313 98.3614 0.194236 4272 2.13564
637637849 98.269 0.212841 3755 2.37165
637572317 98.7186 0.173261 4214 2.51003
637637853 98.447 0.197285 3928 2.72273
637572429 98.5738 0.184341 4137 2.19052
637637965 98.6984 0.179325 3995 2.33443
637572433 0 0 4702 0
637637969 0 0 3798 0
637572437 98.5394 0.187176 4108 1.85948
637637973 98.1949 0.196343 4598 1.8815
637572441 98.9183 0.15064 4715 2.27972
637637977 98.5868 0.189199 3892 2.38086
637572445 98.7975 0.169034 4158 2.0038
637637981 98.5588 0.194698 3747 2.29479
637572557 98.7585 0.169473 4269 2.65496
637638093 98.9318 0.160178 4119 2.59797
637572561 99.0725 0.149762 4097 2.34066
637638097 98.522 0.207467 3383 2.60949
637572565 99.004 0.152914 4217 2.34505
637638101 99.1024 0.139543 4568 2.56458
637572569 97.8358 0.217352 4482 1.84266
637638105 97.006 0.274982 3841 1.98363
637572573 98.5731 0.181388 4275 2.54354
637638109 98.8667 0.166144 4059 2.60048
637567085 86.9565 3.51119 92 1.87059
637632621 95.5556 3.07207 45 2.4
637567089 97.1239 0.555881 904 1.76758
637632625 96.7304 0.366468 2355 1.72317
637567093 99.0938 0.201714 2207 2.24367
637632629 98.2825 0.269215 2329 2.02342
637567097 97.3525 0.441546 1322 1.67896
637632633 77.6987 0.851477 2390 1.34029
637567101 92.1788 2.0069 179 1.8
637632637 82.3529 4.62297 68 1.44444
637567213 82.2785 4.29616 79 1.59091
637632749 97.8723 2.1049 47 1.62
637567217 88.7097 1.07418 868 1.17181
637632753 80.9281 0.846298 2155 1.34651
637567221 98.3433 0.273819 2173 1.88421
637632757 98.4658 0.265008 2151 1.95828
637567225 90.5286 0.793434 1362 1.24081
637632761 91.5027 0.570491 2389 1.53557
637567229 93.578 1.66033 218 1.80603
637632765 100 0 40 2.24074
637567341 97.549 0.765511 408 2.01389
637632877 94.3262 0.688806 1128 2.0262
637567345 97.7492 0.420548 1244 1.68807
637632881 98.2767 0.280863 2147 1.7845
637567349 98.5274 0.258401 2173 1.79156
637632885 97.8605 0.299316 2337 1.74876
637567353 98.0226 0.369981 1416 1.67423
637632889 98.0776 0.266583 2653 1.69472
637567357 80.6319 1.46464 728 1.56327
637632893 83.2 0.863407 1875 1.31282
637567469 94.5946 1.40507 259 2.34106
637633005 99.0818 0.275573 1198 2.53344
637567473 94.8864 1.66039 176 2.19689
637633009 97.8627 0.368059 1544 2.42168
637567477 98.4055 0.34517 1317 2.12727
637633013 98.5273 0.318984 1426 2.212
637567481 97.9138 0.533014 719 1.89607
637633017 98.647 0.286505 1626 1.88239
637567485 96.3855 1.18284 249 2.13131
637633021 98.8562 0.303937 1224 2.07069
637567597 98.6486 0.279866 1702 1.88407
637633133 98.8175 0.214613 2537 2.12571
637567601 98.8142 0.196453 3036 1.92069
637633137 98.918 0.174572 3512 2.1197
637567605 92.7804 0.447025 3352 1.64919
637633141 97.9603 0.236279 3579 1.70965
637567609 98.5963 0.215077 2992 1.8444
637633145 97.4389 0.271038 3397 1.89417
637567613 97.8261 0.358359 1656 1.67379
637633149 98.1074 0.267804 2589 2.15129
637567725 97.411 0.451711 1236 1.77466
637633261 97.5155 0.70824 483 2.13799
637567729 81.9865 0.705166 2970 1.89433
637633265 90.9246 0.484519 3515 2.06029
637567733 98.4712 0.212429 3336 1.81646
637633269 98.3775 0.207757 3698 1.95449
637567737 97.814 0.264124 3065 1.76253
637633273 98.5032 0.20405 3541 1.73152
637567741 97.2006 0.459986 1286 1.74096
637633277 98.1584 0.576984 543 2.33231
637567853 88.1481 2.78184 135 2.38211
637633389 96.1538 3.77147 26 3.18182
637567857 0 0 2869 0
637633393 0 0 3382 0
637567861 99.3461 0.180772 1988 2.38993
637633397 66.6667 27.2166 3 3
637567865 99.0488 0.193247 2523 2.01278
637633401 98.7621 0.192131 3312 2.2364
637567869 87.4286 2.50611 175 1.71341
637633405 100 0 26 1.9697
637567981 97.8067 0.417453 1231 1.90719
637633517 99.2991 0.403263 428 2.07832
637567985 98.5983 0.209831 3139 1.76518
637633521 98.8369 0.180589 3525 2.05532
637567989 97.9977 0.235233 3546 1.70727
637633525 93.3576 0.401128 3854 1.77678
637567993 98.3546 0.233115 2978 1.72579
637633529 97.273 0.273085 3557 1.98973
637567997 97.5853 0.442944 1201 1.98835
637633533 99.1189 0.438584 454 2.36511
637568109 98.5879 0.29892 1558 1.93889
637633645 98.2828 0.248321 2737 2.23399
637568113 97.6275 0.34194 1981 1.55626
637633649 92.7792 0.530332 2382 1.63003
637568117 95.5027 0.350758 3491 1.77187
637633653 98.4525 0.201617 3748 1.88269
637568121 98.8832 0.236759 1970 2.08109
637633657 98.6752 0.236357 2340 1.9952
637568125 97.8927 0.362945 1566 1.94994
637633661 98.574 0.223861 2805 2.06881
637568237 97.1185 0.428093 1527 1.74547
637633773 98.875 0.189094 3111 2.09417
637568241 91.1293 0.536644 2807 1.77319
637633777 97.5148 0.378681 1690 1.80871
637568245 98.4566 0.210359 3434 1.80156
637633781 98.4869 0.200662 3701 1.87995
637568249 97.7492 0.297372 2488 1.67529
637633785 82.0247 0.610109 3961 1.49693
637568253 97.1987 0.421169 1535 1.90468
637633789 98.1276 0.241475 3151 2.1386
637568365 98.5312 0.297605 1634 1.83971
637633901 98.3063 0.24495 2775 2.11401
637568369 97.7845 0.269672 2979 1.8581
637633905 98.3938 0.209204 3611 1.85251
637568373 97.0932 0.29082 3337 1.56213
637633909 97.5764 0.255204 3631 1.71998
637568377 98.0869 0.24667 3084 1.8319
637633913 98.4494 0.203783 3676 1.97552
637568381 97.6679 0.460947 1072 2.04414
637633917 95.357 0.47015 2003 2.02061
637568493 97.4432 0.594894 704 1.85885
637634029 99.2302 0.242501 1299 2.08627
637568497 99.1413 0.257795 1281 2.20301
637634033 98.6126 0.270199 1874 2.07369
637568501 92.5926 0.640094 1674 1.38462
637634037 88.2483 0.758202 1804 1.625
637568505 98.4115 0.343875 1322 2.04682
637634041 98.7565 0.25225 1930 1.94619
637568509 97.8134 0.558368 686 1.86346
637634045 98.3728 0.34409 1352 1.90045
637571181 90.6475 2.46965 139 1.94118
637636717 96.4286 3.50707 28 2.27273
637571185 98.3629 0.468708 733 2.01523
637636721 98.7375 0.200889 3089 2.14698
637571189 98.6544 0.194944 3493 1.98332
637636725 98.4655 0.198231 3845 2.05371
637571193 93.3908 0.50337 2436 1.42311
637636729 88.4161 0.563981 3220 1.43909
637571197 90.7407 2.27736 162 1.94231
637636733 89.6552 5.65523 29 1.94595
637571309 0 0 1 0
637636845 97.541 1.40215 122 2.01653
637571313 0 0 3037 0
637636849 0 0 3537 0
637571317 97.2708 0.280625 3371 1.81741
637636853 98.4975 0.202923 3594 1.80062
637571321 98.0833 0.249254 3026 1.63882
637636857 98.089 0.231225 3506 1.78694
637571325 94.4976 0.643928 1254 1.46494
637636861 94.2973 1.04652 491 1.65404
637571437 98.0928 0.344866 1573 1.9732
637636973 98.7553 0.218652 2571 2.32534
637571441 98.7943 0.29065 1410 1.87608
637636977 98.5203 0.223976 2906 1.97663
637571445 98.9768 0.174573 3323 1.7425
637636981 97.9516 0.238917 3515 1.77478
637571449 96.9034 0.351987 2422 1.82036
637636985 98.7597 0.19489 3225 1.90273
637571453 98.304 0.323612 1592 1.89325
637636989 98.7599 0.214537 2661 2.32193
637571565 98.1691 0.395853 1147 2.2835
637637101 98.0769 0.33153 1716 2.33351
637571569 97.7634 0.358746 1699 2.12361
637637105 98.6072 0.233774 2513 2.16809
637571573 98.1132 0.2955 2120 1.83712
637637109 98.3214 0.263166 2383 2.00299
637571577 0 0 1301 0
637637113 0 0 2043 0
637571581 98.6796 0.338673 1136 1.97002
637637117 98.374 0.294445 1845 2.22802
637571693 99.1726 0.311441 846 1.87355
637637229 98.8737 0.256923 1687 2.05598
637571697 98.1871 0.322635 1710 1.98533
637637233 99.0255 0.190184 2668 2.0785
637571701 97.9322 0.409266 1209 1.65584
637637237 97.5113 0.4278 1326 1.52929
637571705 98.4615 0.305316 1625 1.90252
637637241 98.5978 0.235355 2496 1.99713
637571709 96.9767 0.583878 860 1.93443
637637245 98.7407 0.266788 1747 2.12325
637571821 96.4981 1.14669 257 1.6787
637637357 97.2973 2.66593 37 2.12245
637571825 98.1707 0.330908 1640 1.69914
637637361 97.9131 0.294999 2348 1.72662
637571829 98.1243 0.314059 1866 1.79249
637637365 98.1043 0.33193 1688 1.73918
637571833 97.6837 0.386973 1511 1.59743
637637369 97.8553 0.297075 2378 1.62355
637571837 0 0 286 0
637637373 0 0 49 0
637571949 89.0411 2.58525 146 1.88148
637637485 97.6744 2.29838 43 2.69091
637571953 98.154 0.339607 1571 2.41662
637637489 98.2501 0.270886 2343 2.57876
637571957 97.807 0.395967 1368 2.59392
637637493 98.6193 0.518229 507 2.61905
637571961 98.8982 0.265738 1543 2.13769
637637497 98.8838 0.213604 2419 2.52546
637571965 90.5028 2.1913 179 1.75145
637637501 92.8571 3.97392 42 2.13725
637572077 97.9429 0.47986 875 2.22465
637637613 99.2506 0.248854 1201 2.29664
637572081 94.8138 0.571788 1504 2.00388
637637617 94.9271 0.509781 1853 2.07606
637572085 98.6087 0.282016 1725 1.8914
637637621 98.0436 0.327441 1789 1.97601
637572089 98.2289 0.344255 1468 1.88855
637637625 98.6588 0.266435 1864 1.74052
637572093 0 0 825 0
637637629 0 0 1181 0
637572333 97.155 0.409045 1652 1.67394
637637869 98.7062 0.208526 2937 2.00986
637572337 93.5881 0.504787 2355 1.5193
637637873 88.6981 1.19755 699 1.98668
637572341 98.3947 0.222974 3177 1.87931
637637877 89.3935 0.532245 3347 2.07786
637572345 98.2684 0.303445 1848 2.02839
637637881 98.6842 0.231066 2432 2.33641
637572349 98.5092 0.290187 1744 1.74119
637637885 98.4906 0.225832 2915 1.98998
637572589 98.7952 0.320056 1162 1.86688
637638125 98.4733 0.618504 393 2.47656
637572593 98.2109 0.335077 1565 1.87986
637638129 99.5956 0.152535 1731 2.06099
637572597 98.6568 0.194611 3499 1.94011
637638133 98.6757 0.184211 3851 2.45973
637572601 97.553 0.279075 3065 1.60601
637638137 98.5311 0.202202 3540 1.98829
637572605 97.2778 0.460452 1249 1.90943
637638141 97.4138 0.736857 464 1.92586
637575661 98.1526 0.381633 1245 2.0403
637641197 98.533 0.265863 2045 2.25063
637575665 98.7373 0.225357 2455 2.27089
637641201 98.6312 0.22657 2630 2.04559
637575669 98.692 0.226194 2523 1.94276
637641205 97.3208 0.301205 2874 1.99115
637575673 97.6962 0.402542 1389 1.77379
637641209 94.0385 0.519159 2080 1.3698
637575677 97.6705 0.435067 1202 2.14184
637641213 98.5615 0.265193 2016 2.05887
637579757 98.6111 0.796288 216 2.41994
637645293 84.3458 1.24197 856 2.1344
637579761 97.3783 0.691439 534 2.10931
637645297 98.2782 0.341375 1452 2.04908
637579765 99.2886 0.267919 984 2.0827
637645301 98.8029 0.33001 1086 2.09558
637579769 0 0 201 0
637645305 0 0 954 0
637579773 96.6667 1.23871 210 1.9557
637645309 99.5501 0.224465 889 2.35965
