637566980 91.7253 0.667398 1704 1.32168
637599748 78.5714 0.767803 2856 1.30496
637632516 84.9776 0.548252 4247 1.41959
637566982 94.5434 0.54435 1741 1.47679
637599750 84.8273 0.670016 2867 1.35959
637632518 77.9438 0.614547 4552 1.33428
637566984 75.3846 5.34303 65 1.12281
637599752 76.3855 2.08483 415 1.21039
637632520 91.4938 1.27069 482 1.23708
637566986 80.6452 5.01751 62 1.49296
637599754 83.5821 1.84758 402 1.16307
637632522 92.0177 1.27618 451 1.25933
637567108 96.0543 0.48339 1622 1.38908
637599876 89.443 0.586291 2747 1.44304
637632644 89.5648 0.480744 4044 1.58772
637567110 92.3267 0.662115 1616 1.3361
637599878 90.8453 0.5401 2851 1.38331
637632646 93.6596 0.350204 4842 1.48637
637567112 67.3469 6.6992 49 1.20833
637599880 83.6634 1.83932 404 1.27708
637632648 90.4762 1.43235 420 1.36822
637567114 88.6364 4.78452 44 1.53731
637599882 87.5949 1.6586 395 1.32791
637632650 90.6667 1.37131 450 1.33207
637567236 96.2392 0.472379 1622 1.33998
637600004 95.1161 0.398313 2928 1.50233
637632772 93.1243 0.38566 4305 1.57334
637567238 71.067 1.18592 1462 1.29123
637600006 63.2097 0.938193 2642 1.205
637632774 62.7613 0.753722 4114 1.23763
637567240 76.6667 5.46029 60 1.17742
637600008 79.5812 2.06248 382 1.11549
637632776 79.2627 1.9461 434 1.14059
637567242 91.5254 3.6258 59 1.30488
637600010 93.1707 1.24576 410 1.35123
637632778 93.3333 1.15677 465 1.23897
637567364 95.8428 0.47634 1756 1.37469
637600132 93.7252 0.460525 2773 1.4304
637632900 93.3057 0.379063 4347 1.52231
637567366 92.2593 0.6704 1589 1.53823
637600134 92.5419 0.512474 2628 1.56289
637632902 83.7384 0.548513 4526 1.46518
637567368 72.4638 5.3776 69 1.10169
637600136 61.6708 2.40995 407 1.06
637632904 65.9341 2.22182 455 1.16505
637567370 85.9155 4.12836 71 1.0875
637600138 66.5816 2.38247 392 1.17555
637632906 72.4444 2.10621 450 1.21911
637567492 80.8996 0.975743 1623 1.23217
637600260 90.4951 0.557547 2767 1.30567
637633028 86.5762 0.530664 4127 1.35734
637567494 38.3644 1.19243 1663 1.20633
637600262 83.2582 0.695091 2885 1.55852
637633030 89.4714 0.449898 4654 1.75564
637567496 69.3548 5.85495 62 1.16667
637600264 46.0674 2.64179 356 1.18878
637633032 65.2174 2.48278 368 1.19345
637567498 0 0 59 0
637600266 0 0 437 0
637633034 0 0 419 0
637567620 84.1166 0.891515 1681 1.23278
637600388 79.5829 0.771058 2733 1.25797
637633156 78.2218 0.634682 4229 1.34247
637567622 85.9566 0.904956 1474 1.30634
637600390 83.5606 0.731528 2567 1.3084
637633158 79.2171 0.624977 4215 1.31597
637567624 21.4286 5.48321 56 1
637600392 48.8608 2.51512 395 1.11064
637633160 64.186 2.31213 430 1.14477
637567626 81.6901 4.58985 71 1.07692
637600394 59.5361 2.49177 388 1.16901
637633162 66 2.23308 450 1.11549
637571076 78.9203 1.034 1556 1.2631
637603844 80.9171 0.8457 2159 1.41349
637636612 83.6903 0.670628 3035 1.49254
637571078 93.3421 0.64005 1517 1.35972
637603846 91.441 0.615186 2068 1.30873
637636614 89.0206 0.525229 3543 1.43185
637571080 91.4894 4.07022 47 1.2931
637603848 68.0297 2.01063 538 1.20047
637636616 80.5611 1.77153 499 1.24423
637571082 86.8852 4.32203 61 1.11429
637603850 84.4248 1.52556 565 1.16323
637636618 85.4902 1.55957 510 1.26783
637571204 97.1091 0.429479 1522 1.73649
637603972 94.0897 0.541715 1895 2.06478
637636740 94.8023 0.424691 2732 2.14348
637571206 94.3467 0.578818 1592 1.32669
637603974 90.1133 0.677323 1942 1.43302
637636742 91.8498 0.456325 3595 1.49338
637571208 92.4528 3.62839 53 1.23214
637603976 92.8952 1.08273 563 1.27534
637636744 94.6058 1.02896 482 1.27787
637571210 96.1538 2.66683 52 1.48529
637603978 94.8542 0.914999 583 1.33016
637636746 95.7565 0.865862 542 1.43034
637571332 83.1284 0.978773 1464 1.31061
637604100 90.4737 0.677268 1879 1.40732
637636868 88.7487 0.58348 2933 1.53522
637571334 94.125 0.58789 1600 1.50229
637604102 97.3566 0.358267 2005 2.06174
637636870 95.5998 0.331931 3818 2.32025
637571336 67.9245 6.41153 53 1.08696
637604104 91.3884 1.17607 569 1.25913
637636872 92.5926 1.127 540 1.30421
637571338 73.8462 5.45099 65 1.10526
637604106 77.5348 1.86089 503 1.12634
637636874 61.2595 2.12816 524 1.1347
637571460 87.5505 0.856439 1486 1.31111
637604228 76.0422 0.980497 1895 1.3369
637636996 84.7913 0.653676 3018 1.40597
637571462 87.1963 0.856183 1523 1.23642
637604230 78.1283 0.955926 1870 1.30653
637636998 77.4004 0.683982 3739 1.2687
637571464 88 4.59565 50 1.19231
637604232 74.4604 1.84941 556 1.19198
637637000 80.8468 1.7669 496 1.22555
637571466 77.0833 6.06646 48 1.23214
637604234 66.3586 2.03136 541 1.20941
637637002 64.1618 2.10488 519 1.22685
637571588 33.945 1.25793 1417 1.30423
637604356 32.2332 1.09613 1818 1.32274
637637124 39.7417 0.940041 2710 1.459
637571590 71.9675 1.22155 1352 1.18981
637604358 84.7987 0.826292 1888 1.28964
637637126 87.8759 0.583802 3126 1.40536
637571592 69.8113 6.3059 53 1.10909
637604360 44.4023 2.16434 527 1.13245
637637128 59.0592 2.05242 574 1.14914
637571594 9.80392 4.16398 51 1.16667
637604362 55.4639 2.25679 485 1.15635
637637130 53.5104 2.17266 527 1.14607
637571716 85.9331 0.917491 1436 1.23515
637604484 86.4649 0.817538 1751 1.30593
637637252 86.7889 0.655063 2672 1.3626
637571718 87.3427 0.879258 1430 1.25498
637604486 91.662 0.651792 1799 1.38682
637637254 90.3699 0.50548 3406 1.42395
637571720 38.4615 6.7466 52 1.42857
637604488 22.7915 1.76324 566 1.13174
637637256 50.2804 2.16165 535 1.2137
637571722 72.3077 5.55028 65 1.28125
637604490 68.7151 2.00081 537 1.13942
637637258 62.4506 2.15275 506 1.14392
637575172 90.5788 0.724891 1624 1.31346
637607940 79.0734 0.79931 2590 1.37211
637640708 62.6771 0.769367 3952 1.3871
637575174 91.6667 0.681654 1644 1.34011
637607942 90.1274 0.561123 2826 1.32809
637640710 93.2047 0.372601 4562 1.49304
637575176 81.6327 5.53168 49 1.09375
637607944 76.1905 2.19068 378 1.18127
637640712 82.598 1.87696 408 1.22146
637575178 88.7097 4.01923 62 1.18182
637607946 68.3099 2.25423 426 1.20809
637640714 74.5536 2.05783 448 1.25397
637575300 92.4985 0.655882 1613 1.47471
637608068 93.4991 0.464677 2815 1.49
637640836 91.0984 0.440509 4179 1.48494
637575302 92.5311 0.64005 1687 1.31741
637608070 83.1497 0.705748 2813 1.32966
637640838 84.5106 0.523803 4771 1.43465
637575304 89.4737 4.06489 57 1.42647
637608072 92.9752 1.16166 484 1.48249
637640840 92.4138 1.26951 435 1.46863
637575306 84.058 4.40694 69 1.24324
637608074 95.5789 0.943186 475 1.40037
637640842 96.6597 0.821008 479 1.56581
637575428 89.1108 0.790709 1552 1.6494
637608196 94.3225 0.431885 2871 1.64735
637640964 94.7197 0.341087 4299 1.7939
637575430 93.4252 0.620186 1597 1.41036
637608198 89.0741 0.600375 2700 1.7494
637640966 80.4889 0.593458 4459 1.78227
637575432 64.1026 7.68134 39 1.09677
637608200 77.0083 2.21463 361 1.15123
637640968 87.1734 1.6297 421 1.19523
637575434 89.4737 4.06489 57 1.13158
637608202 75.2273 2.05801 440 1.16095
637640970 75.6208 2.03999 443 1.17841
637575556 76.3427 1.0746 1564 1.29111
637608324 66.916 0.887924 2808 1.42907
637641092 69.1299 0.733636 3965 1.37355
637575558 37.3368 1.42697 1149 1.27292
637608326 40.0294 1.08452 2041 1.25704
637641094 38.6199 0.847031 3304 1.43623
637575560 58.9286 6.57414 56 1.20513
637608328 68.9342 2.20363 441 1.19035
637641096 80.574 1.85883 453 1.22222
637575562 81.25 4.8789 64 1.28986
637608330 77.0642 2.01345 436 1.17969
637641098 85.3503 1.62932 471 1.18935
637575684 90.7861 0.734152 1552 1.2721
637608452 89.0815 0.598977 2711 1.39321
637641220 89.3093 0.492395 3938 1.42305
637575686 88.3141 0.792552 1643 1.43773
637608454 83.4395 0.699257 2826 1.38605
637641222 81.1126 0.58039 4548 1.46431
637575688 67.2414 6.16264 58 1.25
637608456 58.7264 2.39095 424 1.08081
637641224 76.4317 1.99192 454 1.16553
637575690 42.5 7.81625 40 1.23684
637608458 46.7849 2.34954 451 1.1129
637641226 58.75 2.46142 400 1.13043
637575812 69.3593 1.21653 1436 1.18866
637608580 85.1712 0.68945 2657 1.28599
637641348 80.5879 0.643658 3776 1.40738
637575814 75.3333 1.06122 1650 1.2782
637608582 80.793 0.751327 2749 1.27913
637641350 84.4112 0.541718 4484 1.39241
637575816 88.2353 3.90712 68 1.17647
637608584 65.3307 2.1305 499 1.11392
637641352 75 1.95217 492 1.13306
637575818 64.7059 6.69172 51 1.08
637608586 28.9979 2.09523 469 1.10968
637641354 29.7297 2.37619 370 1.05369
637579268 84.0542 0.930201 1549 1.32216
637612036 76.5936 0.956148 1961 1.41797
637644804 78.9023 0.726724 3152 1.55843
637579270 96.1103 0.514182 1414 1.78352
637612038 41.9454 1.1195 1943 1.50028
637644806 93.6695 0.403117 3649 1.94957
637579272 74.5763 5.66884 59 1.35714
637612040 86.4865 1.40507 592 1.14186
637644808 83.7037 1.58935 540 1.26786
637579274 93.6508 3.07217 63 1.21951
637612042 80.1324 1.62352 604 1.22794
637644810 48.2546 2.26434 487 1.1746
637579396 94.1741 0.613225 1459 1.46509
637612164 94.3349 0.519922 1977 1.60413
637644932 83.6454 0.695139 2831 1.57714
637579398 89.3243 0.802697 1480 1.44374
637612166 93.0784 0.558422 2066 1.79427
637644934 95.2511 0.351362 3664 1.96573
637579400 0 0 63 0
637612168 92.0664 1.16088 542 1.31552
637644936 87.5 1.39754 560 1.36156
637579402 94.0298 2.8946 67 1.30488
637612170 83.8384 1.51033 594 1.20387
637644938 90.2033 1.27806 541 1.30269
637579524 86.4698 0.896404 1456 1.31124
637612292 85.4555 0.813743 1877 1.5178
637645060 84.0134 0.670219 2990 1.60182
637579526 91.1125 0.719548 1564 1.5152
637612294 73.2971 0.982885 2026 1.41192
637645062 83.5337 0.599593 3826 1.58271
637579528 81.4815 5.2861 54 1.27778
637612296 83.6431 1.59468 538 1.22524
637645064 87.8378 1.55115 444 1.21912
637579530 88.2353 4.51156 51 1.16667
637612298 73.3114 1.79537 607 1.14175
637645066 82.8185 1.65741 518 1.17647
637579652 75.1026 1.13092 1462 1.18723
637612420 79.3158 0.929228 1900 1.36347
637645188 87.6219 0.603998 2973 1.41984
637579654 79.8403 1.03484 1503 1.35609
637612422 81.2531 0.873802 1995 1.44383
637645190 77.9675 0.693478 3572 1.47758
637579656 53.8462 7.98268 39 1.04167
637612424 41.8219 2.24444 483 1.09502
637645192 60.0442 2.30132 453 1.12539
637579658 59.1837 7.02134 49 1.2
637612426 64.4483 2.00317 571 1.1963
637645194 82.4903 1.67633 514 1.24952
637579780 55.1829 1.37296 1312 1.13018
637612548 55.474 1.22912 1635 1.2094
637645316 74.705 0.834732 2712 1.19256
637579782 86.3267 0.934029 1353 1.22087
637612550 81.2171 0.944788 1709 1.24304
637645318 75.9951 0.744524 3291 1.25616
637579784 16.0714 4.90781 56 1.27273
637612552 46.1101 2.17143 527 1.09124
637645320 58.1921 2.14049 531 1.1039
637579786 59.2593 6.68645 54 1.14286
637612554 63.0219 2.15246 503 1.11813
637645322 62.0833 2.21453 480 1.11598
637579908 76.3176 1.11224 1461 1.41649
637612676 78.6456 0.911136 2023 1.48092
637645444 66.2615 0.90742 2715 1.49535
637579910 84.9664 0.925894 1490 1.32969
637612678 87.3079 0.741209 2017 1.49844
637645446 76.1253 0.69167 3799 1.50324
637579912 54.0984 6.3803 61 1.2
637612680 46.6055 2.13682 545 1.11039
637645448 40.0353 2.05768 567 1.13553
637579914 70.9677 5.76468 62 1.16393
637612682 64.5973 1.95885 596 1.15172
637645450 67.4074 2.01705 540 1.11514
637583364 95.6549 0.507934 1611 1.39751
637616132 95.1653 0.404426 2813 1.52722
637648900 95.1184 0.336652 4097 1.76065
637583366 92.9949 0.647043 1556 1.47219
637616134 89.2112 0.66053 2206 1.42094
637648902 86.0239 0.577979 3599 1.5409
637583368 74.1935 5.55714 62 1.35088
637616136 76.8041 2.1428 388 1.26158
637648904 82.6087 1.81317 437 1.17505
637583370 82.6923 5.24627 52 1.38028
637616138 89.2344 1.51599 418 1.31891
637648906 89.4737 1.40812 475 1.3283
637583492 96.5937 0.44737 1644 1.50972
637616260 96.2976 0.35289 2863 1.50293
637649028 93.1787 0.382075 4354 1.54384
637583494 81.3858 0.943168 1703 1.36435
637616262 21.383 0.77209 2820 1.25633
637649030 16.5694 0.536767 4798 1.5864
637583496 67.3469 6.6992 49 1.04878
637616264 79.1563 2.02338 403 1.14946
637649032 75.974 1.98771 462 1.19403
637583498 90.2439 4.63399 41 1.4
637616266 93.9024 1.32123 328 1.39943
637649034 96.5318 0.983671 346 1.4763
637583620 92.705 0.660753 1549 1.39634
637616388 94.4536 0.465656 2416 1.44327
637649156 88.8453 0.546604 3317 1.4463
637583622 65.1685 1.1586 1691 1.45343
637616390 94.0293 0.442748 2864 1.85104
637649158 57.9827 0.717759 4729 1.77652
637583624 74.5455 5.8737 55 1.25
637616392 67.2055 2.2561 433 1.26844
637649160 77.5176 2.02026 427 1.13002
637583626 87.7193 4.34732 57 1.11429
637616394 83.2041 1.90028 387 1.25495
637649162 87.8099 1.48714 484 1.23689
637583748 74.291 1.08514 1622 1.17297
637616516 90.7069 0.578592 2518 1.34261
637649284 87.5211 0.512942 4151 1.40444
637583750 44.3203 1.23766 1611 1.21449
637616518 61.9723 0.903025 2890 1.35842
637649286 55.1618 0.713901 4853 1.31515
637583752 62.2642 6.65822 53 1.09756
637616520 34.0326 2.28762 429 1.08421
637649288 42.7061 2.27441 473 1.09023
637583754 63.2653 6.88689 49 1.15385
637616522 60.3723 2.52246 376 1.11027
637649290 73.7557 2.09269 442 1.22098
637583876 53.9007 1.26572 1551 1.15132
637616644 50.9155 0.938076 2840 1.16624
637649412 42.0965 0.762908 4188 1.16505
637583878 54.9561 1.24618 1594 1.23164
637616646 0 0 2536 0
637649414 80.9095 0.621254 4002 1.47271
637583880 64.8148 6.49861 54 1.31481
637616648 48.324 2.6411 358 1.11765
637649416 64.6778 2.33504 419 1.1978
637583882 60.4167 7.05853 48 1.19565
637616650 54.8295 2.65255 352 1.12876
637649418 63.4804 2.38371 408 1.17143
637584004 86.8485 0.832007 1650 1.25558
637616772 89.7309 0.571222 2824 1.34991
637649540 87.5954 0.509121 4192 1.4314
637584006 0 0 1666 0
637616774 0 0 2712 0
637649542 0 0 4476 0
637584008 44.0678 6.46347 59 1
637616776 76.9231 2.20834 364 1.18207
637649544 83.7004 1.7335 454 1.31
637584010 79.3651 5.09854 63 1.07576
637616778 65.3951 2.48318 367 1.20357
637649546 66.1765 2.16849 476 1.1816
637587460 92.5033 0.681298 1494 1.46865
637620228 89.1327 0.702995 1960 1.49311
637652996 93.8375 0.449973 2856 1.66038
637587462 90.1031 0.782867 1455 1.45217
637620230 74.9753 0.963281 2022 1.63766
637652998 90.0786 0.509927 3437 1.70674
637587464 96.2264 2.6175 53 1.33871
637620232 88.5714 1.26757 630 1.19626
637653000 91.8478 1.16467 552 1.25691
637587466 84.127 4.60391 63 1.17391
637620234 87.1961 1.34517 617 1.21186
637653002 92.2101 1.14073 552 1.33127
637587588 94.8078 0.576138 1483 1.49668
637620356 91.6751 0.620532 1982 1.57453
637653124 93.3239 0.469124 2831 1.70326
637587590 97.2106 0.434848 1434 1.57182
637620358 93.8241 0.535059 2024 1.78109
637653126 95.6659 0.344976 3484 1.8339
637587592 85.9155 4.12836 71 1.10606
637620360 82.623 1.53417 610 1.21687
637653128 68.172 2.16014 465 1.13539
637587594 93.4426 3.16937 61 1.26087
637620362 83.9465 1.50119 598 1.17808
637653130 80.1075 1.68991 558 1.20354
637587716 89.418 0.79108 1512 1.27634
637620484 89.1578 0.684027 2066 1.29993
637653252 85.7044 0.652806 2875 1.38533
637587718 93.8124 0.621459 1503 1.38798
637620486 82.001 0.850796 2039 1.35711
637653254 85.9318 0.583803 3547 1.43888
637587720 83.3333 4.81125 60 1.18644
637620488 78.5832 1.66513 607 1.2365
637653256 85.2837 1.49174 564 1.33223
637587722 93.5484 3.12001 62 1.16049
637620490 81.2903 1.56623 620 1.23873
637653258 83.2075 1.62368 530 1.24399
637587844 51.0855 1.30202 1474 1.23964
637620612 60.0748 1.13223 1871 1.22301
637653380 61.0268 0.927294 2766 1.30317
637587846 66.3848 1.25404 1419 1.17633
637620614 81.174 0.898963 1891 1.24045
637653382 78.3088 0.721393 3264 1.24729
637587848 46.6667 6.44061 60 1.08824
637620616 56.0372 1.95283 646 1.10092
637653384 67.5229 2.00593 545 1.09615
637587850 79.1667 5.86179 48 1.26415
637620618 57.037 2.13024 540 1.21114
637653386 63.9344 2.17372 488 1.11705
637587972 56.9242 1.33687 1372 1.26008
637620740 78.7656 0.97318 1766 1.4754
637653508 78.0303 0.826761 2508 1.59752
637587974 86.2121 0.948956 1320 1.20553
637620742 82.7424 0.862839 1918 1.34532
637653510 82.4791 0.656204 3356 1.3495
637587976 48.4375 6.24695 64 1.17143
637620744 41.0509 1.99339 609 1.11074
637653512 54.3478 2.21435 506 1.14595
637587978 42.5532 7.21191 47 1.22727
637620746 46.1921 2.02856 604 1.07256
637653514 57.9655 2.16256 521 1.0775
637588100 87.138 0.868749 1485 1.30112
637620868 81.5938 0.87872 1945 1.43944
637653636 75.0176 0.811487 2846 1.4952
637588102 87.3933 0.85053 1523 1.45152
637620870 81.145 0.896419 1904 1.34558
637653638 79.2237 0.685377 3504 1.37757
637588104 78.5714 5.48321 56 1.36111
637620872 62.6246 1.97182 602 1.13333
637653640 66.5523 1.95403 583 1.15844
637588106 88.4615 4.43047 52 1.24286
637620874 77.7592 1.70059 598 1.20309
637653642 76.5504 1.86516 516 1.21739
637567012 85.3816 0.786451 2018 1.6054
637599780 82.4346 0.67575 3171 1.58956
637632548 93.9161 0.44697 2860 1.97356
637567014 69.9515 1.01013 2060 1.32569
637599782 39.9522 0.847004 3344 1.20215
637632550 58.596 0.932175 2792 1.21875
637567016 55.7692 6.88744 52 1.30435
637599784 79.2 1.2835 1000 1.22211
637632552 78.0296 1.22255 1147 1.27997
637567018 61.1111 6.63401 54 1.11538
637599786 82.5 1.20156 1000 1.18546
637632554 78.7387 1.22808 1110 1.31137
637567140 85.0438 0.809921 1939 1.53971
637599908 73.8596 0.790333 3091 1.40006
637632676 91.1339 0.534241 2831 1.7522
637567142 67.4013 1.06122 1951 1.27965
637599910 84.1709 0.633204 3323 1.40346
637632678 85.7143 0.655589 2849 1.40021
637567144 72.973 7.30095 37 1.28261
637599912 75.4028 1.41144 931 1.21956
637632680 87.5893 0.985178 1120 1.35844
637567146 43.75 8.76951 32 1.32143
637599914 83.2008 1.17872 1006 1.2876
637632682 86.6782 0.999442 1156 1.34821
637567268 79.6401 0.913049 1945 1.37316
637600036 77.0173 0.72733 3346 1.37813
637632804 79.9253 0.738241 2944 1.37661
637567270 86.5191 0.765962 1988 1.46674
637600038 88.7811 0.549554 3298 1.48735
637632806 91.5437 0.527788 2779 1.56184
637567272 51.6129 8.97559 31 1.44
637600040 38.9706 1.58059 952 1.14232
637632808 43.8726 1.41838 1224 1.13768
637567274 54.5455 7.50657 44 1.10256
637600042 89.0099 0.984146 1010 1.27773
637632810 86.4593 1.03494 1093 1.43252
637567396 79.0846 0.902229 2032 1.44568
637600164 77.5713 0.746631 3121 1.46917
637632932 88.3452 0.591491 2943 1.81546
637567398 73.1922 1.07402 1701 1.24436
637600166 85.677 0.676552 2681 1.44728
637632934 90.1371 0.581845 2626 1.57232
637567400 55.5556 6.76201 54 1.16
637600168 57.1721 1.58391 976 1.16192
637632936 70.6852 1.34058 1153 1.23423
637567402 48.7805 7.80637 41 1.22222
637600170 67.0773 1.57257 893 1.10556
637632938 80.5857 1.30264 922 1.32287
637567524 68.6667 1.05041 1950 1.42358
637600292 75.7442 0.78837 2956 1.33963
637633060 77.8041 0.764985 2951 1.52685
637567526 77.8285 0.935672 1971 1.33757
637600294 82.1078 0.670886 3264 1.36102
637633062 83.9668 0.682047 2894 1.42675
637567528 32.0755 6.41153 53 1.03846
637600296 52.9025 1.65197 913 1.12479
637633064 63.4708 1.49096 1043 1.15249
637567530 48.1481 6.79947 54 1.1
637600298 70.9924 1.49857 917 1.13001
637633066 83.0478 1.12671 1109 1.22644
637567652 71.3035 1.02673 1941 1.37189
637600420 77.5349 0.742907 3156 1.50951
637633188 78.7212 0.765041 2862 1.64914
637567654 58.1633 1.1745 1764 1.27944
637600422 77.0241 0.792744 2816 1.30635
637633190 83.8722 0.730334 2536 1.40336
637567656 73.7705 5.63211 61 1.34375
637600424 68.5022 1.54152 908 1.17997
637633192 78.2872 1.21262 1156 1.24752
637567658 53.5714 6.66446 56 1.14634
637600426 71.5736 1.43721 985 1.23495
637633194 69.7282 1.4065 1067 1.26366
637571108 79.3608 0.941963 1846 1.41348
637603876 73.5088 0.89501 2431 1.3339
637636644 86.5433 0.98968 1189 1.59494
637571110 81.0718 0.935351 1754 1.31326
637603878 84.537 0.745191 2354 1.52293
637636646 77.1831 1.28592 1065 1.47889
637571112 63.0435 3.55842 184 1.33953
637603880 66.4502 1.55331 924 1.22664
637636648 70.4649 1.37738 1097 1.21615
637571114 90.5 2.07334 200 1.23372
637603882 63.1692 1.57828 934 1.16027
637636650 77.866 1.23281 1134 1.25372
637571236 72.2222 1.05048 1818 1.30172
637604004 52.4294 1.07431 2161 1.30836
637636772 56.9856 1.44067 1181 1.28281
637571238 79.8324 0.948397 1790 1.45315
637604006 59.4015 1.03783 2239 1.24676
637636774 90.227 0.932989 1013 1.51276
637571240 83.0508 2.82007 177 1.13242
637604008 63.961 1.57946 924 1.16098
637636776 70.5213 1.40374 1055 1.21604
637571242 81.2207 2.67598 213 1.32258
637604010 65.5704 1.52322 973 1.22144
637636778 90.2922 0.908925 1061 1.37312
637571364 76.5745 1.02752 1699 1.45816
637604132 73.5858 0.941663 2192 1.38836
637636900 82.5712 1.11431 1159 1.65791
637571366 78.2926 0.940591 1921 1.32337
637604134 81.312 0.809833 2317 1.39871
637636902 83.1202 1.09367 1173 1.55003
637571368 63.8418 3.61135 177 1.14371
637604136 53.7824 1.60495 965 1.14116
637636904 62.069 1.48127 1073 1.1606
637571370 79.3103 3.07091 174 1.24742
637604138 68.4615 1.54036 910 1.25527
637636906 89.0826 0.94459 1090 1.39817
637571492 55.7295 1.24293 1597 1.31242
637604260 58.224 1.1078 1982 1.38416
637637028 65.3953 1.4509 1075 1.30608
637571494 47.467 1.1718 1816 1.26179
637604262 63.8021 1.00119 2304 1.33684
637637030 70.302 1.32346 1192 1.33333
637571496 71.5084 3.37373 179 1.22172
637604264 57.0953 1.64797 902 1.2028
637637032 65.535 1.52438 972 1.3913
637571498 59.116 3.65418 181 1.30806
637604266 78.2744 1.32956 962 1.20166
637637034 80.1095 1.20576 1096 1.23054
637571620 69.7603 1.13867 1627 1.44235
637604388 71.1612 0.992342 2084 1.46463
637637156 90.1905 0.91793 1050 1.67869
637571622 54.6229 1.22788 1644 1.2376
637604390 52.3832 1.07436 2161 1.27665
637637158 60.0398 1.54431 1006 1.25736
637571624 72.7273 3.46714 165 1.19231
637604392 66.1972 1.50039 994 1.18597
637637160 62.6168 1.47908 1070 1.33333
637571626 72.9167 3.20711 192 1.14045
637604394 45.3763 1.63254 930 1.13102
637637162 59.3353 1.53577 1023 1.21158
637571748 64.7986 1.15394 1713 1.3795
637604516 34.7374 1.05991 2018 1.3691
637637284 88.7311 0.973077 1056 1.70062
637571750 56.6978 1.2368 1605 1.17639
637604518 78.7047 0.931888 1930 1.30676
637637286 84.8678 1.08198 1097 1.40672
637571752 66.9951 3.30037 203 1.15419
637604520 24.7168 1.38432 971 1.14917
637637288 64.8039 1.49537 1020 1.24597
637571754 33.7143 3.57353 175 1.11458
637604522 54.646 1.65578 904 1.17252
637637290 71.7703 1.39241 1045 1.21986
637575204 80.7078 1.03948 1441 1.52776
637607972 75.2106 0.909283 2255 1.54379
637640740 89.9662 0.659891 2073 1.71809
637575206 29.4666 1.03746 1931 1.18738
637607974 83.3585 0.647279 3311 1.40653
637640742 90.5856 0.562218 2698 1.54275
637575208 67.5676 7.69588 37 1.25714
637607976 71.0027 1.67028 738 1.23764
637640744 80.7601 1.35845 842 1.25303
637575210 52.3077 6.19513 65 1.24528
637607978 66.9065 1.50851 973 1.24111
637640746 77.9397 1.29264 1029 1.27479
637575332 77.1368 0.970614 1872 1.48442
637608100 78.5603 0.726066 3195 1.5641
637640868 82.2931 0.714789 2852 1.54093
637575334 80.922 0.870144 2039 1.29194
637608102 89.2199 0.543501 3256 1.55893
637640870 91.2162 0.533788 2812 1.66105
637575336 70.9091 6.12418 55 1.72727
637608104 77.4783 1.29593 1039 1.20374
637640872 78.8226 1.16828 1223 1.19048
637575338 55.1724 6.5301 58 1.21569
637608106 81.8692 1.17782 1070 1.21297
637640874 80.2939 1.16943 1157 1.35309
637575460 58.1586 1.11567 1955 1.30341
637608228 54.4928 0.869109 3283 1.39807
637640996 54.2445 0.901942 3051 1.4317
637575462 42.735 1.18086 1755 1.16948
637608230 87.9081 0.617579 2787 1.35547
637640998 92.0921 0.528734 2605 1.45745
637575464 33.3333 9.07218 27 1.1875
637608232 59.9152 1.59589 943 1.12363
637641000 62.3264 1.42767 1152 1.15145
637575466 50 9.12871 30 1.23333
637608234 89.4397 1.00886 928 1.26849
637641002 83.1959 1.20053 970 1.29418
637575588 69.0361 1.0729 1857 1.37686
637608356 77.2196 0.745517 3165 1.41346
637641124 89.5944 0.573454 2835 1.59459
637575590 83.5145 0.911805 1656 1.35604
637608358 84.4285 0.72358 2511 1.37873
637641126 88.3669 0.678194 2235 1.45756
637575592 25.7143 7.38764 35 1
637608360 67.4772 1.49112 987 1.16563
637641128 70.6366 1.45928 974 1.10954
637575594 28 6.3498 50 1.125
637608362 78.8807 1.32633 947 1.20021
637641130 85.7671 1.06217 1082 1.24962
637575716 66.286 1.10236 1839 1.43287
637608484 66.6886 0.854701 3041 1.41463
637641252 95.364 0.400157 2761 1.96313
637575718 40.2961 1.12794 1891 1.16137
637608486 41.8893 0.87991 3144 1.20985
637641254 43.3801 0.916675 2923 1.21053
637575720 39.1304 7.19579 46 1.17857
637608488 64.1138 1.5866 914 1.1008
637641256 72.9299 1.44768 942 1.10432
637575722 43.4783 7.30912 46 1.03846
637608490 57.1264 1.67785 870 1.15323
637641258 69.8055 1.4688 977 1.18736
637575844 77.2652 0.98216 1821 1.37954
637608612 73.5997 0.797772 3053 1.33582
637641380 75.2287 0.842722 2624 1.36939
637575846 73.01 1.0192 1897 1.32726
637608614 85.9956 0.618422 3149 1.42613
637641382 89.2712 0.595263 2703 1.49556
637575848 69.3878 6.58402 49 1.21277
637608616 62.793 1.51049 1024 1.14318
637641384 44.7475 1.58031 990 1.21254
637575850 9.09091 3.87638 55 1
637608618 17.8366 1.29863 869 1.14859
637641386 22.0725 1.33508 965 1.13281
637579300 65.7203 1.08834 1902 1.2315
637612068 65.4418 0.994638 2286 1.24239
637644836 81.0147 1.1219 1222 1.29233
637579302 88.3191 0.766703 1755 1.34495
637612070 86.5652 0.721678 2233 1.47127
637644838 90.6108 0.880647 1097 1.6176
637579304 63.5593 3.13276 236 1.18987
637612072 52.017 1.62776 942 1.16523
637644840 54.0875 1.53641 1052 1.22374
637579306 93.2735 1.67734 223 1.21595
637612074 87.2591 1.09102 934 1.2529
637644842 94.062 0.693307 1162 1.38119
637579428 76.5057 0.987565 1843 1.38056
637612196 76.6652 0.876804 2327 1.4913
637644964 92.1397 0.795315 1145 1.68967
637579430 87.5133 0.763617 1874 1.42527
637612198 83.8305 0.765528 2313 1.53824
637644966 84.392 1.09328 1102 1.66926
637579432 90.0585 2.28818 171 1.34884
637612200 75.3465 1.35616 1010 1.21053
637644968 83.9205 1.10407 1107 1.38066
637579434 85.6436 2.46715 202 1.2541
637612202 83.4835 1.17483 999 1.1784
637644970 83.779 1.10055 1122 1.28209
637579556 69.6211 1.1655 1557 1.30679
637612324 61.6036 1.08534 2008 1.4068
637645092 87.6791 1.01577 1047 1.598
637579558 74.6767 1.0094 1856 1.30211
637612326 73.7741 0.920384 2284 1.39987
637645094 83.5494 1.05537 1234 1.54408
637579560 78.882 3.21664 161 1.11735
637612328 63.2184 1.72328 783 1.10992
637645096 71.6433 1.42676 998 1.11667
637579562 91.0526 2.0707 190 1.35361
637612330 84.1026 1.17102 975 1.24074
637645098 91.1632 0.852298 1109 1.30182
637579684 73.0769 1.07076 1716 1.32517
637612452 79.4827 0.84554 2281 1.39973
637645220 89.6063 0.856353 1270 1.55182
637579686 64.557 1.12217 1817 1.22311
637612454 53.7013 1.04358 2283 1.27264
637645222 76.3069 1.23467 1186 1.50574
637579688 21.875 3.2682 160 1.16239
637612456 44.6035 1.64962 908 1.17065
637645224 56.25 1.49302 1104 1.19648
637579690 72.0207 3.23123 193 1.23077
637612458 62.9705 1.54016 983 1.1937
637645226 79.6533 1.21603 1096 1.34078
637579812 69.5903 1.16397 1562 1.376
637612580 68.6162 1.06043 1915 1.4308
637645348 81.5693 1.17119 1096 1.57016
637579814 76.7959 1.06436 1573 1.33813
637612582 70.8399 1.04462 1893 1.25775
637645350 79.9587 1.28664 968 1.43444
637579816 73.6196 3.45178 163 1.2067
637612584 48.1069 1.66733 898 1.09879
637645352 55.8237 1.60863 953 1.12218
637579818 88 2.45648 175 1.2212
637612586 61.8765 1.6738 842 1.15969
637645354 74.7515 1.36971 1006 1.1589
637579940 72.4722 1.07981 1711 1.25984
637612708 73.79 0.939746 2190 1.36778
637645476 89.8662 0.933081 1046 1.62714
637579942 80.9913 0.915713 1836 1.32198
637612710 80.3024 0.815063 2381 1.32852
637645478 83.8983 1.06997 1180 1.47658
637579944 81.9209 2.89267 177 1.25714
637612712 66.3191 1.52617 959 1.26782
637645480 75.9162 1.2631 1146 1.305
637579946 88.0952 2.23474 210 1.14925
637612714 80.203 1.26963 985 1.16667
637645482 80.829 1.15678 1158 1.22261
637583396 73.6069 0.992044 1974 1.40699
637616164 67.4976 0.837335 3129 1.32735
637648932 74.8199 0.823811 2776 1.45645
637583398 85.0897 0.843305 1784 1.42966
637616166 85.9925 0.706531 2413 1.48756
637648934 82.7401 0.834438 2051 1.48213
637583400 74 6.20322 50 1.4
637616168 67.4699 1.55047 913 1.24076
637648936 78.5781 1.25485 1069 1.38846
637583402 28.5714 6.97071 42 1.29167
637616170 58.1162 1.56173 998 1.21983
637648938 72.5394 1.40022 1016 1.27838
637583524 76.4766 0.95707 1964 1.45062
637616292 72.7076 0.784051 3228 1.4224
637649060 80.9384 0.70902 3069 1.45035
637583526 87.4563 0.740432 2001 1.44862
637616294 53.9968 0.885913 3165 1.3254
637649062 64.9269 0.870083 3008 1.3032
637583528 60 6.9282 50 1.5625
637616296 76.8635 1.31208 1033 1.18164
637649064 80.7692 1.16522 1144 1.21973
637583530 46.6667 9.1084 30 1
637616298 65.9506 1.55306 931 1.29275
637649066 66.6068 1.41301 1114 1.39615
637583652 58.0149 1.09946 2015 1.31551
637616420 64.4721 0.833637 3296 1.32153
637649188 69.1216 0.849158 2960 1.31616
637583654 83.5533 0.835195 1970 1.348
637616422 88.2299 0.564924 3254 1.44884
637649190 91.2598 0.521844 2929 1.52088
637583656 66.0714 6.32697 56 1.29412
637616424 81.2236 1.26836 948 1.1932
637649192 76.2609 1.25468 1150 1.24414
637583658 47.2222 8.32046 36 1.24242
637616426 42.1104 1.53619 1033 1.20114
637649194 75.7805 1.31772 1057 1.24978
637583780 80.2319 0.91437 1897 1.46676
637616548 70.3767 0.844967 2920 1.50782
637649316 70.719 0.848087 2879 1.48036
637583782 13.9186 0.800874 1868 1.24371
637616550 82.4578 0.672541 3198 1.3943
637649318 86.1349 0.639419 2921 1.44666
637583784 60.7843 6.83661 51 1.34884
637616552 46.5187 1.58445 991 1.1458
637649320 60.9003 1.44971 1133 1.26555
637583786 46.5116 7.60635 43 1.21429
637616554 43.1677 1.59363 966 1.08877
637649322 48.7468 1.46949 1157 1.11373
637583908 80.6737 0.927858 1811 1.43854
637616676 82.065 0.681719 3167 1.51709
637649444 89.5819 0.570248 2870 1.88488
637583910 69.6067 1.0902 1780 1.21848
637616678 73.5109 0.826005 2854 1.29735
637649446 82.8267 0.749367 2533 1.37109
637583912 52.2727 7.52999 44 1.31579
637616680 41.4221 1.65488 886 1.21255
637649448 47.1888 1.5818 996 1.26301
637583914 8.10811 4.48743 37 1.8
637616682 33.1281 1.65174 812 1.10882
637649450 75.2847 1.45576 878 1.21333
637584036 66.2558 1.07159 1947 1.43118
637616804 69.3321 0.807113 3264 1.43625
637649572 80.5903 0.736978 2880 1.51771
637584038 74.7649 0.992843 1914 1.31037
637616806 75.9773 0.758554 3172 1.43589
637649574 86.5227 0.658891 2686 1.51357
637584040 61.3636 7.34053 44 1.18919
637616808 46.1774 1.5917 981 1.17581
637649576 55.7273 1.49763 1100 1.1764
637584042 34.8837 7.26812 43 1.25
637616810 78.2565 1.30575 998 1.15664
637649578 70.0917 1.38681 1090 1.22854
637587492 79.9017 0.936512 1831 1.29401
637620260 81.4651 0.816302 2266 1.32321
637653028 89.5093 0.891307 1182 1.43874
637587494 84.9162 0.84591 1790 1.32218
637620262 81.605 0.822673 2218 1.33537
637653030 73.1517 1.38221 1028 1.37696
637587496 91.6667 1.83041 228 1.3271
637620264 66.5941 1.55586 919 1.17485
637653032 71.7681 1.3878 1052 1.27687
637587498 76.9231 2.92136 208 1.19753
637620266 67.4611 1.50822 965 1.17407
637653034 67.4664 1.45136 1042 1.1893
637587620 82.5537 0.890313 1817 1.43666
637620388 82.4866 0.802353 2244 1.57572
637653156 95.8608 0.610961 1063 1.87776
637587622 85.3075 0.844849 1756 1.33319
637620390 82.5359 0.830465 2090 1.49637
637653158 90.0469 0.917356 1065 1.62148
637587624 83.4101 2.52523 217 1.11837
637620392 64.0853 1.60722 891 1.16776
637653160 73.3463 1.37902 1028 1.16747
637587626 96.7136 1.22156 213 1.39863
637620394 90.1483 0.969948 944 1.33148
637653162 93.499 0.762301 1046 1.43024
637587748 71.7641 1.05199 1831 1.41735
637620516 76.1495 0.883454 2327 1.29977
637653284 91.343 0.799855 1236 1.60281
637587750 49.0395 1.18824 1770 1.29562
637620518 39.9832 1.00497 2376 1.32345
637653286 50.84 1.48654 1131 1.34495
637587752 82.8283 2.68018 198 1.07234
637620520 51.0204 1.63834 931 1.14472
637653288 72.5047 1.37009 1062 1.18512
637587754 76.8041 3.03038 194 1.22414
637620522 62.0469 1.58446 938 1.15374
637653290 80.3435 1.22757 1048 1.2534
637587876 72.5 1.08938 1680 1.31574
637620644 76.9551 0.905897 2161 1.46721
637653412 88.0482 0.951235 1163 1.74263
637587878 63.5856 1.19849 1612 1.27897
637620646 76.9084 0.920488 2096 1.36111
637653414 81.244 1.20756 1045 1.39574
637587880 63.1313 3.42861 198 1.11823
637620648 48.2902 1.60862 965 1.17613
637653416 67.082 1.51428 963 1.21121
637587882 94.5545 1.59656 202 1.23929
637620650 80.3279 1.36029 854 1.15822
637653418 82.7068 1.15941 1064 1.19824
637588004 71.0037 1.12943 1614 1.54531
637620772 70.6988 0.999171 2075 1.53597
637653540 96.1386 0.606261 1010 1.86218
637588006 78.442 1.01053 1656 1.24798
637620774 75.5961 0.928697 2139 1.32846
637653542 84.7619 1.1091 1050 1.45226
637588008 72.4719 3.34783 178 1.16514
637620776 60.3995 1.67649 851 1.14877
637653544 73.3826 1.90012 541 1.31436
637588010 59.6774 3.59685 186 1.2125
637620778 70.913 1.47975 942 1.20653
637653546 87.4387 1.0382 1019 1.19228
637588132 81.9444 0.906628 1800 1.3354
637620900 76.405 0.896712 2242 1.3711
637653668 84.0139 1.08021 1151 1.47462
637588134 44.3613 1.14856 1871 1.26391
637620902 17.3357 0.795067 2267 1.39426
637653670 27.758 1.33569 1124 1.37914
637588136 76.3158 3.08432 190 1.13551
637620904 50.9744 1.60098 975 1.17247
637653672 66.5678 1.48368 1011 1.21157
637588138 85.6502 2.34766 223 1.31136
637620906 75.9101 1.39925 934 1.23166
637653674 78.8159 1.24279 1081 1.22936
637567044 75.3052 0.718328 3604 1.27615
637599812 65.8561 1.05637 2015 1.19006
637632580 46.1538 9.77675 26 1.28
637567046 50.7463 0.816188 3752 1.22548
637599814 40.682 0.978187 2522 1.13646
637632582 20 6.32456 40 1.15789
637567048 40.9091 1.88269 682 1.07692
637599816 48.7164 1.23576 1636 1.08422
637632584 59 1.09977 2000 1.11355
637567050 52.7378 1.89513 694 1.12804
637599818 70.544 1.09659 1728 1.13432
637632586 77.9412 0.918036 2040 1.25771
637567172 76.7142 0.699963 3646 1.20015
637599940 59.514 1.11618 1934 1.20473
637632708 19.0476 8.56891 21 1.33333
637567174 51.4371 0.790144 4001 1.29911
637599942 28.8281 0.895246 2560 1.16694
637632710 28.5714 12.0736 14 1.16667
637567176 32.0669 1.81952 658 1.05281
637599944 41.8118 1.18864 1722 1.08772
637632712 44.8555 1.11968 1973 1.11085
637567178 63.0404 1.80266 717 1.30135
637599946 68.1436 1.10341 1783 1.18622
637632714 70.5647 1.01884 2001 1.33696
637567300 56.1592 0.785137 3994 1.2407
637600068 46.1023 1.09011 2091 1.16012
637632836 21.4286 7.75443 28 1.57143
637567302 74.4491 0.706409 3812 1.37359
637600070 51.4076 1.00955 2451 1.23007
637632838 47.8261 10.4159 23 1.28571
637567304 41.0587 1.86069 699 1.12536
637600072 48.1605 1.17968 1794 1.12045
637632840 43.0867 1.09264 2054 1.10815
637567306 87.8299 1.25192 682 1.32542
637600074 55.3894 1.24078 1605 1.22623
637632842 79.5119 0.910048 1967 1.23985
637567428 43.9578 0.816081 3699 1.19955
637600196 39.1443 1.04129 2197 1.18799
637632964 44.8276 9.23495 29 1.24
637567430 44.3587 0.890714 3111 1.21761
637600198 49.9099 1.06119 2220 1.21255
637632966 30.4348 9.59439 23 1.33333
637567432 59.1988 1.89305 674 1.12727
637600200 64.0607 1.15898 1714 1.12581
637632968 33.3166 1.05581 1993 1.11928
637567434 40.4372 2.09456 549 1.13455
637600202 23.007 1.11298 1430 1.15113
637632970 24.0306 1.03567 1702 1.15918
637567556 46.8504 0.836808 3556 1.15374
637600324 46.6501 1.11136 2015 1.18019
637633092 25 9.68246 20 1.22222
637567558 36.2319 0.773266 3864 1.2192
637600326 19.9424 0.81023 2432 1.19462
637633094 5.55556 5.39903 18 1
637567560 46.4724 1.95327 652 1.13263
637600328 30.9353 1.13177 1668 1.0914
637633096 32.6087 1.05404 1978 1.09229
637567562 62.0879 1.79815 728 1.22727
637600330 46.7723 1.20873 1704 1.16537
637633098 43.6071 1.13055 1924 1.17554
637567684 54.678 0.810434 3773 1.16723
637600452 51.3621 1.11235 2019 1.2019
637633220 20 10.328 15 1.5
637567686 68.8505 0.799169 3358 1.33053
637600454 47.8704 1.07485 2160 1.25067
637633222 25 9.68246 20 1.44444
637567688 67.5287 1.77496 696 1.12799
637600456 59.4481 1.20256 1667 1.12347
637633224 74.666 0.985921 1946 1.15787
637567690 52.7977 1.89092 697 1.18077
637600458 21.8194 1.06042 1517 1.15344
637633226 27.896 1.09031 1692 1.3458
637571140 63.5775 0.968055 2471 1.17745
637603908 56.102 1.49765 1098 1.18814
637636676 38.8889 11.4904 18 1.2
637571142 70.4545 0.99278 2112 1.28396
637603910 63.4117 1.18259 1659 1.30593
637636678 68.1818 9.93026 22 1.21429
637571144 60.6149 1.86959 683 1.11203
637603912 60.4302 1.24852 1534 1.12645
637636680 79.3256 0.952147 1809 1.19275
637571146 77.4627 1.61421 670 1.25692
637603914 64.6012 1.22778 1517 1.23703
637636682 82.1274 0.952759 1617 1.31452
637571268 50.552 1.07229 2174 1.2419
637604036 48.1095 1.8041 767 1.25244
637636804 53.8462 9.77675 26 1.16
637571270 70.8143 0.972345 2186 1.35407
637604038 57.2012 1.19478 1715 1.23358
637636806 55.5556 11.7121 18 1.42857
637571272 47.9651 1.90465 688 1.11422
637604040 43.3571 1.26159 1543 1.08779
637636808 65.0766 1.15692 1698 1.1192
637571274 77.939 1.57972 689 1.36887
637604042 77.4134 1.04019 1616 1.24575
637636810 85.8757 0.872591 1593 1.34135
637571396 63.4053 1.05492 2085 1.17994
637604164 35.8333 1.54761 960 1.1341
637636932 43.4783 10.3367 23 1.17647
637571398 56.8678 1.02448 2337 1.36632
637604166 52.595 1.15499 1869 1.35034
637636934 54.8387 8.93812 31 1.18519
637571400 58.815 1.87094 692 1.12133
637604168 53.7804 1.27838 1521 1.10566
637636936 68.9613 1.14699 1627 1.13098
637571402 65.9155 1.77887 710 1.18284
637604170 63.7455 1.17779 1666 1.19498
637636938 83.2947 0.898395 1724 1.27281
637571524 74.7998 0.891257 2373 1.38721
637604292 66.982 1.44649 1057 1.44569
637637060 54.5455 10.6159 22 1.51515
637571526 45.1915 1.05014 2246 1.19515
637604294 28.7693 1.04488 1877 1.17606
637637062 51.6129 8.97559 31 1.21875
637571528 26.8769 1.71783 666 1.1048
637604296 16.7815 0.935131 1597 1.10651
637637064 26.4617 1.08304 1659 1.08707
637571530 56.1047 1.89197 688 1.22998
637604298 49.5597 1.25388 1590 1.15874
637637066 60.8166 1.20506 1641 1.21615
637571652 51.905 1.1114 2021 1.16474
637604420 52.2624 1.67996 884 1.21602
637637188 52.6316 11.4549 19 1.5
637571654 52.5013 1.12254 1979 1.21932
637604422 29.1667 1.17831 1488 1.18006
637637190 20 8.94427 20 1.16667
637571656 52.7426 1.87232 711 1.07336
637604424 55.3825 1.29345 1477 1.10935
637637192 79.1064 1.04209 1522 1.14594
637571658 17.0803 1.43791 685 1.20073
637604426 47.6622 1.31939 1433 1.17944
637637194 65.5327 1.20406 1558 1.24016
637571780 45.6668 1.13473 1927 1.16149
637604548 58.4383 1.74898 794 1.1289
637637316 68.4211 10.6639 19 1.27273
637571782 58.6936 1.07911 2082 1.24593
637604550 57.1329 1.30869 1430 1.27478
637637318 41.1765 11.9365 17 1.07143
637571784 38.6541 1.92637 639 1.06052
637604552 21.4689 1.09117 1416 1.0844
637637320 54.4015 1.2534 1579 1.15248
637571786 62 1.90384 650 1.26431
637604554 49.6949 1.30186 1475 1.12535
637637322 75.7314 1.10544 1504 1.22043
637575236 76.9615 0.721827 3403 1.30239
637608004 67.2882 1.0829 1877 1.31262
637640772 31.0345 8.59091 29 1.61538
637575238 73.694 0.718806 3752 1.28904
637608006 64.9423 0.986599 2339 1.26849
637640774 13.7931 6.40329 29 1.16667
637575240 52.8169 2.09462 568 1.12598
637608008 54.2572 1.20721 1703 1.13115
637640776 58.0191 1.10661 1989 1.14713
637575242 75.3086 1.69398 648 1.24828
637608010 71.4717 1.10895 1658 1.26541
637640778 79.4312 0.910914 1969 1.38365
637575364 64.736 0.784214 3712 1.17904
637608132 47.8582 1.10845 2031 1.15798
637640900 46.1538 9.77675 26 1.27778
637575366 53.5189 0.808246 3808 1.31101
637608134 41.3436 0.964846 2605 1.23325
637640902 17.5 6.00781 40 1.15385
637575368 67.619 1.72598 735 1.11544
637608136 64.8924 1.1358 1766 1.13166
637640904 69.8113 1.05098 1908 1.17687
637575370 88.5402 1.17654 733 1.27152
637608138 89.4118 0.746251 1700 1.16896
637640906 88.0716 0.722596 2012 1.28615
637575492 68.3881 0.750913 3834 1.18634
637608260 53.8533 1.07738 2141 1.20128
637641028 25 9.68246 20 1.22222
637575494 60.4963 0.825615 3506 1.3221
637608262 54.4111 1.02327 2369 1.23228
637641030 0 0 14 1
637575496 75.6966 1.68755 646 1.14826
637608264 68.5196 1.14164 1655 1.14072
637641032 72.3781 0.992145 2031 1.14852
637575498 68.189 1.84824 635 1.22586
637608266 60.0602 1.2021 1660 1.17844
637641034 70.109 1.04284 1927 1.23108
637575620 55.9068 0.826809 3606 1.20007
637608388 37.5129 1.09979 1938 1.14073
637641156 31.25 11.5878 16 1
637575622 49.048 0.938724 2836 1.20189
637608390 29.97 1.02389 2002 1.24455
637641158 14.2857 7.63604 21 1.22222
637575624 32.5862 1.94615 580 1.08
637608392 33.1297 1.22638 1473 1.09494
637641160 36.8077 1.08221 1986 1.10338
637575626 51.1592 1.96517 647 1.31185
637608394 51.5878 1.27224 1543 1.2426
637641162 60.0816 1.18222 1716 1.22596
637575748 53.5195 0.841976 3509 1.20484
637608516 54.1146 1.13722 1920 1.15977
637641284 6.66667 6.44061 15 1.6
637575750 57.4886 0.810645 3719 1.31425
637608518 30.4004 0.964813 2273 1.21311
637641286 12.5 8.26797 16 1
637575752 43.5185 1.94761 648 1.10269
637608520 40.8402 1.28995 1452 1.10097
637641288 45.6797 1.14339 1898 1.1249
637575754 52.4116 2.00248 622 1.13821
637608522 41.1348 1.24948 1551 1.17234
637641290 54.1603 1.12576 1959 1.20081
637575876 59.4211 0.843873 3386 1.16577
637608644 73.2895 1.03512 1827 1.18499
637641412 18.1818 8.22304 22 1.28571
637575878 70.6516 0.756622 3622 1.29528
637608646 63.2425 1.01894 2239 1.24189
637641414 23.5294 10.2879 17 1.25
637575880 46.5944 1.96266 646 1.06793
637608648 47.9826 1.24471 1611 1.08167
637641416 56.9315 1.15911 1825 1.16335
637575882 60.7034 1.90983 654 1.41197
637608650 71.1746 1.14133 1575 1.23593
637641418 68.9034 1.08117 1833 1.33866
637579332 57.3798 1.00693 2412 1.21134
637612100 32.8885 1.45055 1049 1.14458
637644868 33.3333 11.1111 18 1.08333
637579334 40.939 1.06544 2130 1.22363
637612102 36.686 1.16208 1720 1.2
637644870 18.1818 11.6291 11 1.2
637579336 50.6767 1.93874 665 1.09847
637612104 41.581 1.24945 1556 1.08575
637644872 58.1734 1.18974 1719 1.11283
637579338 78.4733 1.60594 655 1.31048
637612106 73.1043 1.12883 1543 1.23477
637644874 84.1701 0.887134 1693 1.4273
637579460 68.3738 0.985612 2226 1.2419
637612228 43.6242 1.53556 1043 1.21649
637644996 53.5714 9.42498 28 1.18519
637579462 83.8305 0.765528 2313 1.35389
637612230 80.5867 0.913442 1875 1.44146
637644998 37.5 12.1031 16 1.57143
637579464 48.4277 1.98165 636 1.11239
637612232 50.8829 1.27849 1529 1.10134
637645000 63.6966 1.1799 1661 1.12895
637579466 82.9882 1.44514 676 1.27792
637612234 69.6252 1.17917 1521 1.18962
637645002 87.9754 0.769188 1788 1.35333
637579588 38.7286 1.03434 2218 1.24352
637612356 67.5388 1.45754 1032 1.22392
637645124 65 10.6654 20 1.51429
637579590 58.1889 1.02671 2308 1.22165
637612358 62.2905 1.14554 1790 1.33373
637645126 45 11.1243 20 1.9375
637579592 47.8807 1.97929 637 1.0597
637612360 61.2653 1.23775 1549 1.09373
637645128 68.2067 1.14815 1645 1.12795
637579594 78.2991 1.57843 682 1.30463
637612362 57.4766 1.27733 1498 1.20742
637645130 75.6527 1.05753 1647 1.34892
637579716 54.868 1.03515 2311 1.1459
637612484 43.2773 1.60579 952 1.18182
637645252 52.381 10.8985 21 1.33333
637579718 33.3632 0.998478 2230 1.2421
637612486 40.2566 1.2121 1637 1.20906
637645254 46.1538 13.8264 13 1.14286
637579720 39.8473 1.91296 655 1.07295
637612488 25.1198 1.13466 1461 1.10801
637645256 50.5495 1.23534 1638 1.09199
637579722 49.2188 1.97618 640 1.21715
637612490 50.8251 1.28441 1515 1.15182
637645258 64.731 1.1813 1636 1.3374
637579844 27.8607 0.999963 2010 1.13508
637612612 34.6294 1.65849 823 1.14796
637645380 47.0588 12.1058 17 1.13333
637579846 69.7262 1.03461 1972 1.21853
637612614 63.0307 1.2337 1531 1.26583
637645382 40 12.6491 15 1.25
637579848 15.5116 1.47058 606 1.12879
637612616 10.0769 0.834887 1300 1.14815
637645384 20.5326 1.06931 1427 1.07637
637579850 24.7788 1.81629 565 1.25498
637612618 31.2139 1.24554 1384 1.09509
637645386 45.5479 1.30336 1460 1.12277
637579972 42.4651 1.08458 2077 1.21777
637612740 34.0024 1.62771 847 1.21722
637645508 54.5455 15.0131 11 1.38889
637579974 45.8211 1.0211 2381 1.29581
637612742 47.9155 1.17781 1799 1.24641
637645510 34.6154 9.33009 26 1.72727
637579976 34.0708 1.82018 678 1.07812
637612744 46.8 1.28835 1500 1.08804
637645512 69.1988 1.12469 1685 1.16858
637579978 63.0952 1.86146 672 1.12126
637612746 50.3145 1.2539 1590 1.15685
637645514 64.1451 1.18931 1626 1.20316
637583428 58.8745 0.785215 3927 1.15595
637616196 47.4722 1.1228 1978 1.27748
637648964 10 6.7082 20 1.42857
637583430 46.4372 0.925319 2905 1.23987
637616198 56.9408 1.13329 1909 1.24723
637648966 50 13.3631 14 1.41667
637583432 64.8026 1.93687 608 1.09944
637616200 59.5846 1.19548 1685 1.12455
637648968 56.1798 1.1213 1958 1.12484
637583434 74.5161 1.7501 620 1.17507
637616202 73.5646 1.07847 1672 1.14241
637648970 82.7378 0.886103 1819 1.2692
637583556 56.171 0.789076 3954 1.16864
637616324 57.2034 1.07359 2124 1.21397
637649092 36 9.6 25 1.78571
637583558 48.1712 0.804761 3855 1.3598
637616326 37.1927 0.962413 2522 1.26395
637649094 28.5714 9.85808 21 1.1875
637583560 78.1641 1.54072 719 1.22176
637616328 64.0482 1.14905 1744 1.1096
637649096 62.5305 1.06986 2047 1.10776
637583562 77.8231 1.53236 735 1.25774
637616330 74.0436 1.06358 1699 1.21332
637649098 86.9329 0.748423 2028 1.35896
637583684 14.0907 0.558417 3882 1.12869
637616452 14.2505 0.776241 2028 1.13677
637649220 7.40741 5.0401 27 1
637583686 55.4862 0.801374 3846 1.26456
637616454 57.1822 0.981613 2541 1.28239
637649222 31.8182 9.93026 22 1.5
637583688 55.2557 1.87401 704 1.09496
637616456 46.7934 1.21592 1684 1.08373
637649224 44.7672 1.11273 1997 1.0828
637583690 53.4286 1.88537 700 1.13889
637616458 74.6675 1.06939 1654 1.22733
637649226 74.8056 0.988446 1929 1.31041
637583812 57.1153 0.82189 3626 1.2
637616580 65.8354 1.05916 2005 1.24949
637649348 13.3333 8.77707 15 1.25
637583814 23.953 0.682024 3916 1.27229
637616582 34.1933 0.959915 2442 1.23291
637649350 17.6471 9.24594 17 1.25
637583816 35.5886 1.76122 739 1.11078
637616584 37.0416 1.19393 1636 1.08781
637649352 36.1458 1.09641 1920 1.13714
637583818 60.4651 1.80836 731 1.11994
637616586 43.8389 1.20771 1688 1.11236
637649354 53.7666 1.10632 2031 1.254
637583940 39.02 0.785439 3857 1.11793
637616708 17.1601 0.844551 1993 1.20554
637649476 6.25 6.05154 16 1
637583942 60.4007 0.933455 2745 1.26524
637616710 52.5485 1.23006 1648 1.29593
637649478 7.14286 6.88303 14 1
637583944 12.2349 1.32352 613 1.10084
637616712 13.4271 0.862112 1564 1.0479
637649480 17.954 0.868032 1955 1.05354
637583946 45.6067 2.2781 478 1.14865
637616714 41.4125 1.39543 1246 1.16454
637649482 43.3547 1.32115 1407 1.21794
637584068 0 0 3890 0
637616836 0 0 2014 0
637649604 0 0 27 0
637584070 63.3209 0.787407 3746 1.28995
637616838 51.9009 1.03265 2341 1.21419
637649606 36.3636 10.2559 22 1.15385
637584072 0 0 654 0
637616840 0 0 1689 0
637649608 0 0 1917 0
637584074 82.0555 1.54985 613 1.24933
637616842 76.6249 1.03346 1677 1.17176
637649610 74.4681 0.993313 1927 1.34901
637587524 47.5295 1.04425 2287 1.24687
637620292 37.2222 1.61132 900 1.18284
637653060 47.3684 11.4549 19 1.23529
637587526 80.961 0.835905 2206 1.383
637620294 51.969 1.26943 1549 1.27581
637653062 62.5 9.88212 24 1.22727
637587528 60.8563 1.90851 654 1.14605
637620296 61.3907 1.25288 1510 1.11976
637653064 77.3159 1.02053 1684 1.14679
637587530 91.7037 1.06166 675 1.31429
637620298 84.6251 0.905456 1587 1.25153
637653066 88.3998 0.781043 1681 1.29625
637587652 59.6423 1.0786 2069 1.18927
637620420 52.1493 1.68013 884 1.16858
637653188 42.8571 13.226 14 1
637587654 83.4069 0.781511 2266 1.36355
637620422 79.056 0.988353 1695 1.35252
637653190 40 12.6491 15 1.36842
637587656 69.906 1.81588 638 1.12825
637620424 52.1461 1.26435 1561 1.11703
637653192 72.7161 1.10291 1631 1.17178
637587658 83.0645 1.5063 620 1.31969
637620426 76.087 1.0948 1518 1.24554
637653194 87.6627 0.782347 1767 1.35143
637587780 58.5938 1.02617 2304 1.25753
637620548 41.896 1.57527 981 1.26113
637653316 72.7273 9.49514 22 1.43333
637587782 50.7862 1.03064 2353 1.29346
637620550 53.4959 1.1612 1845 1.17047
637653318 45.4545 10.6159 22 1.45833
637587784 49.2891 1.98712 633 1.11778
637620552 45.0131 1.2744 1524 1.10478
637653320 62.059 1.16697 1729 1.11492
637587786 61.9583 1.94507 623 1.17208
637620554 61.6393 1.24519 1525 1.16696
637653322 66.3467 1.15733 1667 1.22893
637587908 59.8837 1.12682 1892 1.21618
637620676 54.4402 1.78665 777 1.16881
637653444 42.1053 11.3269 19 1.0625
637587910 56.4636 1.10342 2019 1.23099
637620678 18.6235 1.01124 1482 1.21996
637653446 23.0769 8.26286 26 1.1
637587912 32.5153 2.11832 489 1.06009
637620680 26.3473 1.2052 1336 1.09861
637653448 51.8306 1.33876 1393 1.12176
637587914 17.2989 1.47341 659 1.08247
637620682 48.224 1.30595 1464 1.11245
637653450 59.8596 1.23829 1567 1.19747
637588036 0 0 0 0
637620804 0 0 0 0
637653572 0 0 0 0
637588038 21.8349 0.884817 2180 1.30697
637620806 23.71 1.08696 1531 1.19829
637653574 37.5 12.1031 16 1
637588040 0 0 0 0
637620808 0 0 0 0
637653576 0 0 0 0
637588042 45.9618 1.90975 681 1.13672
637620810 35.7674 1.24634 1479 1.11852
637653578 59.4137 1.25337 1535 1.16231
637588164 60.8216 1.02592 2264 1.28899
637620932 64.1189 1.56279 942 1.41461
637653700 42.3077 9.68907 26 1.66667
637588166 59.5986 1.02496 2292 1.271
637620934 56.8965 1.1872 1740 1.25146
637653702 33.3333 10.2869 21 1.42857
637588168 24.4479 1.70687 634 1.11558
637620936 34.2175 1.22174 1508 1.11933
637653704 39.4165 1.2175 1611 1.10731
637588170 46.2069 1.8516 725 1.16572
637620938 58.4263 1.22677 1614 1.18765
637653706 65.6269 1.1746 1635 1.27998
637567076 88.1613 0.739413 1909 1.36511
637599844 65.8163 3.38804 196 1.41204
637632612 31.25 11.5878 16 1.38462
637567078 92.0596 0.448935 3627 1.45187
637599846 64.8148 2.45624 378 1.45346
637632614 30.5556 7.67737 36 1.47826
637567080 88.2609 1.5008 460 1.25719
637599848 88.0538 0.912253 1264 1.19881
637632616 93.7367 0.646427 1405 1.30608
637567082 83.8493 1.35005 743 1.23672
637599850 84.4023 0.821868 1949 1.18291
637632618 93.3775 0.505923 2416 1.36763
637567204 92.4487 0.465766 3218 1.49254
637599972 68.9362 3.01868 235 1.47893
637632740 22.2222 13.858 9 2.2
637567206 90.2244 0.485363 3744 1.27225
637599974 57.8488 2.6624 344 1.27946
637632742 21.0526 9.35288 19 1.66667
637567208 95.4967 0.754721 755 1.31316
637599976 93.4338 0.574627 1858 1.28469
637632744 96.1361 0.394982 2381 1.40037
637567210 90.8031 1.04007 772 1.31891
637599978 92.4518 0.602718 1921 1.35968
637632746 93.3824 0.502433 2448 1.40737
637567332 92.9385 0.432284 3512 1.3353
637600100 67.7824 3.02278 239 1.58091
637632868 22.2222 13.858 9 1.71429
637567334 92.2619 0.439503 3696 1.61817
637600102 67.474 2.75572 289 1.53145
637632870 35 10.6654 20 1.77778
637567336 85.1523 1.26667 788 1.14153
637600104 89.8148 0.685978 1944 1.1953
637632872 92.2808 0.525653 2578 1.23568
637567338 90.483 1.10598 704 1.32337
637600106 92.4166 0.595243 1978 1.26747
637632874 87.6359 0.660592 2483 1.23065
637567460 87.7604 0.557501 3456 1.26879
637600228 59.0214 2.71963 327 1.28671
637632996 32 9.32952 25 1.44444
637567462 92.4614 0.459379 3303 1.38835
637600230 59.727 2.86522 293 1.20423
637632998 28.5714 9.85808 21 1.4
637567464 88.7268 1.15177 754 1.20232
637600232 83.4444 0.841478 1951 1.32702
637633000 89.3479 0.620868 2469 1.25584
637567466 85.7531 1.28751 737 1.23326
637600234 88.8405 0.734638 1837 1.24445
637633002 85.4972 0.733762 2303 1.27205
637567588 96.7583 0.311192 3239 1.46999
637600356 72.8571 3.0687 210 1.61644
637633124 30.7692 12.8008 13 2
637567590 90.6371 0.484846 3610 1.50581
637600358 66.6667 2.82222 279 1.53333
637633126 40 21.9089 5 3
637567592 79.1255 1.52631 709 1.12097
637600360 93.7568 0.563716 1842 1.33362
637633128 93.1351 0.528738 2287 1.26348
637567594 79.3007 1.51518 715 1.15847
637600362 82.2268 0.86394 1958 1.17428
637633130 89.1202 0.61712 2546 1.2389
637567716 92.6978 0.454766 3273 1.35709
637600484 67.1429 3.2412 210 1.39713
637633252 25 10.8253 16 2.125
637567718 92.0066 0.491857 3040 1.52859
637600486 65.6522 3.1312 230 1.55172
637633254 40 15.4919 10 2.33333
637567720 86.0294 1.32946 680 1.23389
637600488 90.0365 0.684075 1917 1.29089
637633256 93.1534 0.506812 2483 1.33539
637567722 79.9699 1.55318 664 1.18733
637600490 92.2249 0.654877 1672 1.28543
637633258 90.8742 0.631126 2082 1.28566
637571172 87.157 0.808361 1713 1.28909
637603940 72.8111 3.0204 217 1.47876
637636708 33.3333 12.1716 15 2.11111
637571174 86.5529 0.696096 2402 1.43211
637603942 76.4479 2.63662 259 1.43598
637636710 69.5652 9.59439 23 1.86486
637571176 87.8604 1.2722 659 1.21582
637603944 94.8797 0.547448 1621 1.221
637636712 96.5874 0.448173 1641 1.37246
637571178 51.2262 1.84498 734 1.21664
637603946 85.0118 0.868816 1688 1.21068
637636714 86.3589 0.781672 1928 1.24568
637571300 89.8851 0.83468 1305 1.33596
637604068 64.539 4.02881 141 1.3758
637636836 38.8889 11.4904 18 1.46154
637571302 91.656 0.570592 2349 1.38937
637604070 69.2623 2.95386 244 1.56747
637636838 78.5714 10.9664 14 1.86364
637571304 96.223 0.80849 556 1.34432
637604072 96.3784 0.507914 1353 1.38237
637636840 96.9097 0.487143 1262 1.48947
637571306 87.3057 1.19817 772 1.20734
637604074 89.8411 0.719711 1762 1.36125
637636842 89.0358 0.733385 1815 1.33874
637571428 91.8581 0.611207 2002 1.28332
637604196 77.13 2.8125 223 1.33205
637636964 69.2308 12.8008 13 1.625
637571430 89.4091 0.602797 2606 1.58596
637604198 74.359 2.85448 234 1.56207
637636966 69.2308 12.8008 13 2.15385
637571432 92.5197 0.953015 762 1.19468
637604200 93.6641 0.595585 1673 1.26165
637636968 95.3514 0.489487 1850 1.26669
637571434 89.3671 1.09673 790 1.20486
637604202 80.67 0.925374 1821 1.17094
637636970 93.9827 0.537016 1961 1.21709
637571556 89.7219 0.676667 2014 1.33321
637604324 73.6462 2.64702 277 1.47273
637637092 59.375 8.68207 32 1.51351
637571558 79.5638 0.810368 2476 1.18503
637604326 79.3594 2.41439 281 1.28947
637637094 56.5217 10.3367 23 1.54839
637571560 88.579 1.1591 753 1.23434
637604328 91.8519 0.629278 1890 1.28167
637637096 92.3874 0.603507 1931 1.26197
637571562 92.1739 1.02247 690 1.2125
637604330 82.6474 0.893104 1798 1.16981
637637098 88.9251 0.731202 1842 1.24164
637571684 93.0725 0.643097 1559 1.31317
637604452 73.3333 3.61068 150 1.64088
637637220 54.5455 15.0131 11 1.5
637571686 91.0554 0.620846 2113 1.30853
637604454 72.4138 3.13696 203 1.33624
637637222 61.5385 13.4932 13 1.40909
637571688 87.883 1.21783 718 1.25253
637604456 95.6204 0.52715 1507 1.32166
637637224 96.0131 0.500194 1530 1.45066
637571690 93.4003 0.940416 697 1.23378
637604458 91.4286 0.690215 1645 1.20994
637637226 94.0786 0.555238 1807 1.30828
637571812 87.3945 0.815137 1658 1.26749
637604580 66.8508 3.49905 181 1.33508
637637348 41.1765 11.9365 17 1.64286
637571814 93.5166 0.56078 1928 1.37168
637604582 72.7273 3.46714 165 1.50249
637637350 86.6667 8.77707 15 1.72727
637571816 93.3948 0.973452 651 1.21996
637604584 91.1153 0.714214 1587 1.19606
637637352 94.8342 0.558958 1568 1.26805
637571818 91.3249 1.11786 634 1.22137
637604586 91.6549 0.735478 1414 1.22937
637637354 96.9417 0.459202 1406 1.39527
637575268 89.6663 0.547865 3087 1.31409
637608036 65.3846 2.95043 260 1.35
637640804 33.3333 11.1111 18 1.46154
637575270 91.768 0.462278 3535 1.34194
637608038 69.17 2.90326 253 1.36538
637640806 33.3333 11.1111 18 1.22222
637575272 92.3899 0.968875 749 1.23529
637608040 93.9097 0.557677 1839 1.27622
637640808 95.3933 0.437014 2301 1.3523
637575274 91.555 1.01806 746 1.24301
637608042 90.8443 0.675277 1824 1.27589
637640810 94.567 0.458125 2448 1.32001
637575396 91.8902 0.479364 3243 1.40268
637608164 64.8387 2.71187 310 1.41234
637640932 47.0588 12.1058 17 1.76471
637575398 93.3333 0.408979 3720 1.54293
637608166 68.5629 2.54034 334 1.62632
637640934 35.2941 11.5904 17 1.54545
637575400 90.8735 1.03985 767 1.18369
637608168 95.9238 0.454963 1889 1.30962
637640936 94.3583 0.47881 2322 1.31566
637575402 84.0278 1.3653 720 1.17411
637608170 87.6797 0.744674 1948 1.19473
637640938 84.9503 0.728045 2412 1.28205
637575524 93.8842 0.410886 3401 1.38306
637608292 62.9482 3.04831 251 1.39256
637641060 18.75 9.75781 16 2.16667
637575526 95.4758 0.355079 3426 1.3936
637608294 62.1875 2.71078 320 1.3754
637641062 22.2222 13.858 9 1.33333
637575528 79.2105 1.472 760 1.13527
637608296 88.4194 0.73085 1917 1.16536
637641064 85.1142 0.718831 2452 1.21263
637575530 88.9209 1.19059 695 1.23901
637608298 87.1535 0.772535 1876 1.2046
637641066 89.9655 0.623525 2322 1.1936
637575652 89.0615 0.555767 3154 1.31465
637608420 66.6667 2.93484 258 1.31298
637641188 23.0769 11.6855 13 1.33333
637575654 83.4651 0.688781 2909 1.21399
637608422 65.529 2.77658 293 1.26936
637641190 50 11.7851 18 2
637575656 91.0448 1.16281 603 1.24041
637608424 90.9234 0.658018 1906 1.22003
637641192 90.8358 0.594286 2357 1.27386
637575658 77.7286 1.5979 678 1.20769
637608426 82.3801 0.915723 1731 1.21211
637641194 75.4939 0.993858 1873 1.22228
637575780 95.3603 0.38156 3039 1.44523
637608548 71.2919 3.12932 209 1.59821
637641316 41.6667 14.2319 12 1.92857
637575782 92.7814 0.444224 3394 1.56204
637608550 68.0162 2.96772 247 1.4359
637641318 21.4286 10.9664 14 1.5
637575784 92.8105 1.04418 612 1.3216
637608552 95.1007 0.503621 1837 1.30589
637641320 96.2661 0.392772 2330 1.57908
637575786 83.8305 1.45875 637 1.18338
637608554 85.2327 0.820632 1869 1.22846
637641322 89.8839 0.613986 2412 1.30566
637575908 95.8082 0.366985 2982 1.47217
637608676 70.1149 2.83343 261 1.66312
637641444 23.0769 11.6855 13 1.5
637575910 95.0688 0.366612 3488 1.40242
637608678 66.6667 3.08167 234 1.43223
637641446 31.25 11.5878 16 2.14286
637575912 91.1765 1.0877 680 1.28556
637608680 92.8571 0.61077 1778 1.25102
637641448 93.2285 0.525163 2289 1.40257
637575914 91.7614 1.03627 704 1.30056
637608682 94.6682 0.546828 1688 1.39846
637641450 93.1935 0.521097 2336 1.30074
637579364 93.6709 0.537246 2054 1.42668
637612132 75.5 3.04118 200 1.41564
637644900 66.6667 15.7135 9 1.875
637579366 93.074 0.524978 2339 1.41495
637612134 70.2564 3.27358 195 1.53778
637644902 63.1579 11.0665 19 1.4
637579368 75.894 1.55666 755 1.11364
637612136 88.5637 0.740922 1845 1.18515
637644904 93.3665 0.585123 1809 1.24666
637579370 94.3213 0.86131 722 1.3456
637612138 85.4878 0.869755 1640 1.27334
637644906 93.6644 0.581989 1752 1.38723
637579492 95.641 0.462378 1950 1.44816
637612260 76.3838 2.58001 271 1.53313
637645028 53.3333 12.8812 15 1.55
637579494 96.203 0.382093 2502 1.60546
637612262 77.1739 2.52637 276 1.53541
637645030 85.7143 9.3522 14 1.52
637579496 91.0663 1.08272 694 1.20886
637612264 94.6784 0.542813 1710 1.21793
637645032 96.3227 0.440914 1822 1.31319
637579498 92.9874 0.956329 713 1.29064
637612266 95.6946 0.486325 1742 1.27827
637645034 96.6489 0.41506 1880 1.40105
637579620 91.9981 0.597507 2062 1.26484
637612388 77.027 2.82328 222 1.40876
637645156 100 0 10 1.66667
637579622 93.1035 0.501601 2552 1.56233
637612390 80.303 2.8264 198 1.46442
637645158 81.25 9.75781 16 2.06061
637579624 88.0769 1.16032 780 1.15568
637612392 73.5111 1.05095 1763 1.23643
637645160 91.5217 0.649391 1840 1.2606
637579626 96.3291 0.669038 790 1.32632
637612394 90.6071 0.698166 1746 1.22648
637645162 94.9896 0.4984 1916 1.41197
637579748 87.6372 0.719135 2095 1.34338
637612516 77.4194 2.83833 217 1.42647
637645284 69.2308 12.8008 13 1.36842
637579750 0 0 2435 0
637612518 0 0 227 0
637645286 0 0 9 0
637579752 93.1429 0.955207 700 1.26547
637612520 88.3683 0.743983 1857 1.1911
637645288 92.4258 0.608924 1888 1.28561
637579754 28.1501 1.64658 746 1.12681
637612522 83.4778 0.89263 1731 1.21058
637645290 90.3905 0.668097 1946 1.27974
637579876 94.7253 0.523959 1820 1.44276
637612644 71.3483 3.38889 178 1.53
637645412 50 13.3631 14 2.22727
637579878 95.3435 0.452425 2169 1.36401
637612646 71.978 3.329 182 1.40529
637645414 50 17.6777 8 2.13333
637579880 90.6569 1.11199 685 1.25834
637612648 96.9735 0.430174 1586 1.30513
637645416 97.4407 0.394548 1602 1.35218
637579882 92.1168 1.02962 685 1.31472
637612650 94.3574 0.577761 1595 1.23776
637645418 95.5363 0.514181 1613 1.31269
637580004 92.899 0.655557 1535 1.35267
637612772 76.4706 2.96987 204 1.47982
637645540 66.6667 13.6083 12 1.94118
637580006 95.3762 0.4157 2552 1.64624
637612774 75.6757 2.66593 259 1.54955
637645542 55 11.1243 20 2.13793
637580008 93.8211 0.970883 615 1.29634
637612776 95.5063 0.521181 1580 1.68486
637645544 96.254 0.47847 1575 1.52916
637580010 95.1123 0.783652 757 1.32712
637612778 97.4957 0.372776 1757 1.35057
637645546 96.8016 0.393355 2001 1.42603
637583460 89.606 0.537564 3223 1.37633
637616228 62.543 2.83733 291 1.27969
637648996 23.5294 10.2879 17 1.90909
637583462 83.7509 0.697905 2794 1.28731
637616230 63.8376 2.91865 271 1.26616
637648998 18.1818 11.6291 11 1.4
637583464 83.0028 1.41362 706 1.1242
637616232 92.9424 0.583438 1927 1.25829
637649000 90.8574 0.580978 2461 1.26652
637583466 85.2528 1.32883 712 1.25746
637616234 91.01 0.673825 1802 1.28145
637649002 91.5898 0.646493 1843 1.23178
637583588 91.2223 0.489777 3338 1.38333
637616356 69.6552 2.69973 290 1.45246
637649124 25 10.8253 16 1.75
637583590 91.0595 0.466124 3747 1.37443
637616358 60.1227 2.7119 326 1.31915
637649126 45.4545 10.6159 22 1.58824
637583592 84.3666 1.33325 742 1.24972
637616360 93.0618 0.569758 1989 1.20729
637649128 94.0341 0.477156 2464 1.25667
637583594 90.3714 1.09403 727 1.30727
637616362 89.9592 0.678511 1962 1.23485
637649130 89.5529 0.625269 2393 1.26641
637583716 88.6625 0.544779 3387 1.28025
637616484 69.1781 2.70223 292 1.47289
637649252 20 10.328 15 1.72727
637583718 90.625 0.478416 3712 1.29493
637616486 61.9597 2.60623 347 1.29261
637649254 27.2727 13.4282 11 1.14286
637583720 90.9333 1.04847 750 1.21787
637616488 92.5488 0.595287 1946 1.19352
637649256 92.1498 0.539651 2484 1.2399
637583722 48.5526 1.81293 760 1.21443
637616490 45.0515 1.12962 1940 1.23341
637649258 51.59 1.02224 2390 1.18283
637583844 93.8362 0.421146 3261 1.47089
637616612 66.2222 3.15302 225 1.38428
637649380 40 21.9089 5 1.33333
637583846 92.5756 0.430768 3704 1.30112
637616614 55.6314 2.90245 293 1.25763
637649382 16.6667 10.7583 12 2.25
637583848 88.7624 1.19117 703 1.19932
637616616 87.1741 0.763507 1918 1.22969
637649384 92.638 0.546681 2282 1.31118
637583850 77.6871 1.53571 735 1.15415
637616618 91.5109 0.644017 1873 1.23719
637649386 93.2019 0.504841 2486 1.33443
637583972 93.1894 0.439282 3289 1.40621
637616740 76.8473 2.96051 203 1.49145
637649508 37.5 17.1163 8 1.8
637583974 96.1026 0.348778 3079 1.56056
637616742 74.8899 2.87821 227 1.66534
637649510 37.5 17.1163 8 2.16667
637583976 87.092 1.29148 674 1.24971
637616744 93.7601 0.560995 1859 1.26897
637649512 93.2797 0.502256 2485 1.35563
637583978 85.2025 1.40137 642 1.31204
637616746 94.6201 0.531351 1803 1.34967
637649514 94.3231 0.483554 2290 1.394
637584100 80.592 0.690873 3277 1.24201
637616868 59.0759 2.82471 303 1.29153
637649636 23.8095 9.29429 21 1.35714
637584102 92.0164 0.46435 3407 1.3445
637616870 71.4724 2.50088 326 1.49198
637649638 36.8421 11.0665 19 1.94118
637584104 87.2576 1.24096 722 1.1443
637616872 86.3394 0.793332 1874 1.19129
637649640 93.3493 0.497241 2511 1.33221
637584106 74.6702 1.57963 758 1.3027
637616874 79.5503 0.933202 1868 1.13435
637649642 82.5654 0.773013 2409 1.19843
637587556 94.8084 0.55155 1618 1.35086
637620324 68.9655 3.50722 174 1.40113
637653092 36.8421 11.0665 19 1.68421
637587558 89.9374 0.636194 2236 1.29474
637620326 75.3555 2.96672 211 1.3506
637653094 70 10.247 20 1.52
637587560 93.3333 0.970959 660 1.15801
637620328 90.0735 0.740178 1632 1.27343
637653096 92.3077 0.655804 1651 1.32459
637587562 96.9849 0.606101 796 1.41839
637620330 94.9689 0.519706 1769 1.31063
637653098 97.6974 0.351189 1824 1.3643
637587684 93.3333 0.59041 1785 1.40312
637620452 73.8095 3.03402 210 1.43023
637653220 66.6667 12.1716 15 1.5
637587686 93.7554 0.502134 2322 1.42729
637620454 78.5124 2.64031 242 1.45172
637653222 70 10.247 20 1.92308
637587688 90.4824 1.05961 767 1.21504
637620456 92.4829 0.629206 1756 1.22049
637653224 94.8619 0.51893 1810 1.20611
637587690 92.2131 0.990428 732 1.20441
637620458 91.5426 0.679055 1679 1.20172
637653226 94.9765 0.499669 1911 1.26853
637587812 90.9228 0.645134 1983 1.3446
637620580 72.1854 2.57844 302 1.36228
637653348 58.8235 11.9365 17 1.70968
637587814 90.736 0.596299 2364 1.24698
637620582 72.6027 2.60999 292 1.42593
637653350 64.2857 12.806 14 1.52
637587816 90.3084 1.13368 681 1.214
637620584 86.2885 0.807161 1816 1.23879
637653352 95.4138 0.480284 1897 1.28259
637587818 94.5245 0.863584 694 1.34426
637620586 92.2063 0.641733 1745 1.22267
637653354 94.3485 0.528225 1911 1.3523
637587940 94.6983 0.53214 1773 1.37449
637620708 78.6008 2.63093 243 1.43525
637653476 66.6667 12.1716 15 1.56
637587942 0 0 2126 0
637620710 0 0 215 0
637653478 0 0 10 0
637587944 95.0774 0.81134 711 1.16582
637620712 88.1416 0.78527 1695 1.29668
637653480 96.1121 0.462225 1749 1.40083
637587946 85.4772 1.31033 723 1.18862
637620714 93.9836 0.5747 1712 1.24072
637653482 96.4183 0.446661 1731 1.36015
637588068 93.7731 0.599997 1622 1.37258
637620836 77.3869 2.96543 199 1.35268
637653604 64.2857 12.806 14 1.33333
637588070 88.3777 0.705272 2065 1.35839
637620838 74.0741 3.44305 162 1.505
637653606 50 14.4338 12 1.75
637588072 70.2216 1.70183 722 1.10448
637620840 90.0485 0.7374 1648 1.15705
637653608 95.5063 0.494095 1758 1.20063
637588074 91.8759 1.05001 677 1.44562
637620842 86.907 0.848361 1581 1.19885
637653610 93.1345 0.599857 1777 1.26638
637588196 82.8726 0.877107 1845 1.26723
637620964 73.065 2.46838 323 1.27989
637653732 37.037 9.29349 27 1.77778
637588198 94.3782 0.475362 2348 1.36325
637620966 74.0351 2.59711 285 1.36145
637653734 48.1481 9.6159 27 1.46875
637588200 89.2758 1.15475 718 1.21712
637620968 86.832 0.79371 1815 1.21352
637653736 96.9231 0.404796 1820 1.3094
637588202 82.4757 1.41781 719 1.13831
637620970 88.8322 0.749928 1764 1.16706
637653738 94.7568 0.518226 1850 1.23925
