637566980 0.641892 0.146787 2960 2.20833
637599748 0.457438 0.0951641 5028 1.42424
637632516 0.584174 0.08781 7532 3.27143
637566982 0.695894 0.155064 2874 2.525
637599750 0.943207 0.13693 4983 2.52239
637632518 0.596295 0.0867189 7882 2.07812
637566984 0 0 72 3
637599752 1.42602 0.500568 561 3.42857
637632520 0.794702 0.323144 755 2.33333
637566986 0.892857 0.888862 112 1
637599754 0.668896 0.333328 598 1.5
637632522 0.620155 0.309115 645 1.5
637567108 0.704722 0.157024 2838 2.25
637599876 0.793328 0.126529 4916 2.13846
637632644 0.980129 0.114152 7448 2.82727
637567110 0.641892 0.146787 2960 2.075
637599878 0.780937 0.124561 4994 2.3
637632646 0.650709 0.0866712 8606 2.41975
637567112 0 0 81 0
637599880 0.953895 0.387564 629 2.14286
637632648 0.903614 0.367229 664 2.28571
637567114 0 0 85 1.25
637599882 0.671141 0.334443 596 3.6
637632650 0.896861 0.364496 669 4
637567236 0.77624 0.161228 2963 1.92537
637600004 0.725206 0.11879 5102 2.12121
637632772 0.729637 0.0980246 7538 2.53165
637567238 0.6 0.154454 2500 1.78
637600006 0.500762 0.104154 4593 2.57692
637632774 0.638067 0.0927742 7366 3.44643
637567240 0.925926 0.921629 108 1
637600008 0.786164 0.350198 636 2.66667
637632776 0.570613 0.284492 701 2
637567242 1.20482 1.19754 83 3.25
637600010 0.807754 0.359777 619 3.66667
637632778 1.36157 0.450757 661 2.5
637567364 0.685636 0.152786 2917 2.15942
637600132 0.80429 0.12827 4849 2.45455
637632900 0.462333 0.079106 7354 1.8125
637567366 0.882768 0.175773 2832 1.26923
637600134 0.758725 0.127761 4613 1.43655
637632902 0.659229 0.0911168 7888 2.04082
637567368 1.81818 1.27391 110 2
637600136 0.969305 0.393795 619 3
637632904 0.725689 0.323358 689 3.14286
637567370 0 0 92 1
637600138 0.355872 0.251191 562 4.33333
637632906 0.768049 0.34216 651 3.71429
637567492 0.322696 0.107392 2789 2.28125
637600260 0.570149 0.10744 4911 2.20455
637633028 0.819209 0.107126 7080 2.05479
637567494 0.271463 0.0958461 2947 2.72222
637600262 2.01086 0.199054 4973 1.30518
637633030 1.03677 0.111217 8295 1.66816
637567496 0 0 86 0
637600264 1.06383 0.473222 470 2.6
637633032 0.553506 0.318681 542 3.75
637567498 0 0 94 0
637600266 0 0 628 0
637633034 0 0 719 0
637567620 0.591099 0.142938 2876 2.43902
637600388 0.431921 0.0940491 4862 2.01852
637633156 0.539011 0.0849951 7421 2.79365
637567622 0.953107 0.189711 2623 2.65909
637600390 0.724638 0.125685 4554 2.875
637633158 0.462522 0.0791382 7351 2.58696
637567624 1.8018 1.26254 111 2
637600392 1.14192 0.429136 613 2.66667
637633160 0.403226 0.232333 744 3
637567626 0 0 95 0
637600394 0.813008 0.362107 615 3.5
637633162 0 0 661 0
637571076 0.390625 0.123285 2560 1.87097
637603844 0.778547 0.149247 3468 2.36842
637636612 0.580383 0.105655 5169 2.21918
637571078 1.01133 0.20124 2472 1.88
637603846 0.684932 0.139331 3504 1.86486
637636614 0.516212 0.0910185 6199 2.84906
637571080 0 0 64 2
637603848 0.587544 0.261985 851 1.4
637636616 0.849515 0.31972 824 1.875
637571082 0 0 70 0
637603850 0.956938 0.336706 836 3.42857
637636618 0.409836 0.236134 732 2.71429
637571204 0.826788 0.18411 2419 1.50638
637603972 1.30378 0.204798 3068 1.61255
637636740 1.76805 0.191197 4751 1.59967
637571206 0.621118 0.154797 2576 2.03846
637603974 0.78765 0.156908 3174 1.62857
637636742 0.73955 0.108637 6220 2.12903
637571208 3.07692 2.14198 65 1
637603976 0.853659 0.321272 820 2.22222
637636744 0.505051 0.251887 792 2.33333
637571210 2.5974 1.81263 77 2
637603978 1.03093 0.341867 873 1.7
637636746 0.490798 0.244796 815 3.2
637571332 0.769854 0.175935 2468 3.38235
637604100 0.588965 0.134719 3226 2.96875
637636868 0.658157 0.114193 5014 2.84783
637571334 0.596347 0.148642 2683 1.7963
637604102 2.77056 0.278825 3465 1.34476
637636870 3.47222 0.222536 6768 1.39229
637571336 1.2987 1.29024 77 3
637604104 0.835322 0.314401 838 1.625
637636872 1.27714 0.40128 783 3.83333
637571338 2.98507 2.07902 67 1.33333
637604106 0.344037 0.198288 872 1.66667
637636874 0.866337 0.326023 808 1.88889
637571460 0.412882 0.130295 2422 2.13793
637604228 1.20025 0.193535 3166 2.61538
637636996 1.79071 0.18112 5361 1.87903
637571462 0.911854 0.185281 2632 2.31429
637604230 0.62461 0.13923 3202 2.04
637636998 0.562324 0.0934568 6402 2.5
637571464 0 0 57 2
637604232 1.14796 0.38045 784 1.8
637637000 1.01266 0.356211 790 2.2
637571466 0 0 81 0
637604234 0.705882 0.287156 850 3.77778
637637002 0.670391 0.272767 895 1.42857
637571588 0.509771 0.146783 2354 1.66667
637604356 0.78534 0.159676 3056 1.43564
637637124 0.79448 0.128369 4783 1.81667
637571590 0.678829 0.16913 2357 2.4
637604358 0.409137 0.117866 2933 1.67647
637637126 0.534188 0.0972681 5616 2.76
637571592 0 0 52 0
637604360 0.657895 0.29325 760 3.75
637637128 1.06383 0.374115 752 2.22222
637571594 1.47059 1.45974 68 1
637604362 0.367647 0.211871 816 2.33333
637637130 0.952381 0.33511 840 4
637571716 0.59448 0.158408 2355 3
637604484 0.781504 0.158899 3071 2.4375
637637252 0.518672 0.103465 4820 2.10638
637571718 0.567031 0.151115 2469 2.23529
637604486 0.739993 0.157182 2973 2.70968
637637254 0.408233 0.0831599 5879 2.14894
637571720 0 0 73 2
637604488 0.59453 0.26509 841 4.4
637637256 1.57959 0.434625 823 2.94118
637571722 0 0 56 1
637604490 0.841346 0.316658 832 4.66667
637637258 0.516129 0.257398 775 3.8
637575172 0.735294 0.159863 2856 2
637607940 1.12483 0.15662 4534 1.36789
637640708 0.817041 0.108735 6854 1.91379
637575174 0.828363 0.164985 3018 1.7561
637607942 1.10265 0.147859 4988 2.04054
637640710 1.06134 0.113838 8103 2.375
637575176 2.35294 1.64409 85 1
637607944 1.40187 0.568285 428 1.83333
637640712 0.662252 0.381083 453 1.66667
637575178 0 0 67 2
637607946 2.23214 0.697943 448 2.18182
637640714 0.352113 0.248543 568 4.5
637575300 0.505902 0.130293 2965 2.5
637608068 0.943009 0.138382 4878 2.46774
637640836 0.715926 0.0979873 7403 2.00763
637575302 0.762094 0.158301 3018 2.16438
637608070 0.673595 0.113474 5196 2.54237
637640838 0.495108 0.0762074 8483 2.71429
637575304 1.13636 1.12989 88 1
637608072 1.86335 0.615304 483 1.44444
637640840 0.362319 0.255734 552 2.4
637575306 2.53165 1.76734 79 1
637608074 0.826446 0.411512 484 1.8
637640842 1.31796 0.462887 607 3.625
637575428 1.06456 0.19018 2912 1.5414
637608196 0.889428 0.133489 4947 2.19118
637640964 1.17349 0.124358 7499 2.26667
637575430 1.0101 0.186621 2871 2.01754
637608198 0.990525 0.14532 4644 1.58273
637640966 0.851384 0.102805 7987 2.87097
637575432 0 0 67 0
637608200 0.909091 0.522473 330 1.66667
637640968 0.531915 0.375119 376 3.33333
637575434 0 0 40 0
637608202 0.931677 0.535392 322 4.33333
637640970 0.3861 0.272487 518 4.75
637575556 0.557686 0.139032 2869 1.65517
637608324 0.761474 0.124708 4859 1.30797
637641092 0.611751 0.0930054 7029 1.62927
637575558 0.745573 0.185697 2146 2.75676
637608326 0.768597 0.144692 3643 2.41379
637641094 0.537153 0.0978065 5585 1.87379
637575560 1.31579 1.3071 76 1
637608328 0.511509 0.360765 391 2.5
637641096 1.37525 0.516207 509 1.625
637575562 0 0 58 1
637608330 1.02881 0.457723 486 2.28571
637641098 0.395257 0.278936 506 2.5
637575684 0.766983 0.166726 2738 2.51163
637608452 0.895647 0.135972 4801 1.57143
637641220 0.854336 0.109822 7023 2.54348
637575686 0.684438 0.156483 2776 1.76515
637608454 0.732154 0.121578 4917 1.68644
637641222 0.737961 0.0957192 7995 2.77064
637575688 0 0 63 0
637608456 0.505051 0.356222 396 3.5
637641224 2.05339 0.642637 487 2.66667
637575690 0 0 81 1
637608458 1.45985 0.591617 411 1.4
637641226 0.905797 0.403246 552 1.66667
637575812 0.428516 0.128925 2567 2.53125
637608580 0.711269 0.125288 4499 3.09091
637641348 0.748951 0.10552 6676 2.95238
637575814 0.938478 0.179761 2877 2.15385
637608582 0.588116 0.108889 4931 2.20833
637641350 0.532883 0.0830003 7694 2.98529
637575816 4.16667 2.35498 72 3.33333
637608584 0.886918 0.441488 451 2
637641352 0.487013 0.280492 616 2
637575818 0 0 58 1
637608586 0.212766 0.212539 470 3
637641354 0.924214 0.411407 541 1.5
637579268 0.63745 0.158854 2510 2.17647
637612036 0.775675 0.154532 3223 1.376
637644804 0.696405 0.114089 5313 1.37028
637579270 10.8585 0.615984 2551 1.42623
637612038 1.07626 0.18094 3252 1.55676
637644806 1.81529 0.168467 6280 2.17647
637579272 0 0 95 1
637612040 1.2318 0.369108 893 2.69231
637644808 1.92044 0.508307 729 2.71429
637579274 2.1978 1.53691 91 2.33333
637612042 0.650759 0.264805 922 2.33333
637644810 0.78637 0.319769 763 2.57143
637579396 0.947493 0.192488 2533 1.55556
637612164 0.74096 0.147642 3374 1.40933
637644932 0.593824 0.108095 5052 1.47826
637579398 1.10069 0.210659 2453 1.94595
637612166 0.735294 0.149538 3264 2.72222
637644934 0.994161 0.124628 6337 2.24806
637579400 0 0 104 0
637612168 0.771775 0.290576 907 1.57143
637644936 0.628141 0.280029 796 2.5
637579402 0 0 75 0
637612170 0.536481 0.239277 932 3.6
637644938 0.58548 0.261067 854 3
637579524 0.856698 0.181865 2568 3.20513
637612292 0.590796 0.135137 3216 1.28276
637645060 0.593074 0.106203 5227 1.33878
637579526 1.19461 0.213272 2595 1.79221
637612294 1.17435 0.186938 3321 2.84
637645062 0.808348 0.108556 6804 2.37008
637579528 0 0 89 2
637612296 1.36519 0.391396 879 2.375
637645064 1.35318 0.425008 739 3
637579530 0 0 54 0
637612298 1.04408 0.346206 862 2
637645066 1.39064 0.41637 791 2.09091
637579652 0.354191 0.117854 2541 2.91667
637612420 1.10945 0.181377 3335 1.68462
637645188 0.495899 0.0970124 5243 2.68421
637579654 0.481155 0.138563 2494 1.53271
637612422 0.582286 0.133196 3263 2.72727
637645190 0.365369 0.0760455 6295 1.57862
637579656 0 0 75 1
637612424 1.40845 0.466166 639 1.66667
637645192 1.13208 0.459544 530 2.88889
637579658 1.02041 1.01519 98 1
637612426 0.656455 0.267116 914 1.4
637645194 1.04712 0.36827 764 1.45455
637579780 0.461681 0.145659 2166 2.04762
637612548 0.571429 0.142448 2800 3.35294
637645316 0.397439 0.0934909 4529 3.05556
637579782 0.873965 0.199623 2174 2.86207
637612550 0.805566 0.171054 2731 2.57895
637645318 0.650877 0.108126 5531 2.60465
637579784 1.08696 1.08103 92 2.33333
637612552 0.571429 0.254819 875 1.4
637645320 0.241546 0.170592 828 1.25
637579786 0 0 88 1
637612554 0.580046 0.258651 862 1.33333
637645322 0.824176 0.335079 728 1.57143
637579908 0.473373 0.136327 2535 1.31373
637612676 0.807704 0.157763 3219 1.29358
637645444 0.680132 0.117992 4852 1.48116
637579910 0.997208 0.198445 2507 1.70787
637612678 0.980101 0.169776 3367 1.43931
637645446 0.70922 0.105349 6345 3.03896
637579912 2.10526 1.47289 95 2.5
637612680 0.220751 0.155922 906 1.8
637645448 0.702576 0.285816 854 2.88889
637579914 0 0 87 0
637612682 0.970874 0.32205 927 2.75
637645450 0.409836 0.236134 732 3
637583364 1.03831 0.191806 2793 3.07353
637616132 0.800821 0.12772 4870 2.68852
637648900 3.40659 0.212602 7280 2.02583
637583366 1.65746 0.273944 2172 1.7037
637616134 1.34567 0.192919 3567 2.31373
637648902 0.784125 0.111578 6249 2.9359
637583368 0 0 45 0
637616136 1.06383 0.529078 376 3.66667
637648904 0.674157 0.387911 445 5.66667
637583370 6.57895 2.84377 76 2.4
637616138 0.853242 0.37995 586 3.25
637648906 1.03858 0.390501 674 1.875
637583492 1.00368 0.182324 2989 2.01429
637616260 0.818037 0.127232 5012 1.59302
637649028 0.752376 0.099279 7576 2.41975
637583494 1.07066 0.194426 2802 1.71739
637616262 0.690355 0.117986 4925 2.97778
637649030 0.611804 0.0854073 8336 1.76774
637583496 0 0 62 1
637616264 0.860585 0.383206 581 2
637649032 1.26761 0.419849 710 3.18182
637583498 0 0 62 1.11111
637616266 0.932401 0.464022 429 1
637649034 0.795229 0.39603 503 2.14286
637583620 0.511811 0.141587 2540 2.64706
637616388 0.669696 0.126136 4181 1.66667
637649156 0.481182 0.0907159 5819 2
637583622 1.13519 0.196487 2907 1.5516
637616390 1.33172 0.162828 4956 1.57012
637649158 0.829369 0.100158 8199 1.57829
637583624 1.5873 1.57465 63 4
637616392 0.515464 0.296835 582 6
637649160 0.806452 0.327902 744 3
637583626 0 0 64 1
637616394 0.857633 0.381897 583 2.2
637649162 0.696379 0.310344 718 3.375
637583748 0.761145 0.165462 2759 2.46667
637616516 0.645296 0.115524 4804 2.50877
637649284 0.629987 0.0936167 7143 2.80556
637583750 0.579809 0.140216 2932 3.28571
637616518 1.23703 0.156128 5012 1.88128
637649286 0.945798 0.106583 8247 3.76699
637583752 0 0 47 0
637616520 0.184502 0.184332 542 3
637649288 0.568182 0.283283 704 2
637583754 0 0 47 0
637616522 0.919118 0.409149 544 2.5
637649290 0.816326 0.331901 735 2.625
637583876 0.58997 0.147057 2712 4.5625
637616644 0.469484 0.097664 4899 2.63636
637649412 0.353549 0.069214 7354 2.86364
637583878 0.528103 0.140768 2651 2.6129
637616646 0 0 4500 0
637649414 0.683835 0.099406 6873 2.57724
637583880 3.7037 2.56996 54 1
637616648 1.78218 0.588742 505 2.3
637649416 1.16279 0.408711 688 2.625
637583882 0 0 57 1
637616650 0.718133 0.357775 557 1.66667
637649418 1.18871 0.417766 673 1.125
637584004 0.486449 0.129692 2878 2.57143
637616772 0.85777 0.130246 5013 2.51852
637649540 0.628492 0.0933951 7160 2.62319
637584006 0 0 2943 0
637616774 0 0 4764 0
637649542 0 0 7751 0
637584008 0 0 64 0
637616776 0.378788 0.267336 528 2
637649544 0.560224 0.279326 714 1.8
637584010 5.08475 2.86007 59 2.66667
637616778 0.391389 0.276212 511 6.5
637649546 0.763359 0.340079 655 2.6
637587460 0.588235 0.151434 2550 1.61972
637620228 1.00681 0.171795 3377 1.29288
637652996 0.82912 0.128949 4945 1.45181
637587462 2.21958 0.293294 2523 1.87603
637620230 1.15987 0.189573 3190 1.67361
637652998 2.56627 0.205464 5923 1.72598
637587464 0 0 68 0
637620232 0.726744 0.323827 688 1.42857
637653000 0.941176 0.468368 425 1.25
637587466 2.5641 1.7897 78 1.5
637620234 0.629723 0.280733 794 1.4
637653002 1.08499 0.440536 553 2.42857
637587588 1.37931 0.234913 2465 2.03509
637620356 2.7961 0.292213 3183 1.38854
637653124 0.765412 0.12535 4834 2.22388
637587590 1.57791 0.247513 2535 2.10526
637620358 1.47382 0.213388 3189 1.44726
637653126 1.14144 0.136627 6045 2.45312
637587592 0 0 84 1
637620360 0.664894 0.296359 752 1.6
637653128 1.25523 0.509219 478 1.75
637587594 0 0 71 1
637620362 0.634518 0.282863 788 2
637653130 1.2959 0.525608 463 1.42857
637587716 0.799087 0.173677 2628 1.94444
637620484 0.58072 0.129475 3444 2.26829
637653252 0.644531 0.111836 5120 2.56863
637587718 0.919188 0.186764 2611 1.42466
637620486 0.651743 0.135454 3529 1.45455
637653254 0.530256 0.0906967 6412 2.92157
637587720 1.28205 1.27381 78 1
637620488 1.34933 0.44673 667 1.625
637653256 1.79372 0.628463 446 2.83333
637587722 0 0 71 1.66667
637620490 0.739645 0.329554 676 2.75
637653258 0.645161 0.371281 465 1.5
637587844 0.580191 0.154612 2413 2.25926
637620612 0.520664 0.129827 3073 2.18182
637653380 0.355723 0.0861219 4779 2
637587846 0.697293 0.168528 2438 1.69697
637620614 0.605857 0.142369 2971 1.72727
637653382 0.511771 0.0931967 5862 2.73171
637587848 0 0 70 1
637620616 0.872093 0.354475 688 3.14286
637653384 0.845666 0.421041 473 2.625
637587850 1.42857 1.41833 70 1
637620618 1.1236 0.422287 623 3.375
637653386 1.40562 0.527528 498 1.375
637587972 0.313761 0.118404 2231 1.70588
637620740 0.831313 0.168984 2887 1.45361
637653508 0.59239 0.115833 4389 1.43621
637587974 0.249688 0.101807 2403 2.55
637620742 0.7138 0.155207 2942 1.66667
637653510 0.682839 0.110392 5565 2.31373
637587976 2.5 1.74553 80 2
637620744 1.8759 0.515378 693 2.58333
637653512 0.932836 0.415226 536 3.8
637587978 0 0 83 0
637620746 1.45119 0.434363 758 1.63636
637653514 0.368324 0.259964 543 2.66667
637588100 0.524828 0.145179 2477 2.82857
637620868 0.607165 0.135353 3294 1.55294
637653636 0.601202 0.109434 4990 1.7033
637588102 0.699029 0.164186 2575 1.31148
637620870 0.367309 0.105838 3267 1.51899
637653638 0.414211 0.081065 6277 2.09231
637588104 1.26582 1.25779 79 4
637620872 1.53203 0.458373 718 2.66667
637653640 2.4911 0.65743 562 2
637588106 1.2987 1.29024 77 4.5
637620874 1.42303 0.425995 773 2.22222
637653642 1.11607 0.496329 448 5.16667
637567012 0.83815 0.154987 3460 1.53488
637599780 0.38883 0.0827375 5658 2.02381
637632548 1.12961 0.148773 5046 1.52778
637567014 0.469621 0.117129 3407 1.19512
637599782 0.401396 0.0835287 5730 2.92105
637632550 0.289256 0.0771951 4840 1.96
637567016 1.17647 1.16953 85 1
637599784 0.668896 0.210815 1495 3.6
637632552 1.86916 0.462902 856 1.40741
637567018 2.89855 2.01966 69 2.33333
637599786 0.712251 0.22443 1404 1.53846
637632554 1.58924 0.43726 818 2.1
637567140 1.72712 0.221036 3474 1.43662
637599908 0.439802 0.0895766 5457 1.94286
637632676 0.826121 0.126946 5084 1.7381
637567142 0.777874 0.149119 3471 1.42857
637599910 0.721114 0.109572 5963 1.62441
637632678 0.399848 0.0870793 5252 1.55
637567144 1.5625 1.55024 64 1
637599912 0.411523 0.167657 1458 1.26923
637632680 8.43829 0.986447 794 1.1773
637567146 4.47761 2.52661 67 2
637599914 0.277008 0.138312 1444 2
637632682 2.3085 0.48646 953 1.42105
637567268 1.27623 0.189032 3526 1.64189
637600036 0.456461 0.0893148 5696 1.7
637632804 0.378716 0.084523 5281 2.57143
637567270 1.12155 0.183345 3299 1.33969
637600038 0.557103 0.0982081 5744 1.37433
637632806 0.612406 0.109654 5062 1.8125
637567272 0 0 74 2
637600040 0.412939 0.168233 1453 2.14286
637632808 0.776915 0.292503 901 1.66667
637567274 1.5625 1.55024 64 1
637600042 1.20141 0.28963 1415 1.68182
637632810 1.26147 0.37794 872 1.95833
637567396 1.30858 0.198247 3286 1.65263
637600164 0.58856 0.103737 5437 1.62371
637632932 5.11926 0.306898 5157 1.6113
637567398 0.439189 0.121541 2960 2.11429
637600166 0.707596 0.120922 4805 1.5
637632934 0.590551 0.113316 4572 1.76923
637567400 0 0 68 1.5
637600168 0.351124 0.156751 1424 1.6
637632936 3.19444 0.655362 720 1.28947
637567402 0 0 69 0
637600170 0.164069 0.115919 1219 1
637632938 8.32158 1.03732 709 1.87143
637567524 1.48883 0.213289 3224 1.8024
637600292 0.452318 0.09212 5306 2.14545
637633060 2.21815 0.210091 4914 1.55634
637567526 1.17047 0.186325 3332 1.56098
637600294 0.533618 0.0971646 5622 2.57143
637633062 0.419527 0.0892557 5244 3.09091
637567528 0 0 60 0
637600296 0.177148 0.125151 1129 2
637633064 0.91623 0.344712 764 1.27273
637567530 3.33333 2.31741 60 1.4
637600298 0.854701 0.236036 1521 2.17647
637633066 1.87019 0.449326 909 1.47619
637567652 0.676073 0.140494 3402 1.61345
637600420 0.494144 0.0948627 5464 1.40506
637633188 0.913605 0.134087 5035 1.60769
637567654 0.850229 0.166033 3058 1.9359
637600422 0.584089 0.108145 4965 2.60784
637633190 0.433691 0.0992795 4381 3.15152
637567656 2.43902 1.70349 82 2.66667
637600424 0.660502 0.208178 1514 2.375
637633192 1.26336 0.348173 1029 1.56522
637567658 2.5974 1.81263 77 1.4
637600426 0.893471 0.246695 1455 2.6875
637633194 1.5984 0.396394 1001 2.37931
637571108 0.418141 0.115729 3109 1.74
637603876 0.590179 0.117687 4236 2.51429
637636644 2.5255 0.345773 2059 1.85938
637571110 0.642261 0.143152 3114 1.41709
637603878 0.845982 0.14447 4019 1.46087
637636646 0.573514 0.172424 1918 1.95
637571112 0.980392 0.563248 306 1.33333
637603880 0.354862 0.158417 1409 1.46154
637636648 0.789734 0.278108 1013 1.61111
637571114 0.925926 0.532103 324 3
637603882 0.543057 0.204698 1289 2.76923
637636650 0.565504 0.230212 1061 1.41935
637571236 0.891632 0.174082 2916 2.3125
637604004 0.543183 0.121129 3682 2.2931
637636772 0.592353 0.178071 1857 2.66667
637571238 2.91517 0.30447 3053 1.87662
637604006 0.539957 0.120412 3704 2.25581
637636774 0.428495 0.151171 1867 1.72727
637571240 0 0 278 1
637604008 0.296956 0.148257 1347 2
637636776 0.780488 0.274865 1025 1.4375
637571242 0.996678 0.572557 301 4.66667
637604010 1.20567 0.290651 1410 2.19048
637636778 1.38203 0.366803 1013 1.77778
637571364 0.546448 0.136238 2928 1.97887
637604132 0.728155 0.139622 3708 1.77193
637636900 0.408789 0.144233 1957 1.28571
637571366 0.726612 0.147779 3303 2.35714
637604134 0.565117 0.120142 3893 2.09756
637636902 0.993049 0.220947 2014 3.11538
637571368 0.3367 0.336133 297 2.5
637604136 0.726216 0.228814 1377 1.33333
637636904 0.20555 0.145196 973 1.83333
637571370 0.983607 0.565086 305 3.28571
637604138 0.437637 0.178273 1371 2.22222
637636906 0.790514 0.278382 1012 2.85714
637571492 0.528701 0.140927 2648 1.76119
637604260 0.343741 0.0990588 3491 2.5
637637028 0.322234 0.131339 1862 2.21429
637571494 0.836013 0.163269 3110 3.40476
637604262 3.32036 0.288568 3855 2
637637030 0.616967 0.177553 1945 2.7
637571496 1.1811 0.677871 254 2.14286
637604264 0.3861 0.172336 1295 1.40625
637637032 0.900901 0.317079 888 1.23232
637571498 0.600601 0.423412 333 2
637604266 0.484094 0.182527 1446 1.44
637637034 0.890208 0.295412 1011 1.63889
637571620 0.498043 0.132776 2811 1.75373
637604388 0.491803 0.115634 3660 1.55833
637637156 0.656814 0.188982 1827 2.45
637571622 0.592128 0.143186 2871 2.04167
637604390 0.875657 0.159171 3426 1.90196
637637158 0.672269 0.193414 1785 2.18182
637571624 1.1236 0.645053 267 2
637604392 0.621601 0.219085 1287 2.31579
637637160 1.30435 0.374069 920 1.47475
637571626 0.766284 0.539764 261 2
637604394 0.435098 0.177241 1379 2.22222
637637162 0.784314 0.276207 1020 1.57143
637571748 0.554401 0.138215 2886 2.37037
637604516 0.520382 0.122336 3459 2.87097
637637284 0.600109 0.180396 1833 2.64706
637571750 0.78072 0.162155 2946 2.69231
637604518 0.445765 0.114839 3365 2.02941
637637286 0.615557 0.185025 1787 2.92308
637571752 0.628931 0.443321 318 1.33333
637604520 0.446429 0.181846 1344 1.93333
637637288 0.737619 0.277763 949 1.14815
637571754 0.920245 0.528854 326 1.66667
637604522 1.08225 0.27792 1386 1.75
637637290 0.957854 0.301446 1044 1.58333
637575204 0.727273 0.170795 2475 1.52669
637607972 0.540673 0.11496 4069 1.70991
637640740 1.08003 0.172007 3611 1.60142
637575206 0.430169 0.11083 3487 1.9
637607974 0.409556 0.083429 5860 2.01587
637640742 0.972054 0.13962 4938 2.3871
637575208 2.08333 2.06152 48 1
637607976 0.620347 0.276566 806 1.45
637640744 3.386 0.859334 443 1.30303
637575210 0 0 58 1
637607978 1.13043 0.311749 1150 1.8
637640746 1.72712 0.541425 579 1.94118
637575332 2.26678 0.253737 3441 1.80102
637608100 0.780258 0.118523 5511 2.16216
637640868 3.16206 0.245998 5060 1.39796
637575334 0.572082 0.127555 3496 1.79167
637608102 1.14732 0.137327 6014 1.33723
637640870 0.464486 0.0945924 5167 1.47222
637575336 16.6667 4.58735 66 1.15789
637608104 0.518135 0.210979 1158 1.68421
637640872 2.52708 0.666801 554 1.42857
637575338 0 0 67 0
637608106 0.670578 0.236289 1193 2.4
637640874 1.4881 0.467063 672 2.33333
637575460 1.19429 0.1854 3433 1.58389
637608228 0.618857 0.105804 5494 2.09009
637640996 0.411369 0.0875235 5348 2.24138
637575462 0.660284 0.147156 3029 3.05882
637608230 0.798853 0.127407 4882 2.6
637640998 0.740418 0.12651 4592 2.5
637575464 2.77778 2.73893 36 2
637608232 0.448431 0.223712 892 1.63636
637641000 2.05993 0.614661 534 1.89474
637575466 0 0 32 0
637608234 0.300903 0.173465 997 1.75
637641002 2.14592 0.67128 466 1.54545
637575588 0.972304 0.168432 3394 1.54011
637608356 0.340502 0.0779834 5580 1.78947
637641124 0.547838 0.103248 5111 2.22
637575590 0.526956 0.145766 2467 1.87097
637608358 0.586378 0.114661 4434 1.50833
637641126 0.52687 0.117501 3796 2.62857
637575592 0 0 44 0
637608360 0.28169 0.162405 1065 1.125
637641128 0.862069 0.429173 464 2
637575594 0 0 60 2
637608362 1.13422 0.325558 1058 2.61111
637641130 2.17391 0.596345 598 1.88235
637575716 1.44065 0.210877 3193 1.73188
637608484 0.384756 0.083799 5458 2.13187
637641252 5.1696 0.316497 4894 1.45819
637575718 0.157282 0.0702834 3179 1.61765
637608486 0.290909 0.0726214 5500 2.75
637641254 0.135528 0.0511899 5165 2.9
637575720 4 2.77128 50 3
637608488 0.426439 0.212765 938 1.4
637641256 2.52809 0.831976 356 1.5625
637575722 4.34783 3.0068 46 2
637608490 0.735971 0.259246 1087 2.44444
637641258 1.54639 0.511463 582 2.21429
637575844 0.725552 0.150738 3170 2.0566
637608612 0.570776 0.103911 5256 2.45455
637641380 0.371098 0.0898373 4581 3.1
637575846 0.679432 0.144362 3238 1.54444
637608614 0.648298 0.107699 5553 2.30769
637641382 0.456621 0.0971294 4818 2.47059
637575848 1.21951 1.21205 82 1
637608616 0.536673 0.218507 1118 2.25
637641384 1.11111 0.417621 630 1.29412
637575850 0 0 71 0
637608618 0.432526 0.193013 1156 3.42857
637641386 1.01892 0.38315 687 1.88889
637579300 0.347551 0.104608 3165 2.19231
637612068 0.465116 0.109374 3870 1.88679
637644836 0.292398 0.119196 2052 2.25
637579302 0.486224 0.125237 3085 1.81928
637612070 0.770662 0.142556 3763 1.29677
637644838 0.810811 0.2085 1850 2.70968
637579304 1.26582 0.628893 316 1.125
637612072 0.884244 0.265428 1244 2.11765
637644840 0.575658 0.216951 1216 2.06667
637579306 0.588235 0.41472 340 2.75
637612074 0.794798 0.238686 1384 3.28571
637644842 0.725806 0.241056 1240 1.67857
637579428 0.58309 0.137034 3087 1.66667
637612196 0.55017 0.119726 3817 1.78261
637644964 0.792472 0.197331 2019 1.76667
637579430 1.85547 0.243472 3072 1.34783
637612198 0.979873 0.160299 3776 1.21321
637644966 0.420168 0.148239 1904 1.24405
637579432 0.882353 0.507174 340 1.31818
637612200 0.567376 0.200028 1410 1.22222
637644968 0.670017 0.236092 1194 1.21519
637579434 0.923077 0.530473 325 2.2
637612202 0.742741 0.223112 1481 1.6
637644970 0.773994 0.243809 1292 3.2
637579556 0.381098 0.120284 2624 1.86957
637612324 0.533708 0.122114 3560 1.60656
637645092 0.315457 0.128582 1902 1.54545
637579558 0.566216 0.13308 3179 1.62921
637612326 1.06302 0.163154 3951 1.6696
637645094 0.840336 0.202953 2023 2
637579560 0.384615 0.383875 260 3
637612328 0.154799 0.109374 1292 2.66667
637645096 0.18797 0.13279 1064 1.85714
637579562 1.22324 0.607869 327 2
637612330 1.08949 0.289589 1285 2.25
637645098 0.88 0.26416 1250 2.23529
637579684 0.360301 0.108439 3053 1.8
637612452 0.431582 0.104448 3939 2
637645220 1.99805 0.30891 2052 1.41667
637579686 0.689203 0.149877 3047 2.16364
637612454 0.711275 0.136397 3796 2.90244
637645222 0.6157 0.177189 1949 2.33333
637579688 0.404858 0.404038 247 2
637612456 0.612245 0.249182 980 2.25
637645224 0.753769 0.250308 1194 1.41935
637579690 0.934579 0.537052 321 2
637612458 0.683891 0.227183 1316 3
637645226 1.36656 0.329167 1244 1.41892
637579812 0.970874 0.189477 2678 1.51829
637612580 0.269784 0.0898067 3336 1.29817
637645348 0.376952 0.142206 1857 1.24286
637579814 1.41762 0.231398 2610 1.43085
637612582 0.783945 0.156173 3189 2.22222
637645350 0.97589 0.23553 1742 1.73913
637579816 0.341297 0.340714 293 3.5
637612584 0.661765 0.219857 1360 1.42857
637645352 0.8 0.281709 1000 2.07143
637579818 0.636943 0.44895 314 1.66667
637612586 0.74565 0.247622 1207 1.36364
637645354 0.787402 0.27729 1016 2.05263
637579940 0.547758 0.136564 2921 2.6
637612708 0.372638 0.0994059 3757 2.25806
637645476 0.802998 0.206499 1868 2
637579942 0.447427 0.119312 3129 2.31461
637612710 0.632603 0.123671 4110 2.07143
637645478 0.353714 0.133455 1979 3.46154
637579944 0.928793 0.533743 323 1.75
637612712 0.433213 0.176475 1385 1.47368
637645480 1.86283 0.39344 1181 1.25882
637579946 0.900901 0.517787 333 2.08333
637612714 0.535988 0.202041 1306 1.4
637645482 0.316957 0.158227 1262 1.23529
637583396 0.659472 0.140136 3336 2.30723
637616164 0.875782 0.124563 5595 2.12644
637648932 0.338915 0.0820597 5016 3.15385
637583398 1.07128 0.208967 2427 1.6087
637616166 1.10276 0.165328 3990 1.51254
637648934 0.593312 0.126119 3708 1.63529
637583400 12.8205 5.35337 39 1
637616168 0.116414 0.116347 859 1.34783
637648936 22.9911 1.98798 448 1.12108
637583402 0 0 61 0
637616170 0.550585 0.194125 1453 2.41667
637648938 1.83639 0.548586 599 1.11765
637583524 1.47937 0.203629 3515 1.53439
637616292 0.718794 0.111853 5704 2.65672
637649060 0.491122 0.0960801 5294 2.525
637583526 3.64985 0.323034 3370 1.34783
637616294 0.606169 0.103642 5609 1.40704
637649062 0.555005 0.104595 5045 2.15315
637583528 0 0 62 1
637616296 0.193548 0.111637 1550 3.71429
637649064 3.73832 0.748682 642 1.45455
637583530 1.63934 1.62585 61 3
637616298 1.17388 0.291743 1363 1.85
637649066 1.37328 0.411208 801 2.25
637583652 0.579092 0.132468 3281 1.77698
637616420 0.514823 0.0953539 5633 1.78986
637649188 0.468019 0.0953101 5128 2.52941
637583654 1.06383 0.178861 3290 1.61111
637616422 0.755579 0.114789 5691 2.13559
637649190 0.576655 0.106773 5029 1.77612
637583656 1.88679 1.86891 53 2
637616424 0.463576 0.174809 1510 1.45714
637649192 5.05226 0.914175 574 1.20513
637583658 1.47059 1.45974 68 1.8
637616426 0.798403 0.229557 1503 1.84615
637649194 3.38645 0.807309 502 1.70833
637583780 1.49436 0.211879 3279 2.03497
637616548 0.56872 0.103538 5275 1.56122
637649316 0.361373 0.0850224 4981 2.56
637583782 0.237741 0.0839543 3365 1.85
637616550 0.4746 0.0911198 5689 2.57353
637649318 0.546022 0.102906 5128 2.72727
637583784 4.28571 2.42076 70 1.83333
637616552 0.426136 0.173598 1408 2
637649320 2.09424 0.598191 573 1.58065
637583786 2.32558 1.6252 86 1.75
637616554 0.130293 0.0920711 1535 1
637649322 1.07034 0.402378 654 1.86667
637583908 1.15121 0.188166 3214 1.74603
637616676 1.07066 0.13748 5604 1.93617
637649444 3.09423 0.245453 4977 1.35838
637583910 0.652955 0.145528 3063 1.91935
637616678 0.392696 0.0876369 5093 3.05714
637649446 0.388571 0.0940591 4375 3.29167
637583912 0 0 50 1.66667
637616680 0.214439 0.123674 1399 1.5
637649448 2.1611 0.644517 509 1.625
637583914 0 0 69 1
637616682 0.683891 0.227183 1316 2.41667
637649450 0.681818 0.392304 440 1.45
637584036 0.73185 0.145833 3416 1.68912
637616804 1.37058 0.153141 5764 1.95327
637649572 0.804182 0.12664 4974 2.4
637584038 0.80911 0.155082 3337 1.6044
637616806 0.57929 0.102108 5524 1.69512
637649574 0.526316 0.104986 4750 2.18868
637584040 4 2.77128 50 3
637616808 0.273411 0.136518 1463 2.28571
637649576 1.39104 0.460442 647 2.21429
637584042 1.69492 1.68049 59 1.5
637616810 0.846262 0.243259 1418 3
637649578 1.72414 0.515346 638 2
637587492 0.55756 0.134851 3049 1.76744
637620260 0.629089 0.125421 3974 1.79545
637653028 0.712468 0.189736 1965 2.16667
637587494 0.523903 0.130632 3054 2.34211
637620262 0.687947 0.137115 3634 1.73438
637653030 0.787845 0.209729 1777 2.8
637587496 1.72414 0.764382 290 1.53333
637620264 1.04948 0.394577 667 2.15
637653032 1.53203 0.458373 718 1.18919
637587498 0.597015 0.420891 335 2.85714
637620266 0.947368 0.31429 950 1.40909
637653034 1.03627 0.325995 965 2.05882
637587620 0.77821 0.158232 3084 1.76667
637620388 0.807102 0.14676 3717 1.37247
637653156 4.04145 0.448262 1930 1.20988
637587622 0.730689 0.158866 2874 1.58947
637620390 0.82713 0.150387 3627 1.30693
637653158 0.965361 0.233001 1761 2.08571
637587624 0.699301 0.492748 286 2.4
637620392 0.802752 0.302192 872 2.07143
637653160 0.750939 0.305416 799 2
637587626 1.21951 0.606027 328 2.5
637620394 1.48402 0.408527 876 2.4375
637653162 0.588235 0.262292 850 2.15385
637587748 1.36275 0.208839 3082 2.03797
637620516 0.556496 0.115714 4133 1.93333
637653284 2.09348 0.315893 2054 1.40426
637587750 0.61849 0.141452 3072 2.18033
637620518 0.694611 0.128537 4175 2.8125
637653286 0.906921 0.207116 2095 3.36364
637587752 1.07914 0.619669 278 2.33333
637620520 1.09091 0.361647 825 1.75
637653288 0.891862 0.313911 897 1.42857
637587754 1.40845 0.699248 284 1.42857
637620522 0.384123 0.221347 781 2.83333
637653290 0.818713 0.308175 855 1.92308
637587876 0.676361 0.150727 2957 2
637620644 0.464862 0.112483 3657 1.82609
637653412 0.759494 0.195354 1975 3.25
637587878 0.534938 0.133376 2991 2.02941
637620646 0.731422 0.145748 3418 2.47143
637653414 0.532198 0.167847 1879 2.91667
637587880 1.72414 0.764382 290 2.16667
637620648 0.508906 0.253805 786 1.41667
637653416 0.555556 0.277005 720 1.57143
637587882 0.381679 0.38095 262 1.33333
637620650 0.952381 0.315945 945 1.92308
637653418 1.22631 0.367472 897 2.57895
637588004 1.63818 0.239549 2808 1.62651
637620772 0.578871 0.129064 3455 1.5906
637653540 1.5978 0.294323 1815 1.55556
637588006 0.772201 0.163997 2849 1.68868
637620774 0.556328 0.124052 3595 2.52632
637653542 0.33557 0.136766 1788 1.88889
637588008 0.350877 0.350261 285 2
637620776 0.460299 0.229619 869 1.17857
637653544 0.980392 0.398277 612 1.3494
637588010 0.626959 0.441935 319 1.57143
637620778 0.845666 0.297721 946 2.55556
637653546 0.699301 0.284488 858 1.73333
637588132 0.672215 0.146196 3124 1.84783
637620900 0.583312 0.121274 3943 2.02273
637653668 0.341463 0.128841 2050 2
637588134 0.936692 0.173123 3096 1.6413
637620902 0.273904 0.0824721 4016 1.50704
637653670 0.398605 0.140647 2007 1.5
637588136 0.673401 0.47456 297 1
637620904 0.660066 0.26858 909 2.66667
637653672 0.918484 0.323239 871 1.38095
637588138 0.323625 0.323101 309 1.2
637620906 0.630517 0.281085 793 1.4
637653674 1.3544 0.388325 886 2.31818
637567044 0.777202 0.108406 6562 1.82278
637599812 0.329218 0.0948805 3645 1.95238
637632580 0 0 45 0
637567046 0.814848 0.110434 6627 2.47656
637599814 0.370456 0.0924423 4319 2.85185
637632582 0 0 50 0
637567048 0.687758 0.306515 727 1.875
637599816 0.269542 0.109892 2226 1.30769
637632584 0.294377 0.0929532 3397 2.03846
637567050 1.14123 0.401176 701 2.5
637599818 0.83091 0.185024 2407 2.85185
637632586 0.507009 0.122656 3353 2.47917
637567172 0.499688 0.0881122 6404 2.2807
637599940 0.389321 0.103848 3596 2.26316
637632708 0 0 33 0
637567174 0.600686 0.0924091 6992 2.21186
637599942 0.387513 0.0911607 4645 2.26667
637632710 0 0 36 0
637567176 0.3003 0.212025 666 2
637599944 0.294118 0.111002 2380 1.47059
637632712 0.322203 0.0969911 3414 2.27273
637567178 2.75591 0.593043 762 1.76923
637599946 1.1061 0.211689 2441 1.52381
637632714 0.70526 0.143452 3403 1.47872
637567300 0.368297 0.0735236 6788 1.66379
637600068 0.519346 0.115827 3851 1.7027
637632836 3.22581 3.17335 31 1
637567302 0.518903 0.0874827 6745 2.32031
637600070 0.658941 0.121958 4401 2.55814
637632838 0 0 35 0
637567304 0.680272 0.30319 735 2
637600072 0.577082 0.153786 2426 2.05
637632840 0.462161 0.115273 3462 2.78571
637567306 3.35121 0.658915 746 1.26724
637600074 1.11663 0.213691 2418 1.67619
637632842 0.799526 0.153253 3377 1.58621
637567428 0.295812 0.0677635 6423 2.42857
637600196 0.375033 0.100044 3733 1.80952
637632964 0 0 42 0
637567430 0.456538 0.0910989 5476 2.7
637600198 0.357416 0.0953527 3917 3.15
637632966 0 0 49 0
637567432 1.08527 0.407962 645 1.8
637600200 0.677392 0.168773 2362 2.05
637632968 0.229424 0.0810204 3487 2.13333
637567434 0.902527 0.401797 554 2.83333
637600202 0.716332 0.184293 2094 2.6875
637632970 0.381679 0.114861 2882 3.46667
637567556 0.35004 0.074498 6285 2.07692
637600324 0.63101 0.137262 3328 1.6
637633092 0 0 27 0
637567558 0.469966 0.0828836 6809 2.73913
637600326 0.490305 0.104277 4487 2.92683
637633094 0 0 17 0
637567560 0.70028 0.312076 714 1.58333
637600328 0.181653 0.090744 2202 1.75
637633096 0.499559 0.120858 3403 2.3
637567562 3.28867 0.622411 821 1.45283
637600330 0.344234 0.121495 2324 1.96667
637633098 0.409237 0.109149 3421 3
637567684 0.405345 0.0778503 6661 2.07547
637600452 0.505051 0.118741 3564 2.04167
637633220 0 0 37 0
637567686 0.862962 0.121513 5794 2.18382
637600454 0.587764 0.124943 3743 2.17391
637633222 0 0 33 0
637567688 0.805524 0.303231 869 2.07692
637600456 0.2537 0.103441 2365 1.7
637633224 0.145349 0.0649547 3440 2.6875
637567690 0.357143 0.205828 840 1.26316
637600458 0.141443 0.0816042 2121 1.14286
637633226 2.38415 0.279553 2978 1.20283
637571140 0.162829 0.0614933 4299 1.71429
637603908 0.112108 0.0792276 1784 3.25
637636676 0 0 43 0
637571142 0.965147 0.16008 3730 2.15842
637603910 0.350385 0.110607 2854 2.29032
637636678 0 0 41 0
637571144 0.332779 0.234918 601 1.77778
637603912 0.16214 0.0810044 2467 1.2
637636680 0.486787 0.129782 2876 1.44737
637571146 2.27671 0.624216 571 1.42593
637603914 1.22001 0.221379 2459 1.37615
637636682 1.27434 0.211032 2825 1.74468
637571268 0.239298 0.0796705 3761 1.82051
637604036 0.453172 0.184587 1324 1.6
637636804 0 0 26 0
637571270 0.776855 0.143697 3733 2.52273
637604038 0.565536 0.136774 3006 3.66667
637636806 0 0 26 0
637571272 0.499168 0.287475 601 1.84615
637604040 0.370523 0.123279 2429 2
637636808 0.383436 0.12102 2608 1.69231
637571274 4.23729 0.829309 590 1.36585
637604042 0.802752 0.17447 2616 1.7551
637636810 1.0929 0.198441 2745 1.41573
637571396 0.134698 0.0601983 3712 1.5
637604164 0.181269 0.104561 1655 2.25
637636932 0 0 34 0
637571398 0.530504 0.112803 4147 2.66667
637604166 0.592242 0.132037 3377 2.32143
637636934 0 0 24 1
637571400 0.492611 0.283708 609 1.31579
637604168 0.402901 0.127152 2482 1.73684
637636936 0.513008 0.136755 2729 1.6
637571402 1.07362 0.403606 652 1.48276
637604170 0.881705 0.179182 2722 2.08889
637636938 1.3741 0.215766 2911 1.96386
637571524 0.657562 0.128534 3954 2.12329
637604292 0.228441 0.11409 1751 1.28889
637637060 0 0 35 0
637571526 0.76746 0.13958 3909 1.95833
637604294 0.725781 0.150786 3169 2.7931
637637062 0 0 34 0
637571528 1.1254 0.422962 622 1.72727
637604296 0.360577 0.119975 2496 1.8
637637064 0.606277 0.146597 2804 1.56
637571530 0.928793 0.377413 646 1.30769
637604298 1.08401 0.203745 2583 1.62
637637066 0.621118 0.150175 2737 1.78947
637571652 0.332779 0.095905 3606 2.15789
637604420 0.194175 0.111998 1545 1.8
637637188 0 0 36 0
637571654 0.541774 0.123954 3507 3.36842
637604422 0.770642 0.167519 2725 3.94737
637637190 0 0 24 0
637571656 1.81269 0.518514 662 2.5625
637604424 0.254669 0.103836 2356 1.16667
637637192 0.195542 0.0873633 2557 2.85714
637571658 2.31959 0.540354 776 1.78261
637604426 0.592969 0.158007 2361 1.3
637637194 0.907656 0.188398 2534 1.64583
637571780 0.424568 0.10939 3533 1.52941
637604548 0.0668003 0.066778 1497 1.55556
637637316 0 0 20 0
637571782 0.610094 0.129675 3606 3.25714
637604550 0.822562 0.178758 2553 3.47826
637637318 0 0 28 0
637571784 0.501672 0.288913 598 1.75
637604552 0.47681 0.14342 2307 2
637637320 0.187056 0.0835756 2673 1.88889
637571786 3.37423 0.707148 652 1.67308
637604554 0.985416 0.19611 2537 2.27083
637637322 0.72161 0.16495 2633 2.19149
637575236 0.335627 0.0749224 5959 1.86111
637608004 0.22187 0.0837659 3155 2
637640772 0 0 33 0
637575238 0.78172 0.10798 6652 2.40741
637608006 0.870793 0.142533 4249 2.71429
637640774 0 0 27 0
637575240 2.46305 0.769234 406 2.69231
637608008 0.635863 0.163656 2359 1.7
637640776 0.208457 0.0787073 3358 1.83333
637575242 1.76991 0.620196 452 1.08696
637608010 1.0757 0.205902 2510 1.76636
637640778 2.21893 0.253362 3380 1.52336
637575364 0.341855 0.0711597 6728 1.81579
637608132 0.32967 0.0950106 3640 2.10526
637640900 0 0 40 0
637575366 0.633535 0.0941422 7103 2.37234
637608134 0.530621 0.108025 4523 2.08772
637640902 0 0 40 0
637575368 1.55211 0.582071 451 1.33333
637608136 0.446429 0.134302 2464 1.73333
637640904 0.174469 0.0711646 3439 1.76923
637575370 1.09489 0.444533 548 1.38462
637608138 0.915903 0.194375 2402 2.12121
637640906 0.860585 0.156443 3486 1.59494
637575492 0.239808 0.0598801 6672 2
637608260 0.263158 0.0831083 3800 1.61538
637641028 0 0 41 0
637575494 0.811258 0.115423 6040 1.93023
637608262 0.866635 0.143812 4154 2.18333
637641030 0 0 26 0
637575496 3.17073 0.865349 410 1.48148
637608264 0.576369 0.153596 2429 1.28261
637641032 0.226436 0.0799667 3533 2.05263
637575498 2.27273 0.748917 396 1.11765
637608266 0.954753 0.198127 2409 1.66667
637641034 0.846945 0.159378 3306 1.66667
637575620 0.376412 0.0766899 6376 2.08197
637608388 0.529838 0.121231 3586 1.5
637641156 0 0 29 0
637575622 0.727412 0.117572 5224 3
637608390 0.680071 0.141322 3382 2.32
637641158 0 0 30 1
637575624 1.09589 0.544934 365 2.66667
637608392 0.497063 0.149497 2213 3.13333
637641160 0.204738 0.0773045 3419 1.44
637575626 2.35294 0.73526 425 1.33333
637608394 0.808625 0.20794 1855 1.35
637641162 0.739875 0.16911 2568 1.3038
637575748 0.222399 0.0593724 6295 1.50427
637608516 0.400493 0.110854 3246 1.57895
637641284 0 0 20 0
637575750 0.820419 0.111186 6582 2.7
637608518 0.648864 0.126839 4007 4.10345
637641286 0 0 25 0
637575752 1.5528 0.689018 322 2.14286
637608520 0.529101 0.159107 2079 1.96667
637641288 0.250627 0.0884988 3192 1.47059
637575754 0.792079 0.394468 505 1.64286
637608522 0.621118 0.165484 2254 1.60976
637641290 0.492763 0.122887 3247 2.09677
637575876 0.327118 0.0730261 6114 1.80882
637608644 0.304229 0.0960591 3287 1.44444
637641412 0 0 21 0
637575878 0.879397 0.116997 6368 3.14286
637608646 0.674663 0.1294 4002 2.44828
637641414 0 0 25 0
637575880 0.562852 0.324047 533 1.66667
637608648 0.273723 0.111594 2192 1.66667
637641416 0.35854 0.10791 3068 1.61538
637575882 9.15888 1.24705 535 1.25962
637608650 0.917431 0.199279 2289 1.39535
637641418 0.809213 0.158056 3213 1.69663
637579332 0.376695 0.0970789 3982 2.11765
637612100 0.632184 0.190007 1740 1.92
637644868 0 0 33 0
637579334 0.589023 0.12521 3735 1.85915
637612102 0.243563 0.091946 2874 3
637644870 0 0 28 0
637579336 0.13369 0.1336 748 2
637612104 0.425861 0.128128 2583 2.35294
637644872 0.454864 0.125869 2858 1.7
637579338 1.66074 0.440149 843 1.35897
637612106 1.07568 0.202188 2603 1.55046
637644874 1.29737 0.209092 2929 1.375
637579460 0.442708 0.107135 3840 2.69565
637612228 0.426894 0.150607 1874 2.625
637644996 0 0 34 0
637579462 2.17949 0.233808 3900 1.36337
637612230 0.759186 0.15126 3293 1.46311
637644998 0 0 45 1
637579464 0.564972 0.281687 708 1.6
637612232 0.397614 0.125486 2515 1.1875
637645000 0.353982 0.111741 2825 1.75
637579466 2.00267 0.511883 749 2.16
637612234 0.884275 0.183567 2601 2.30952
637645002 0.793937 0.168595 2771 1.61947
637579588 0.228717 0.0761516 3935 1.5
637612356 0.058651 0.0586338 1705 1.33333
637645124 2.77778 2.73893 36 1
637579590 0.57572 0.1197 3995 1.83333
637612358 0.431034 0.11495 3248 1.63158
637645126 0 0 26 0
637579592 0.152207 0.152091 657 1.4
637612360 0.523756 0.139613 2673 2
637645128 0.209864 0.0855865 2859 1.94737
637579594 2.01342 0.514603 745 1.32203
637612362 0.766871 0.170819 2608 1.66292
637645130 0.766017 0.162689 2872 1.33191
637579716 0.150905 0.0615604 3976 1.3913
637612484 0.119119 0.0841793 1679 2.46667
637645252 0 0 42 0
637579718 0.49121 0.112414 3868 1.96667
637612486 0.502849 0.129508 2983 2.5
637645254 0 0 22 0
637579720 0.973574 0.366181 719 1.75
637612488 0.349786 0.116391 2573 2.41667
637645256 0.324091 0.107855 2777 1.4
637579722 1.41753 0.42436 776 1.52778
637612490 0.903378 0.187515 2546 1.90476
637645258 0.585437 0.14593 2733 1.59836
637579844 0.360685 0.103933 3327 1.55
637612612 0.27894 0.139275 1434 1.77778
637645380 0 0 25 0
637579846 1.06857 0.17714 3369 1.52128
637612614 0.623053 0.155277 2568 2.2
637645382 0 0 20 0
637579848 0.490196 0.28232 612 2
637612616 0.134469 0.0775834 2231 1.71429
637645384 0.282943 0.106791 2474 1.9
637579850 0.768049 0.34216 651 1.75
637612618 0.605536 0.161346 2312 2.33333
637645386 0.607533 0.156387 2469 2.35135
637579972 0.425306 0.1061 3762 1.36478
637612740 0.424628 0.172985 1413 1.625
637645508 0 0 30 0
637579974 0.760363 0.136045 4077 2.18095
637612742 0.322789 0.10191 3098 1.73913
637645510 0 0 25 0
637579976 0.256739 0.181309 779 3
637612744 0.287003 0.108321 2439 2
637645512 0.379795 0.119873 2633 1.7619
637579978 1.36054 0.427305 735 2.6875
637612746 0.503096 0.139182 2584 2.56522
637645514 1.24911 0.209815 2802 2.5
637583428 0.398936 0.076622 6768 2.61702
637616196 0.353982 0.102005 3390 2.34783
637648964 0 0 31 0
637583430 0.692384 0.116628 5055 2.8209
637616198 0.439239 0.113162 3415 2.41667
637648966 0 0 34 0
637583432 1.2945 0.643046 309 1
637616200 0.372825 0.124043 2414 2.07692
637648968 0.255754 0.0851424 3519 2.6875
637583434 1.47059 0.516094 544 2.18182
637616202 0.678143 0.187444 1917 1.8
637648970 1.42692 0.232904 2593 1.58511
637583556 0.252951 0.0595457 7116 1.64444
637616324 0.206986 0.0731047 3865 2.42857
637649092 0 0 46 0
637583558 0.781837 0.107997 6651 2.4
637616326 0.791139 0.133197 4424 2.38298
637649094 0 0 41 0
637583560 2.62726 0.648129 609 1.55556
637616328 0.545531 0.15089 2383 1.52941
637649096 0.2849 0.089965 3510 2.07143
637583562 2.12443 0.561715 659 2.16216
637616330 0.95515 0.198209 2408 1.69811
637649098 2.01787 0.238736 3469 1.379
637583684 0.115976 0.0409798 6898 1.9
637616452 0.135318 0.0604751 3695 1.5
637649220 0 0 32 0
637583686 0.544959 0.0905787 6606 1.896
637616454 0.416956 0.0980724 4317 1.75728
637649222 0 0 48 0
637583688 1.40562 0.527528 498 2.69231
637616456 0.341297 0.120461 2344 1.55556
637649224 0.20438 0.0771692 3425 1.76923
637583690 1.68224 0.556011 535 1.42308
637616458 0.809717 0.190078 2223 1.69492
637649226 1.3273 0.198766 3315 1.48993
637583812 0.282752 0.066551 6366 1.85714
637616580 0.3267 0.0983428 3367 1.66667
637649348 0 0 30 0
637583814 1.0216 0.121479 6852 2.76786
637616582 0.783591 0.133857 4339 3.5
637649350 0 0 29 0
637583816 0.841751 0.374855 594 1.36364
637616584 0.462535 0.145928 2162 2.09091
637649352 0.321168 0.0966801 3425 1.89474
637583818 0.503356 0.28988 596 1.8
637616586 0.247729 0.10101 2422 1.875
637649354 1.07621 0.175973 3438 1.23871
637583940 0.209769 0.0560044 6674 1.83333
637616708 0.427716 0.110199 3507 2.6
637649476 0 0 27 0
637583942 1.20532 0.15731 4812 1.2398
637616710 0.377618 0.113641 2913 1.46667
637649478 0 0 24 0
637583944 1.23203 0.499867 487 1.44444
637616712 0.633198 0.168693 2211 1.5
637649480 0.246381 0.0870016 3247 1.2
637583946 1.43198 0.580403 419 2.41667
637616714 0.60024 0.189242 1666 2
637649482 0.290095 0.109487 2413 2.33333
637584068 0 0 6686 0
637616836 0 0 3471 0
637649604 0 0 45 0
637584070 1.94595 0.171664 6475 2.04848
637616838 0.6917 0.130266 4048 3.22581
637649606 2.38095 2.35244 42 1
637584072 0 0 534 0
637616840 0 0 2312 0
637649608 0 0 3338 0
637584074 1.96429 0.586409 560 1.29268
637616842 0.854336 0.190217 2341 1.41837
637649610 2.019 0.242356 3368 1.41317
637587524 0.251826 0.079534 3971 1.6
637620292 0.255591 0.127632 1565 2
637653060 0 0 24 0
637587526 1.74557 0.212981 3781 1.32282
637620294 0.81663 0.173394 2694 1.62376
637653062 0 0 20 0
637587528 1.34228 0.666621 298 1.72727
637620296 0.277998 0.104927 2518 1.89474
637653064 0.274254 0.0968305 2917 3.5
637587530 3.2967 0.837057 455 2.12195
637620298 0.770416 0.171605 2596 2.46875
637653066 0.818505 0.16997 2810 2.55556
637587652 0.450958 0.112485 3548 1.93617
637620420 0.194805 0.112361 1540 1.875
637653188 0 0 37 0
637587654 1.1259 0.168777 3908 1.94872
637620422 0.60177 0.145511 2825 2.09302
637653190 0 0 29 0
637587656 1.50602 0.668424 332 1.66667
637620424 0.845411 0.183702 2484 1.51613
637653192 0.561995 0.140103 2847 2.04167
637587658 1.38889 0.616802 360 1.17143
637620426 1.34615 0.226005 2600 1.42149
637653194 1.02473 0.189311 2830 1.31452
637587780 0.313178 0.0867237 4151 2.5
637620548 0 0 1727 1.33333
637653316 0 0 39 0
637587782 0.644391 0.123613 4190 2.0102
637620550 0.480307 0.123717 3123 2.95652
637653318 0 0 39 0
637587784 0.47619 0.335915 420 1.38889
637620552 0.460653 0.132672 2605 2.15789
637653320 0.28996 0.102368 2759 2.35
637587786 1.34048 0.59545 373 1.69231
637620554 0.506823 0.140211 2565 2.94444
637653322 0.554593 0.138263 2885 3.44
637587908 0.176783 0.0721074 3394 1.61538
637620676 0.0734214 0.0733945 1362 1.75
637653444 0 0 19 0
637587910 0.576037 0.128434 3472 3
637620678 0.493171 0.136443 2636 2.59091
637653446 0 0 24 0
637587912 0.738007 0.519921 271 2.5
637620680 0.555813 0.160003 2159 1.65
637653448 0.462379 0.13909 2379 1.85
637587914 0.869565 0.432888 460 1.5
637620682 0.324544 0.114557 2465 1.71429
637653450 0.874857 0.181621 2629 2.05556
637588036 0 0 0 0
637620804 0 0 0 0
637653572 0 0 0 0
637588038 0.575185 0.125154 3651 2.39
637620806 0.755467 0.17266 2515 3.11429
637653574 0 0 18 0
637588040 0 0 0 0
637620808 0 0 0 0
637653576 0 0 0 0
637588042 1.88679 0.622969 477 3.15385
637620810 0.879029 0.190975 2389 3.27586
637653578 0.964506 0.191969 2592 1.74074
637588164 0.561798 0.116813 4094 2.43137
637620932 0.553506 0.183991 1626 3.82143
637653700 0 0 41 0
637588166 0.602265 0.12009 4151 3.21311
637620934 0.467446 0.124638 2995 2.14286
637653702 0 0 39 0
637588168 0.226244 0.225988 442 1.72727
637620936 0.236967 0.0966266 2532 3.14286
637653704 0.175747 0.0785273 2845 1.84615
637588170 1.20773 0.536842 414 1.42857
637620938 0.386399 0.121954 2588 1.32
637653706 0.570817 0.142296 2803 2
637567076 1.19581 0.187941 3345 1.08696
637599844 1.35135 0.671095 296 1
637632612 0 0 21 1
637567078 7.96502 0.341385 6290 1.21053
637599846 1.2069 0.453403 580 1.27586
637632614 2.12766 2.1049 47 1
637567080 1.25 0.469493 560 1.04167
637599848 0.595511 0.164672 2183 1.10256
637632616 1.84074 0.268892 2499 1.08511
637567082 2.98507 0.555643 938 1.10169
637599850 0.400616 0.110888 3245 1.12698
637632618 3.80687 0.291553 4308 1.11945
637567204 6.5666 0.32349 5863 1.20865
637599972 2.06897 0.682484 435 1.06897
637632740 0 0 23 1
637567206 1.24602 0.133522 6902 1.23009
637599974 0.585938 0.337299 512 1
637632742 0 0 27 0
637567208 2.42105 0.498676 950 1.03636
637599976 0.900901 0.163739 3330 1.04698
637632744 2.37809 0.236148 4163 1.1
637567210 1.26984 0.364237 945 1.13514
637599978 1.37109 0.200765 3355 1.0438
637632746 1.55963 0.187653 4360 1.08889
637567332 1.8756 0.171766 6238 1.15563
637600100 1.2848 0.521136 467 1
637632868 0 0 19 0
637567334 11.4605 0.388874 6710 1.55533
637600102 0.823045 0.409826 486 1
637632870 0 0 22 1
637567336 0.949367 0.31495 948 1.2
637600104 0.586166 0.130686 3412 1.12766
637632872 1.25336 0.166434 4468 1.18681
637567338 1.34078 0.384447 895 1.15556
637600106 0.762428 0.151903 3279 1.13333
637632874 1.28529 0.170647 4357 1.07692
637567460 0.610583 0.101453 5896 1.18182
637600228 0.201613 0.20141 496 1
637632996 0 0 41 0
637567462 2.84746 0.216536 5900 1.12665
637600230 0.387597 0.273541 516 1.4
637632998 0 0 36 0
637567464 1.45682 0.386504 961 1.07692
637600232 0.391566 0.108388 3320 1.54167
637633000 1.86782 0.209504 4176 1.15847
637567466 0.862999 0.303797 927 1.06667
637600234 0.531748 0.128625 3197 1.13636
637633002 0.398109 0.0993289 4019 1.46939
637567588 2.83917 0.222643 5565 1.0988
637600356 1.36612 0.60676 366 1.04762
637633124 0 0 20 1
637567590 11.3483 0.388866 6653 1.36119
637600358 2.74262 0.750161 474 1.08333
637633126 0 0 23 0
637567592 0.791855 0.298106 884 1.41667
637600360 1.10865 0.186354 3157 1.13636
637633128 1.47736 0.187754 4129 1.0625
637567594 2.35018 0.519303 851 1.09524
637600362 0.241911 0.085425 3307 1.35714
637633130 0.472367 0.105375 4234 1.2619
637567716 2.58385 0.207536 5844 1.15244
637600484 1.42857 0.634297 350 1.5
637633252 0 0 17 1
637567718 8.35908 0.373099 5503 1.25119
637600486 2.44565 0.805187 368 1.16667
637633254 5.26316 5.12278 19 1
637567720 0.693642 0.282194 865 1
637600488 0.877193 0.162175 3306 1.20988
637633256 2.1978 0.226605 4186 1.18229
637567722 0.514139 0.256408 778 1
637600490 0.66156 0.151269 2872 1.53571
637633258 0.600601 0.127663 3663 1.36364
637571172 1.22807 0.206303 2850 1.13939
637603940 0.630915 0.444715 317 1.36667
637636708 5.88235 5.70672 17 1
637571174 1.95987 0.211733 4286 1.20706
637603942 1.26582 0.562499 395 1.07407
637636710 0 0 33 1.33333
637571176 0.946074 0.297756 1057 1
637603944 0.528901 0.14098 2647 1.08889
637636712 0.811001 0.168418 2836 1.10101
637571178 0.34662 0.17301 1154 1.14286
637603946 0.474415 0.126492 2951 1.08108
637636714 0.496124 0.123723 3225 1.17949
637571300 1.83369 0.277059 2345 1.31034
637604068 0.47619 0.475055 210 1
637636836 0 0 13 0
637571302 1.61485 0.195686 4149 1.13204
637604070 3.08642 0.960832 324 1.23333
637636838 0 0 19 2
637571304 3.62998 0.640021 854 1.04274
637604072 1.50136 0.259385 2198 1.1004
637636840 1.93459 0.295612 2171 1.10181
637571306 0.728745 0.242028 1235 1.13158
637604074 0.614544 0.144404 2929 1.04651
637636842 0.501169 0.129077 2993 1.13793
637571428 0.611532 0.133038 3434 1.16216
637604196 0 0 303 1
637636964 0 0 19 0
637571430 4.9305 0.319079 4604 1.18611
637604198 1.44578 0.585956 415 1.81818
637636966 8.69565 5.87534 23 1
637571432 0.848176 0.267077 1179 1.16667
637604200 0.897606 0.171967 3008 1
637636968 1.4002 0.212028 3071 1.05185
637571434 1.58228 0.350998 1264 1.04124
637604202 0.403226 0.111609 3224 1.0625
637636970 1.14804 0.185164 3310 1.04444
637571556 3.45308 0.304695 3591 1.16057
637604324 0.26738 0.267022 374 1.28571
637637092 0 0 33 1
637571558 0.285171 0.0822043 4208 1.25
637604326 0.689655 0.396797 435 1
637637094 0 0 32 0
637571560 0.777874 0.258281 1157 1.22222
637604328 0.738363 0.15339 3115 1.04425
637637096 0.864464 0.162661 3239 1.17073
637571562 2.12202 0.428534 1131 1.05882
637604330 0.404995 0.116675 2963 1.14634
637637098 0.662691 0.14769 3018 1.125
637571684 2.24018 0.283594 2723 1.0531
637604452 0.436681 0.435727 229 1.33333
637637220 0 0 20 1
637571686 0.740545 0.139431 3781 1.08451
637604454 0.645161 0.454724 310 1.13333
637637222 0 0 14 1.33333
637571688 1.76644 0.41266 1019 1.0411
637604456 2.11457 0.282098 2601 1.13333
637637224 3.33713 0.349753 2637 1.15086
637571690 1.05263 0.315706 1045 1.07547
637604458 1.10242 0.196906 2812 1.18519
637637226 2.92517 0.310782 2940 1.06796
637571812 1.21909 0.204803 2871 1.17021
637604580 1.5625 0.775122 256 1.14286
637637348 0 0 17 0
637571814 1.38766 0.201002 3387 1.09932
637604582 0.746269 0.525719 268 1.125
637637350 0 0 35 0
637571816 1.57325 0.390207 1017 1.04255
637604584 0.331614 0.110355 2714 1.03659
637637352 2.29115 0.280908 2837 1.07333
637571818 0.987167 0.310625 1013 1
637604586 0.923695 0.191712 2490 1.03333
637637354 3.37587 0.366456 2429 1.11811
637575268 1.17498 0.14488 5532 1.08879
637608036 0 0 427 1.15385
637640804 0 0 28 3
637575270 1.70781 0.161437 6441 1.07602
637608038 0.203252 0.203045 492 1.07143
637640806 5.26316 5.12278 19 1
637575272 1.28056 0.383623 859 1.07407
637608040 0.644172 0.140116 3260 1.04762
637640808 1.53691 0.195263 3969 1.09091
637575274 0.929752 0.308473 968 1.08511
637608042 0.910747 0.16552 3294 1.03623
637640810 1.49254 0.18374 4355 1.01422
637575396 1.06183 0.134134 5839 1.20098
637608164 0 0 460 1.1
637640932 0 0 24 1
637575398 4.29003 0.249046 6620 1.17428
637608166 4.0293 0.841566 546 1.25
637640934 0 0 26 3
637575400 1.38151 0.380506 941 1.08571
637608168 1.60095 0.216111 3373 1.02804
637640936 3.50665 0.28606 4135 1.05584
637575402 1.3289 0.381064 903 1.03571
637608170 1.147 0.184997 3313 1.03571
637640938 4.09797 0.304235 4246 1.09365
637575524 1.1027 0.133971 6076 1.15464
637608292 0.477327 0.336715 419 2
637641060 0 0 22 0
637575526 2.2975 0.194021 5963 1.21302
637608294 0.592885 0.341286 506 1.21053
637641062 0 0 17 0
637575528 0.902935 0.317791 886 1.16667
637608296 0.85244 0.157618 3402 1.43478
637641064 0.618018 0.120828 4207 1.4127
637575530 1.01695 0.337255 885 1.0625
637608298 0.604595 0.134782 3308 1.48276
637641066 0.550688 0.117083 3995 1.28205
637575652 1.73175 0.173412 5659 1.06167
637608420 0.240385 0.240096 416 1
637641188 0 0 34 1
637575654 0.61627 0.112168 4868 1.59524
637608422 0.621118 0.357487 483 1.2
637641190 0 0 26 0
637575656 0.915332 0.322134 874 1.04762
637608424 0.670323 0.142434 3282 1.07018
637641192 4.46703 0.317588 4231 1.10309
637575658 4.62963 0.764221 756 1.11321
637608426 0.793021 0.17662 2522 1.09453
637641194 5.20435 0.380868 3401 1.05296
637575780 1.91949 0.187309 5366 1.14213
637608548 0.607903 0.428544 329 1
637641316 0 0 12 0
637575782 8.53837 0.356721 6137 1.37171
637608550 2.05128 0.717761 390 1.18919
637641318 5.55556 5.39903 18 1
637575784 3.22581 0.63467 775 1
637608552 2.20909 0.259258 3214 1.1128
637641320 13.567 0.528771 4194 1.21783
637575786 2.03106 0.487577 837 1.04762
637608554 2.00185 0.245801 3247 1.09821
637641322 6.92999 0.390574 4228 1.10209
637575908 1.74872 0.180715 5261 1.13174
637608676 1.63934 0.663751 366 1.06667
637641444 6.25 6.05154 16 1.5
637575910 1.29461 0.145633 6025 1.20769
637608678 0.550964 0.388516 363 1
637641446 0 0 17 1
637575912 1.76545 0.467652 793 1.09091
637608680 1.1011 0.190619 2997 1.0597
637641448 4.67526 0.335601 3957 1.06915
637575914 3.13225 0.593286 862 1.03659
637608682 0.902583 0.166847 3213 1.13333
637641450 1.81373 0.208921 4080 1.17877
637579364 2.21041 0.245926 3574 1.14554
637612132 0.307692 0.307219 325 1.08333
637644900 0 0 26 1
637579366 1.93857 0.218769 3972 1.17774
637612134 1.86335 0.75359 322 1.07692
637644902 0 0 27 1.5
637579368 0.922045 0.276722 1193 1.08333
637612136 0.902935 0.169866 3101 1.07317
637644904 1.63619 0.22723 3117 1.10877
637579370 3.65957 0.547773 1175 1.11667
637612138 0.560028 0.139614 2857 1.03279
637644906 2.05479 0.262533 2920 1.10791
637579492 1.51169 0.206072 3506 1.25225
637612260 1.44928 0.587361 414 1.16667
637645028 0 0 29 1
637579494 4.31113 0.306755 4384 1.13567
637612262 0.697674 0.401395 430 1.05882
637645030 0 0 23 1
637579496 2.38298 0.444943 1175 1.10417
637612264 0.775455 0.161065 2966 1.12987
637645032 1.31622 0.206739 3039 1.04839
637579498 3.50598 0.519198 1255 1.04969
637612266 1.06346 0.189986 2915 1.02762
637645034 2.464 0.277318 3125 1.08021
637579620 1.47427 0.201008 3595 1.18519
637612388 0.555556 0.391744 360 1
637645156 4.16667 4.07894 24 1
637579622 2.73632 0.245329 4422 1.30435
637612390 1.15607 0.574684 346 1.20833
637645158 0 0 22 1
637579624 2.75374 0.459013 1271 1.2381
637612392 0.417068 0.115432 3117 1.26923
637645160 1.23535 0.196589 3157 1.37255
637579626 4.3514 0.584561 1218 1.05714
637612394 0.716846 0.152283 3069 1.05392
637645162 3.32184 0.317242 3191 1.07656
637579748 2.56037 0.26942 3437 1.15435
637612516 0.581395 0.409912 344 1
637645284 0 0 25 1
637579750 0 0 4239 0
637612518 0 0 349 0
637645286 0 0 14 0
637579752 1.31579 0.326776 1216 1.15625
637612520 0.488759 0.125888 3069 1.08943
637645288 0.850805 0.160102 3291 1.07377
637579754 0.0863558 0.0863185 1158 1
637612522 0.805099 0.163677 2981 1.34247
637645290 0.756859 0.153907 3171 1.18182
637579876 1.75091 0.238391 3027 1.11373
637612644 0.332226 0.331674 301 1.13333
637645412 0 0 9 1
637579878 4.3888 0.336129 3714 1.18571
637612646 1.97628 0.875044 253 1.07692
637645414 4.54545 4.44095 22 1
637579880 0.876424 0.275932 1141 1.10345
637612648 1.19739 0.207187 2756 1.12069
637645416 2.84173 0.315144 2780 1.05245
637579882 2.72169 0.482131 1139 1.07143
637612650 1.00541 0.196184 2586 1.06977
637645418 2.11342 0.269943 2839 1.08065
637580004 2.32309 0.284777 2798 1.27027
637612772 2.12766 0.795579 329 1
637645540 0 0 20 1
637580006 2.52502 0.236619 4396 1.25557
637612774 1.41643 0.628945 353 1.22917
637645542 0 0 15 1.8
637580008 2.69192 0.511041 1003 1.14935
637612776 1.38944 0.233221 2519 1.16564
637645544 4.54882 0.400716 2704 1.15126
637580010 1.76768 0.382314 1188 1.11628
637612778 1.26756 0.20706 2919 1.17391
637645546 2.4832 0.265976 3423 1.12811
637583460 3.44534 0.2382 5863 1.09217
637616228 0.514139 0.362615 389 1
637648996 0 0 29 0
637583462 1.68885 0.181628 5033 1.10549
637616230 0.950119 0.472797 421 1.69231
637648998 0 0 21 0
637583464 0.757576 0.28525 924 1.26667
637616232 0.676923 0.143831 3250 1.12727
637649000 1.64242 0.194688 4262 1.2
637583466 2.93333 0.616148 750 1.2037
637616234 0.555115 0.147948 2522 1
637649002 1.05787 0.180461 3214 1.38636
637583588 1.34026 0.148838 5969 1.18129
637616356 0.625 0.359715 480 1.375
637649124 0 0 25 0
637583590 1.16455 0.131938 6612 1.0814
637616358 0.601202 0.346059 499 1
637649126 0 0 35 0
637583592 3.98633 0.660246 878 1.12195
637616360 0.885478 0.160948 3388 1.23077
637649128 1.56818 0.187301 4400 1.18978
637583594 1.38298 0.380908 940 1.06452
637616362 0.619003 0.137984 3231 1.11842
637649130 2.12157 0.222488 4195 1.11856
637583716 0.953163 0.124559 6085 1.19072
637616484 0.609756 0.350968 492 1
637649252 0 0 34 1
637583718 0.830003 0.112479 6506 1.47222
637616486 0.357143 0.252087 560 1
637649254 0 0 24 0
637583720 1.34078 0.384447 895 1.07143
637616488 0.673607 0.143129 3266 1
637649256 0.575242 0.114717 4346 1.43636
637583722 3.4689 0.632887 836 1.14754
637616490 0.366748 0.105677 3272 1
637649258 0.851064 0.141239 4230 1.25
637583844 3.25058 0.237001 5599 1.17406
637616612 1.64384 0.665554 365 1
637649380 0 0 13 0
637583846 1.09534 0.129279 6482 1.29126
637616614 0.645161 0.371281 465 1
637649382 3.7037 3.63447 27 1
637583848 7.47664 0.898963 856 1.08148
637616616 0.991587 0.171755 3328 1.09722
637649384 3.71774 0.29114 4223 1.11765
637583850 1.66113 0.425325 903 1.04545
637616618 1.2643 0.193848 3322 1.14474
637649386 4.16193 0.301188 4397 1.1
637583972 3.77095 0.251696 5728 1.1037
637616740 1.82927 0.739934 328 1.09091
637649508 0 0 25 0
637583974 7.41712 0.358635 5339 1.10435
637616742 4.49102 1.13324 334 1.19149
637649510 0 0 13 1
637583976 1.52403 0.419457 853 1.1875
637616744 1.13529 0.188138 3171 1.11707
637649512 9.7931 0.450646 4350 1.10434
637583978 4.29082 0.699626 839 1.03947
637616746 0.928594 0.171633 3123 1.0625
637649514 5.56255 0.363622 3973 1.11275
637584100 2.09415 0.188373 5778 1.27094
637616868 0.4329 0.305444 462 1.66667
637649636 0 0 30 0
637584102 0.884513 0.120959 5992 1.1466
637616870 2.17822 0.649565 505 1.04444
637649638 3.0303 2.98404 33 1.16667
637584104 0.348837 0.20105 860 1.07143
637616872 0.619387 0.13807 3229 1.12994
637649640 6.72269 0.382591 4284 1.12063
637584106 5.36756 0.769871 857 1.15287
637616874 0.352564 0.106115 3120 1.13333
637649642 6.9895 0.393803 4192 1.0794
637587556 1.44774 0.224456 2832 1.22222
637620324 0.413223 0.412368 242 1
637653092 0 0 22 0
637587558 1.12907 0.169251 3897 1.23077
637620326 0.657895 0.463669 304 1
637653094 0 0 24 0
637587560 0.725295 0.255499 1103 1.05263
637620328 0.637168 0.149703 2825 1.06667
637653096 0.515274 0.137358 2717 1.11268
637587562 4.33361 0.582225 1223 1.0274
637620330 1.6852 0.236307 2967 1.075
637653098 2.81506 0.299252 3055 1.07489
637587684 4.34783 0.359381 3220 1.14346
637620452 0.31348 0.312988 319 1
637653220 0 0 25 0
637587686 1.72371 0.205714 4003 1.11518
637620454 0.527705 0.372158 379 1.125
637653222 0 0 23 0
637587688 1.83793 0.38823 1197 1.02941
637620456 0.976562 0.177422 3072 1.02703
637653224 0.52753 0.131534 3033 1.13333
637587690 1.7101 0.369969 1228 1.21951
637620458 0.972828 0.179769 2981 1.06667
637653226 0.851735 0.163217 3170 1.19048
637587812 0.985083 0.165687 3553 1.17391
637620580 0.493827 0.348325 405 1
637653348 0 0 32 0
637587814 1.06736 0.158262 4216 1.075
637620582 1.23967 0.502946 484 1
637653350 0 0 32 0
637587816 1.37875 0.332083 1233 1.10656
637620584 0.392413 0.113057 3058 1.13333
637653352 1.45433 0.204173 3438 1.14286
637587818 3.53357 0.548746 1132 1.03571
637620586 0.608108 0.142896 2960 1.06452
637653354 2.07394 0.24707 3327 1.092
637587940 2.54237 0.278872 3186 1.17241
637620708 0.967742 0.556016 310 1.14286
637653476 0 0 30 0
637587942 0 0 3738 0
637620710 0 0 328 0
637653478 0 0 28 0
637587944 0.830258 0.275601 1084 1.14286
637620712 0.839208 0.167136 2979 1.16667
637653480 2.7628 0.300856 2968 1.08226
637587946 1.48561 0.368633 1077 1.04918
637620714 0.442478 0.122449 2938 1.06849
637653482 1.0377 0.188472 2891 1.09286
637588068 3.73595 0.361172 2757 1.15888
637620836 0.760456 0.535675 263 1
637653604 0 0 11 0
637588070 2.68188 0.272881 3505 1.15822
637620838 1.0989 0.630955 273 1
637653606 7.69231 7.39053 13 1
637588072 1.87933 0.427077 1011 1.09375
637620840 0.212691 0.0867382 2821 1.15385
637653608 0.687285 0.153153 2910 1.24615
637588074 2.13556 0.440515 1077 1.0625
637620842 0.441664 0.127215 2717 1.07447
637653610 2.57212 0.295133 2877 1.12195
637588196 0.941963 0.168383 3291 1.09677
637620964 0.928074 0.461879 431 1.28571
637653732 2.85714 2.81603 35 1.2
637588198 1.13825 0.163355 4217 1.17188
637620966 0.242718 0.242424 412 1.16667
637653734 0 0 30 1
637588200 1.17329 0.323496 1108 1
637620968 0.477859 0.123088 3139 1.05217
637653736 1.07391 0.183182 3166 1.02688
637588202 0.336134 0.167785 1190 2.5
637620970 0.301811 0.100452 2982 1.07843
637653738 1.59975 0.222211 3188 1.03867
