637566980 96.729 0.405314 1926 1.50199
637599748 93.0357 0.43913 3360 1.52709
637632516 93.7587 0.341591 5015 1.72566
637566982 98.1605 0.303759 1957 1.77415
637599750 94.1014 0.41295 3255 1.58006
637632518 87.2434 0.462051 5213 1.5241
637566984 76.1194 5.20874 67 1.17391
637599752 87.8465 1.50878 469 1.30567
637632520 96.0073 0.834088 551 1.35905
637566986 92.0635 3.40556 63 1.34737
637599754 94.1068 1.01062 543 1.34512
637632522 96.8153 0.80909 471 1.41128
637567108 98.7996 0.248798 1916 1.62061
637599876 95.0537 0.39115 3073 1.70949
637632644 95.7954 0.28534 4947 1.92745
637567110 97.9959 0.317683 1946 1.52666
637599878 96.3235 0.329387 3264 1.60815
637632646 96.9956 0.225613 5725 1.79238
637567112 87.7193 4.34732 57 1.32394
637599880 91.2863 1.28464 482 1.45681
637632648 97.2 0.73778 500 1.65452
637567114 97.9592 2.01988 49 1.75
637599882 94.1061 1.04388 509 1.4902
637632650 96.6667 0.772469 540 1.60148
637567236 98.3564 0.288145 1947 1.59935
637600004 98.1614 0.237152 3209 1.8273
637632772 96.6835 0.259438 4764 1.94683
637567238 84.2169 0.899997 1641 1.31044
637600006 80.871 0.719897 2985 1.30916
637632774 79.0093 0.585067 4845 1.34998
637567240 87.6712 3.84793 73 1.20513
637600008 89.5277 1.38751 487 1.27184
637632776 90 1.35526 490 1.27656
637567242 92.6829 2.87582 82 1.45361
637600010 95.4955 0.984291 444 1.59921
637632778 97.2516 0.751724 473 1.44895
637567364 98.0898 0.311016 1937 1.62009
637600132 97.1106 0.296862 3184 1.7266
637632900 96.7433 0.253235 4913 1.84125
637567366 96.8927 0.412433 1770 1.76771
637600134 96.6241 0.326978 3051 1.88963
637632902 92.4148 0.363232 5313 1.74085
637567368 91.0448 3.48842 67 1.26316
637600136 83.4016 1.68426 488 1.17017
637632904 87.6 1.47393 500 1.18641
637567370 89.0909 4.20368 55 1.31579
637600138 85.8796 1.67543 432 1.24661
637632906 89.7533 1.32103 527 1.38358
637567492 92.8729 0.604729 1810 1.35502
637600260 96.252 0.341408 3095 1.5262
637633028 93.5739 0.363773 4544 1.61636
637567494 45.2091 1.14512 1889 1.31665
637600262 91.442 0.495294 3190 1.82387
637633030 95.2191 0.287123 5522 2.09411
637567496 79.0323 5.1699 62 1.08621
637600264 71.8676 2.18625 423 1.16667
637633032 85.3659 1.66432 451 1.30039
637567498 0 0 69 0
637600266 0 0 434 0
637633034 0 0 492 0
637567620 94.1904 0.542545 1859 1.3712
637600388 92.261 0.477847 3127 1.44346
637633156 90.1643 0.434983 4687 1.52959
637567622 95.3661 0.502803 1748 1.48448
637600390 93.3946 0.458308 2937 1.52973
637633158 91.3392 0.408783 4734 1.56846
637567624 29.6875 5.71101 64 1.06897
637600392 75.7829 1.9574 479 1.18851
637633160 87.1094 1.48093 512 1.24833
637567626 81.0345 5.14758 58 1.14035
637600394 82.7133 1.76883 457 1.25647
637633162 90.8163 1.30464 490 1.16926
637571076 93.1969 0.592181 1808 1.45276
637603844 90.4782 0.601144 2384 1.68139
637636612 92.7742 0.435845 3529 1.80555
637571078 97.4148 0.384662 1702 1.59563
637603846 96.7432 0.362704 2395 1.53792
637636614 96.0423 0.309542 3967 1.71858
637571080 96.1538 2.66683 52 1.32468
637603848 91.129 1.14187 620 1.3071
637636616 93.0693 1.0317 606 1.37412
637571082 94.4444 3.11713 54 1.35211
637603850 93.1035 1.0032 638 1.30792
637636618 96.9355 0.692192 620 1.42062
637571204 98.779 0.271352 1638 2.02861
637603972 97.7186 0.325509 2104 2.37707
637636740 96.9483 0.308285 3113 2.44682
637571206 97.6135 0.368234 1718 1.50504
637603974 94.4673 0.48886 2187 1.73509
637636742 95.3946 0.324624 4169 1.75392
637571208 94.0298 2.8946 67 1.41667
637603976 96.9925 0.662312 665 1.44613
637636744 98.0132 0.567801 604 1.44772
637571210 97.8261 2.15015 46 1.58228
637603978 98.5577 0.477289 624 1.65173
637636746 96.5798 0.733474 614 1.71314
637571332 95.4843 0.506161 1683 1.46436
637604100 97.3719 0.337619 2245 1.69422
637636868 96.0137 0.345248 3211 1.87805
637571334 98.2689 0.313307 1733 1.82472
637604102 98.6369 0.235658 2421 2.36085
637636870 96.7803 0.270616 4255 2.69411
637571336 74.6032 5.48401 63 1.05556
637604104 96.0366 0.76173 656 1.51182
637636872 97.4889 0.601331 677 1.50359
637571338 63.1579 6.38923 57 1.14583
637604106 91.8877 1.07838 641 1.25
637636874 81.4189 1.59859 592 1.19391
637571460 95.1389 0.517339 1728 1.44638
637604228 89.1794 0.659594 2218 1.55602
637636996 94.1452 0.401695 3416 1.63089
637571462 95.6395 0.492403 1720 1.38607
637604230 89.4072 0.642534 2294 1.43996
637636998 90.4362 0.455316 4172 1.4533
637571464 84.2105 4.8298 57 1.32432
637604232 89.5082 1.24077 610 1.34375
637637000 94.1957 0.952209 603 1.34417
637571466 88.6792 4.35222 53 1.63014
637604234 87.5 1.29919 648 1.31988
637637002 86.0656 1.40215 610 1.37126
637571588 63.9474 1.23157 1520 1.34155
637604356 60.3617 1.0814 2046 1.38562
637637124 62.2666 0.877258 3053 1.5134
637571590 88.1665 0.823628 1538 1.29787
637604358 92.7438 0.552451 2205 1.44971
637637126 95.5668 0.344782 3564 1.66376
637571592 86.7925 4.65066 53 1.22581
637604360 63.2588 1.92686 626 1.21501
637637128 82.4726 1.50405 639 1.21622
637571594 14.6341 5.51993 41 1
637604362 82.1782 1.5546 606 1.20599
637637130 80.8652 1.60456 601 1.19472
637571716 94.7563 0.553644 1621 1.36953
637604484 95.0962 0.473498 2080 1.52572
637637252 94.4866 0.41471 3029 1.62581
637571718 94.6111 0.558761 1633 1.444
637604486 96.5469 0.394424 2143 1.65353
637637254 95.6809 0.324028 3936 1.72157
637571720 37.5 6.05154 64 1.30769
637604488 38.796 1.99266 598 1.17794
637637256 78.13 1.64558 631 1.25608
637571722 82.2581 4.8517 62 1.39506
637604490 89.1803 1.2577 610 1.21452
637637258 89.1986 1.29558 574 1.22901
637575172 97.5369 0.36262 1827 1.50128
637607940 92.4081 0.490918 2911 1.59331
637640708 84.3736 0.544074 4454 1.56589
637575174 97.7167 0.340274 1927 1.55899
637607942 96.484 0.327804 3157 1.51209
637640710 96.6924 0.245165 5321 1.80936
637575176 89.5522 3.73691 67 1.24096
637607944 92.8571 1.19818 462 1.28484
637640712 95.082 1.04648 427 1.40583
637575178 94.3662 2.7364 71 1.45679
637607946 89.1473 1.3693 516 1.24354
637640714 92.1053 1.16911 532 1.31754
637575300 96.0722 0.447542 1884 1.69702
637608068 97.4367 0.274445 3316 1.80223
637640836 95.7928 0.291898 4730 1.78608
637575302 97.7366 0.337333 1944 1.52466
637608070 92.1802 0.474839 3197 1.53388
637640838 94.0985 0.316575 5541 1.72575
637575304 95.7447 2.0819 94 1.5
637608072 96.6216 0.742558 592 1.81106
637640840 98.4642 0.507999 586 1.76602
637575306 94.0476 2.58154 84 1.35398
637608074 98.1168 0.589898 531 1.68562
637640842 97.6661 0.639718 557 1.81502
637575428 94.5405 0.528199 1850 1.91706
637608196 97.6672 0.26621 3215 1.98267
637640964 96.531 0.263746 4814 2.17441
637575430 97.5761 0.365134 1774 1.60643
637608198 95.6304 0.373338 2998 2.09885
637640966 91.4026 0.389641 5176 2.12947
637575432 76.5957 6.17591 47 1.27083
637608200 88.9371 1.46092 461 1.28986
637640968 94.5652 1.05701 460 1.31588
637575434 94.6667 2.59458 75 1.39394
637608202 92.437 1.2119 476 1.30019
637640970 90.8163 1.30464 490 1.29302
637575556 92.9683 0.592366 1863 1.43489
637608324 84.4444 0.641199 3195 1.56593
637641092 86.7698 0.500213 4588 1.55787
637575558 55.6209 1.34673 1361 1.27989
637608326 63.1579 0.993799 2356 1.3371
637641094 58.3017 0.812124 3686 1.49779
637575560 72.2222 6.09519 54 1.18
637608328 88.5312 1.42932 497 1.25969
637641096 93.2 1.12584 500 1.31614
637575562 97.1831 1.9636 71 1.43564
637608330 90 1.34164 500 1.3015
637641098 93.4132 1.10821 501 1.35165
637575684 97.4259 0.37462 1787 1.42015
637608452 95.7006 0.361988 3140 1.60092
637641220 95.7529 0.29535 4662 1.69567
637575686 97.6504 0.362605 1745 1.72753
637608454 95.1297 0.382786 3162 1.60923
637641222 91.8492 0.377587 5251 1.74692
637575688 88.1579 3.70628 76 1.13187
637608456 84.7866 1.54697 539 1.18519
637641224 90.2033 1.27806 541 1.27575
637575690 65.0794 6.0061 63 1.29688
637608458 71.4868 2.03749 491 1.15854
637641226 82.3409 1.72794 487 1.24635
637575812 89.3605 0.733525 1767 1.26931
637608580 93.6903 0.449024 2932 1.52369
637641348 92.0594 0.411976 4307 1.66832
637575814 91.9296 0.619524 1933 1.39209
637608582 94.2241 0.415593 3151 1.47426
637641350 93.1979 0.353536 5072 1.65817
637575816 90.1639 3.81296 61 1.29231
637608584 86.5854 1.53649 492 1.154
637641352 88.7477 1.34624 551 1.21622
637575818 80.303 4.89546 66 1.13095
637608586 54.3478 2.12008 552 1.11017
637641354 55.0936 2.26794 481 1.17994
637579268 94.3216 0.565811 1673 1.47997
637612036 89.9736 0.629846 2274 1.58578
637644804 92.5568 0.442397 3520 1.8524
637579270 98.1481 0.329508 1674 2.00863
637612038 58.0573 1.04403 2234 1.59297
637644806 95.3273 0.325043 4216 2.33645
637579272 92.5373 3.21047 67 1.42553
637612040 93.5241 0.955054 664 1.32778
637644808 92.6448 1.03266 639 1.37787
637579274 96.875 2.17491 64 1.4375
637612042 91.5789 1.07689 665 1.30725
637644810 60.0346 2.03741 578 1.26879
637579396 98.0392 0.337966 1683 1.70045
637612164 96.4944 0.389913 2225 1.86156
637644932 92.4666 0.460001 3292 1.80077
637579398 95.1906 0.518179 1705 1.63629
637612166 97.1576 0.344864 2322 2.16667
637644934 97.5657 0.240447 4108 2.36659
637579400 0 0 68 0
637612168 96.8661 0.657598 702 1.52107
637644936 93.1485 1.02036 613 1.54406
637579402 98.6111 1.37921 72 1.45
637612170 91.9591 1.03973 684 1.34014
637644938 96.64 0.720789 625 1.47984
637579524 95.6051 0.502959 1661 1.51608
637612292 94.6374 0.472313 2275 1.72212
637645060 95.2311 0.365638 3397 1.85971
637579526 97.0149 0.400108 1809 1.772
637612294 86.4887 0.698077 2398 1.66359
637645062 92.6282 0.395382 4368 1.82534
637579528 89.2308 3.84497 65 1.40789
637612296 90.4611 1.17127 629 1.39258
637645064 96.5517 0.79863 522 1.44531
637579530 95.6522 2.45504 69 1.18889
637612298 89.2283 1.24308 622 1.2442
637645066 95.5039 0.815924 645 1.33676
637579652 89.7514 0.746867 1649 1.31168
637612420 92.2566 0.562224 2260 1.51014
637645188 95.0834 0.366624 3478 1.69061
637579654 93.4964 0.602333 1676 1.54263
637612422 91.1177 0.586479 2353 1.70885
637645190 90.2663 0.461239 4130 1.6886
637579656 74.5455 5.8737 55 1.10909
637612424 70.751 2.0223 506 1.17115
637645192 84.31 1.58133 529 1.15625
637579658 78.4615 5.09893 65 1.19355
637612426 84.1782 1.43033 651 1.29384
637645194 94.4444 0.939851 594 1.32153
637579780 78.937 1.0445 1524 1.1748
637612548 77.3459 0.986359 1801 1.27257
637645316 87.6118 0.599589 3019 1.33539
637579782 94.5892 0.584711 1497 1.3649
637612550 93.545 0.560652 1921 1.37168
637645318 89.4876 0.498474 3786 1.42114
637579784 34.2105 5.44191 76 1.06061
637612552 72.2414 1.85942 580 1.12836
637645320 78.7975 1.62589 632 1.16827
637579786 73.3333 5.70899 60 1.24615
637612554 86.5225 1.39294 601 1.18467
637645322 83.6364 1.66278 495 1.23496
637579908 91.1461 0.69956 1649 1.60755
637612676 91.5593 0.585939 2251 1.66809
637645444 86.3205 0.611486 3158 1.66895
637579910 93.8109 0.576824 1745 1.56488
637612678 94.8927 0.456073 2330 1.8233
637645446 89.7586 0.464148 4267 1.75673
637579912 80 4.96139 65 1.18182
637612680 70.4745 1.91231 569 1.20528
637645448 63.7224 1.9095 634 1.20732
637579914 89.2308 3.84497 65 1.22727
637612682 84.7793 1.40146 657 1.25512
637645450 90.1502 1.21754 599 1.24376
637583364 98.4333 0.288645 1851 1.59959
637616132 97.718 0.264019 3199 1.83074
637648900 97.2694 0.23897 4651 2.15987
637583366 96.8852 0.406083 1830 1.67703
637616134 94.5434 0.4376 2694 1.69673
637648902 92.6173 0.403535 4199 1.84801
637583368 93.75 3.49386 48 1.33333
637616136 91.6268 1.35478 418 1.38013
637648904 92.7565 1.1627 497 1.36627
637583370 97.0588 2.04891 68 1.47368
637616138 95.8425 0.933769 457 1.46923
637648906 96.2376 0.846755 505 1.46932
637583492 98.9501 0.233522 1905 1.76991
637616260 98.2789 0.224034 3370 1.83342
637649028 97.4231 0.228411 4812 1.92114
637583494 90.7098 0.663196 1916 1.56858
637616262 34.2236 0.836123 3220 1.31093
637649030 35.0111 0.647683 5424 1.50302
637583496 91.6667 3.56812 60 1.15493
637616264 91.3684 1.28854 475 1.32939
637649032 91.3997 1.15134 593 1.35131
637583498 98.2143 1.7697 56 1.73973
637616266 96.5517 0.939746 377 1.58998
637649034 98.8263 0.52181 426 1.84142
637583620 97.6576 0.357188 1793 1.68172
637616388 97.5392 0.299159 2682 1.68354
637649156 95.4922 0.333942 3860 1.76425
637583622 76.0234 0.984403 1881 1.63136
637616390 96.6055 0.316676 3270 2.10882
637649158 76.502 0.585547 5243 1.9102
637583624 85.3333 4.08502 75 1.30588
637616392 86.8664 1.62134 434 1.31838
637649160 91.0714 1.205 560 1.28351
637583626 97.0149 2.07902 67 1.4902
637616394 96.6184 0.888369 414 1.37243
637649162 96 0.899123 475 1.45292
637583748 90.6751 0.695499 1748 1.29346
637616516 96.7168 0.329541 2924 1.56428
637649284 94.8272 0.32051 4775 1.7121
637583750 65.4787 1.09652 1880 1.24549
637616518 83.0628 0.656421 3265 1.49604
637649286 76.2962 0.573585 5497 1.49155
637583752 83.3333 4.39205 72 1.17391
637616520 57.3009 2.3266 452 1.1345
637649288 67.1642 2.02843 536 1.16052
637583754 90.9091 3.53863 66 1.32099
637616522 82.2894 1.77418 463 1.19108
637649290 92.2631 1.17504 517 1.32441
637583876 73.9003 1.0636 1705 1.2063
637616644 71.5146 0.803415 3156 1.22329
637649412 65.5014 0.687778 4777 1.23266
637583878 80.1332 0.939924 1802 1.31868
637616646 0 0 2960 0
637649414 92.1111 0.400159 4538 1.76247
637583880 85.4839 4.47375 62 1.42308
637616648 71.0706 2.16413 439 1.15748
637649416 84.4398 1.65104 482 1.23035
637583882 81.8182 5.2007 55 1.17188
637616650 80.2564 2.01568 390 1.21409
637649418 90.0677 1.42104 443 1.21443
637584004 95.4989 0.482811 1844 1.42247
637616772 96.1725 0.334388 3292 1.61863
637649540 94.8044 0.324526 4677 1.78339
637584006 0 0 1842 0
637616774 0 0 3178 0
637649542 0 0 5164 0
637584008 62.7451 6.77012 51 1.10638
637616776 89.1204 1.49814 432 1.28283
637649544 93.0582 1.10091 533 1.31832
637584010 89.0909 4.20368 55 1.17391
637616778 85.4214 1.68426 439 1.25909
637649546 88.7125 1.32892 567 1.28819
637587460 96.8471 0.4262 1681 1.71306
637620228 95.654 0.420861 2347 1.73228
637652996 96.3175 0.327198 3313 1.99457
637587462 96.3142 0.46314 1655 1.68613
637620230 80.0358 0.84572 2234 1.98016
637652998 95.1403 0.346632 3848 1.97894
637587464 92.3077 3.30515 65 1.40698
637620232 95.0928 0.78669 754 1.31468
637653000 96.9651 0.668247 659 1.44706
637587466 95.3488 2.27085 86 1.27434
637620234 94.7887 0.834105 710 1.39974
637653002 97.2887 0.648617 627 1.50267
637587588 97.6716 0.373298 1632 1.78207
637620356 96.7183 0.38035 2194 1.8704
637653124 96.9746 0.308935 3074 2.04168
637587590 99.0584 0.241978 1593 1.89459
637620358 96.98 0.352953 2351 2.13192
637653126 96.9152 0.269474 4117 2.20617
637587592 93.4783 3.64048 46 1.22059
637620360 94.0318 0.862725 754 1.2782
637653128 83.5987 1.47761 628 1.2303
637587594 97.2222 1.93671 72 1.2234
637620362 92.5099 0.954216 761 1.30542
637653130 90.818 1.17989 599 1.30325
637587716 95.2687 0.513114 1712 1.44292
637620484 95.5771 0.421979 2374 1.5021
637653252 93.0104 0.446426 3262 1.65424
637587718 97.4769 0.389036 1625 1.6255
637620486 90.9243 0.587476 2391 1.55195
637653254 94.1615 0.363444 4162 1.74473
637587720 87.931 4.27752 58 1.26761
637620488 90.365 1.12741 685 1.39571
637653256 93.7309 0.947885 654 1.44503
637587722 98.4615 1.52658 65 1.35922
637620490 93.695 0.930697 682 1.40055
637653258 95.2381 0.834652 651 1.45669
637587844 76.7677 1.0611 1584 1.35015
637620612 84.236 0.801322 2068 1.31208
637653380 81.6951 0.694209 3103 1.47683
637587846 87.0846 0.839738 1595 1.27341
637620614 93.5637 0.533855 2113 1.36891
637653382 91.3077 0.4538 3854 1.4325
637587848 74.5763 5.66884 59 1.2381
637620616 79.03 1.53758 701 1.17767
637653384 88.9055 1.21606 667 1.22452
637587850 85.0746 4.35337 67 1.40659
637620618 83.9228 1.47282 622 1.16892
637653386 90.0172 1.24366 581 1.28927
637587972 81.9213 0.993989 1499 1.35279
637620740 91.7091 0.593445 2159 1.67191
637653508 90.2792 0.55001 2901 1.88487
637587974 94.7128 0.571726 1532 1.39191
637620742 91.9943 0.590657 2111 1.54529
637653510 92.1935 0.444781 3638 1.58516
637587976 72 6.3498 50 1.04651
637620744 69.559 1.73551 703 1.16934
637653512 80.3691 1.62701 596 1.1629
637587978 76.9231 5.22589 65 1.08929
637620746 74.4318 1.64416 704 1.15493
637653514 83.181 1.59926 547 1.13942
637588100 95.9266 0.473479 1743 1.49432
637620868 93.618 0.518196 2225 1.61968
637653636 89.2609 0.53774 3315 1.67993
637588102 94.7977 0.533917 1730 1.60639
637620870 92.1697 0.561881 2286 1.54119
637653638 90.4471 0.459456 4093 1.66119
637588104 90.625 3.64351 64 1.29114
637620872 83.7209 1.32697 774 1.17906
637653640 86.4266 1.27468 722 1.21438
637588106 96.9231 2.14198 65 1.17647
637620874 90.6977 1.07432 731 1.26567
637653642 91.248 1.13769 617 1.33286
637567012 91.8486 0.577491 2245 1.89101
637599780 92.3056 0.438661 3691 1.85285
637632548 96.3278 0.32236 3404 2.39157
637567014 83.3115 0.77936 2289 1.47041
637599782 56.095 0.810516 3749 1.24103
637632550 74.8111 0.770278 3176 1.31073
637567016 73.3333 6.59218 45 1.36842
637599784 88.2952 0.936255 1179 1.3567
637632552 88.0212 0.894082 1319 1.3922
637567018 60.241 5.37186 83 1.23171
637599786 91.1013 0.845137 1135 1.30591
637632554 86.233 0.947635 1322 1.43462
637567140 93.1483 0.526086 2306 1.74162
637599908 86.8283 0.577943 3424 1.62049
637632676 96.0471 0.338474 3314 2.14688
637567142 82.8296 0.772703 2382 1.40819
637599910 92.3542 0.430731 3806 1.57458
637632678 94.4162 0.396761 3349 1.62278
637567144 76.4706 5.93974 51 1.50847
637599912 88.7198 0.946547 1117 1.29317
637632680 93.876 0.655245 1339 1.50027
637567146 62.6866 5.90857 67 1.56716
637599914 91.9598 0.78692 1194 1.42431
637632682 92.0799 0.734715 1351 1.55862
637567268 89.1106 0.64883 2305 1.58282
637600036 88.9742 0.518715 3646 1.58167
637632804 92.0644 0.466856 3352 1.65553
637567270 92.4511 0.563359 2199 1.6198
637600038 94.8498 0.361987 3728 1.69082
637632806 97.142 0.293681 3219 1.83354
637567272 61.1111 6.63401 54 1.54902
637600040 64.2599 1.43972 1108 1.1701
637632808 66.5902 1.30418 1308 1.20222
637567274 53.0612 7.12946 49 1.23404
637600042 94.8087 0.669513 1098 1.38147
637632810 90.8724 0.81853 1238 1.65621
637567396 90.0177 0.631395 2254 1.65817
637600164 88.3015 0.538975 3556 1.76018
637632932 94.5774 0.394162 3301 2.2017
637567398 85.744 0.797487 1922 1.37216
637600166 93.5645 0.433714 3201 1.63932
637632934 96.0092 0.355484 3032 1.8157
637567400 57.1429 6.2348 63 1.3
637600168 77.1681 1.24868 1130 1.23362
637632936 84.948 1.0118 1249 1.34939
637567402 58 6.97997 50 1.12727
637600170 81.158 1.22502 1019 1.20439
637632938 90.8057 0.88959 1055 1.46403
637567524 83.8374 0.800233 2116 1.5048
637600292 88.2268 0.548148 3457 1.53443
637633060 89.5963 0.538036 3220 1.80144
637567526 91.476 0.591453 2229 1.46025
637600294 92.1831 0.448517 3582 1.55799
637633062 94.5698 0.378162 3591 1.67446
637567528 49.0196 7.00005 51 1.13043
637600296 78.1036 1.29296 1023 1.20954
637633064 83.2263 1.05849 1246 1.2031
637567530 61.1111 6.63401 54 1.21818
637600298 87.7737 0.989519 1096 1.25144
637633066 91.8147 0.761797 1295 1.35215
637567652 85.8554 0.738446 2227 1.56944
637600420 88.3419 0.527804 3697 1.80915
637633188 90.9664 0.496614 3332 1.98169
637567654 79.8638 0.884407 2056 1.34144
637600422 91.6133 0.484066 3279 1.4783
637633190 93.5802 0.460336 2835 1.65779
637567656 76.1905 5.36606 63 1.32
637600424 82.9576 1.12909 1109 1.25293
637633192 88.3915 0.882339 1318 1.37041
637567658 63.8889 5.66066 72 1.16901
637600426 86.582 1.02629 1103 1.31977
637633194 81.7899 1.0766 1285 1.43664
637571108 89.5038 0.669485 2096 1.63532
637603876 88.7478 0.5935 2835 1.56779
637636644 94.3682 0.619456 1385 1.92358
637571110 91.0226 0.626334 2083 1.48129
637603878 93.054 0.487382 2721 1.71237
637636646 89.2829 0.868344 1269 1.69513
637571112 81.8653 2.77349 193 1.30483
637603880 84.1964 1.08997 1120 1.33852
637636648 89.12 0.880739 1250 1.28143
637571114 96.1538 1.25716 234 1.37838
637603882 86.2799 1.04404 1086 1.24003
637636650 89.7893 0.861951 1234 1.40397
637571236 84.8878 0.799889 2005 1.47066
637604004 73.0721 0.905653 2399 1.42983
637636772 82.7532 1.06261 1264 1.42963
637571238 90.7389 0.643398 2030 1.61002
637604006 77.1676 0.852915 2422 1.3525
637636774 95.4281 0.602218 1203 1.77519
637571240 93.1937 1.82235 191 1.25413
637604008 84.2396 1.10618 1085 1.23002
637636776 84.9587 1.02767 1210 1.2692
637571242 92.6829 1.81883 205 1.38908
637604010 74.9074 1.31924 1080 1.34255
637636778 93.8552 0.696745 1188 1.50772
637571364 89.3175 0.686932 2022 1.67582
637604132 85.7201 0.707706 2444 1.64891
637636900 94.295 0.662138 1227 1.90496
637571366 89.9389 0.652249 2127 1.51416
637604134 91.9373 0.526017 2679 1.5951
637636902 94.0906 0.653242 1303 1.81666
637571368 85.1282 2.54801 195 1.18284
637604136 74.9155 1.25983 1184 1.21932
637636904 79.8381 1.14166 1235 1.24113
637571370 87.6712 2.2216 219 1.32482
637604138 80.4011 1.19852 1097 1.38825
637636906 93.719 0.697486 1210 1.58858
637571492 75.6878 1.01647 1781 1.39907
637604260 80.4458 0.813329 2378 1.59956
637637028 84.4924 1.02342 1251 1.55915
637571494 68.0549 1.01434 2113 1.39447
637604262 80.7722 0.778281 2564 1.42082
637637030 87.9129 0.893172 1332 1.56738
637571496 86.9048 2.6027 168 1.2749
637604264 78.5782 1.26314 1055 1.23557
637637032 82.7617 1.13473 1108 1.4557
637571498 75.4545 2.90146 220 1.44523
637604266 88.7211 0.942708 1126 1.32952
637637034 91.6399 0.784763 1244 1.34489
637571620 88.1328 0.75455 1837 1.61805
637604388 87.8967 0.670974 2363 1.6783
637637156 95.9437 0.567596 1208 2.08721
637571622 75.8125 0.988403 1877 1.32358
637604390 77.7002 0.843552 2435 1.35095
637637158 82.5613 1.14354 1101 1.44438
637571624 92.8205 1.84864 195 1.27241
637604392 84.721 1.05409 1165 1.248
637637160 82.4708 1.09851 1198 1.43418
637571626 82.381 2.62903 210 1.27848
637604394 65.0659 1.46298 1062 1.16336
637637162 73.917 1.31911 1108 1.30898
637571748 81.7722 0.868734 1975 1.59463
637604516 42.3789 1.03718 2270 1.53652
637637284 94.7507 0.659661 1143 2.0686
637571750 79.1604 0.907977 2001 1.24917
637604518 92.6083 0.539254 2354 1.4571
637637286 91.9502 0.783746 1205 1.6157
637571752 86.3636 2.31368 220 1.16838
637604520 38.565 1.4577 1115 1.21164
637637288 86.407 0.966255 1258 1.35798
637571754 48.8987 3.31781 227 1.1988
637604522 76.416 1.29358 1077 1.21146
637637290 88.1456 0.940621 1181 1.35986
637575204 92.4324 0.648161 1665 1.69127
637607972 88.7727 0.621176 2583 1.76799
637640740 95.1101 0.452636 2270 2.11747
637575206 47.6754 1.046 2280 1.22681
637607974 91.7426 0.450663 3730 1.65261
637640742 96.2721 0.333903 3219 1.82088
637575208 67.3913 6.91178 46 1.44681
637607976 88.0923 1.12897 823 1.33168
637640744 92.1687 0.851294 996 1.40762
637575210 58.6957 5.13342 92 1.34177
637607978 75.8232 1.26037 1154 1.3038
637640746 83.4704 1.0652 1216 1.35788
637575332 87.8868 0.686032 2262 1.66293
637608100 87.0761 0.548176 3745 1.82555
637640868 91.1774 0.497279 3253 1.81843
637575334 90.8265 0.600446 2311 1.45841
637608102 94.4162 0.375298 3743 1.79306
637640870 96.8349 0.30252 3349 1.94481
637575336 66.6667 6.60098 51 1.96552
637608104 87.3667 0.951546 1219 1.27378
637640872 90.6114 0.786863 1374 1.27878
637575338 67.3077 6.50509 52 1.37037
637608106 91.1297 0.82246 1195 1.38416
637640874 84.0539 0.974637 1411 1.48738
637575460 80.8372 0.84882 2150 1.38124
637608228 74.8738 0.726336 3566 1.56481
637640996 75.4147 0.741079 3376 1.64097
637575462 64.4624 1.07536 1981 1.2448
637608230 93.2005 0.447679 3162 1.53981
637640998 96.3787 0.340516 3010 1.70369
637575464 39.4737 7.92929 38 1.11429
637608232 76.3011 1.29635 1076 1.16275
637641000 74.6099 1.1591 1410 1.20362
637575466 48.8372 7.62287 43 1.15909
637608234 93.2236 0.782009 1033 1.39914
637641002 85.7023 1.01517 1189 1.48672
637575588 85.1504 0.770842 2128 1.48663
637608356 89.2738 0.515171 3608 1.65083
637641124 95.3776 0.364956 3310 1.8934
637575590 93.1957 0.545505 2131 1.51742
637608358 92.3894 0.490966 2917 1.59761
637641126 94.8234 0.443818 2492 1.69583
637575592 55.3191 7.25186 47 1.07143
637608360 85.2262 1.07825 1083 1.21196
637641128 83.3333 1.04004 1284 1.21144
637575594 46.5517 6.54969 58 1.21053
637608362 90.6082 0.872442 1118 1.25487
637641130 93.0678 0.68977 1356 1.39597
637575716 80.0776 0.879381 2063 1.55585
637608484 82.6037 0.643337 3472 1.61204
637641252 96.4607 0.325565 3221 2.42535
637575718 60.8354 1.08204 2035 1.19007
637608486 61.5406 0.80548 3648 1.26616
637641254 66.5573 0.814885 3352 1.29708
637575720 72.1311 5.74058 61 1.10145
637608488 81.3075 1.183 1086 1.16277
637641256 84.7458 1.07387 1121 1.17678
637575722 62.963 6.57149 54 1.12195
637608490 78.684 1.24677 1079 1.20971
637641258 82.1906 1.14168 1123 1.31682
637575844 87.9513 0.678925 2299 1.53942
637608612 87.3103 0.579959 3294 1.51891
637641380 89.5368 0.558727 3001 1.63937
637575846 88.8636 0.670691 2200 1.46923
637608614 93.9548 0.400556 3540 1.64984
637641382 95.7925 0.357081 3161 1.75897
637575848 73.5849 6.05595 53 1.11111
637608616 83.927 1.08258 1151 1.22903
637641384 47.6115 1.40922 1256 1.29605
637575850 24.359 4.86028 78 1.06667
637608618 33.0623 1.41393 1107 1.13889
637641386 40.3077 1.36045 1300 1.14486
637579300 83.1913 0.81369 2112 1.36459
637612068 82.2494 0.747343 2614 1.36132
637644836 92.8307 0.701349 1353 1.46143
637579302 94.6257 0.493988 2084 1.48403
637612070 94.8148 0.437801 2565 1.6857
637644838 95.857 0.567988 1231 1.93843
637579304 80.786 2.60351 229 1.27368
637612072 73.6935 1.31039 1129 1.22172
637644840 73.217 1.21977 1318 1.25919
637579306 96.789 1.194 218 1.34615
637612074 93.5484 0.745826 1085 1.37176
637644842 97.5629 0.432351 1272 1.62074
637579428 85.5365 0.80084 1929 1.56229
637612196 88.9145 0.615947 2598 1.73869
637644964 96.4479 0.514346 1295 2.05437
637579430 94.9452 0.4784 2097 1.63225
637612198 93.1235 0.498779 2574 1.74763
637644966 94.4838 0.640864 1269 1.8935
637579432 92.093 1.84035 215 1.51411
637612200 91.8544 0.805208 1154 1.35074
637644968 92.7616 0.726829 1271 1.55874
637579434 96.1864 1.24671 236 1.30909
637612202 93.4612 0.729933 1147 1.28302
637644970 92.6503 0.711006 1347 1.46548
637579556 85.2757 0.844883 1759 1.48177
637612324 83.9765 0.751284 2384 1.59386
637645092 95.837 0.594458 1129 1.95407
637579558 88.0876 0.692047 2191 1.42852
637612326 88.6113 0.608888 2722 1.55657
637645094 93.689 0.666509 1331 1.76793
637579560 91.5 1.97199 200 1.22308
637612328 82.6584 1.22004 963 1.17408
637645096 85 1.06695 1120 1.20994
637579562 96.8889 1.15745 225 1.4939
637612330 93.1122 0.73848 1176 1.36444
637645098 95.3271 0.589005 1284 1.54744
637579684 89.1671 0.681957 2077 1.54988
637612452 88.7072 0.617166 2630 1.61791
637645220 95.8641 0.541132 1354 1.83349
637579686 81.1896 0.859358 2068 1.33718
637612454 77.8413 0.811074 2622 1.36049
637645222 89.5349 0.852262 1290 1.73751
637579688 47.3333 4.07667 150 1.21192
637612456 65.7398 1.49553 1007 1.21238
637645224 76.4064 1.23029 1191 1.28601
637579690 81.1966 2.55434 234 1.26054
637612458 83.1075 1.12614 1107 1.29498
637645226 91.8204 0.776074 1247 1.51369
637579812 84.4808 0.860165 1772 1.45655
637612580 82.6761 0.796612 2257 1.58149
637645348 91.9773 0.773291 1234 1.86467
637579814 89.6648 0.719522 1790 1.48409
637612582 87.5661 0.692867 2268 1.35526
637645350 89.2035 0.923193 1130 1.60851
637579816 90.1235 2.34403 162 1.1893
637612584 70.7117 1.37464 1096 1.12334
637645352 77.8929 1.21944 1158 1.16551
637579818 96.8085 1.28196 188 1.23077
637612586 81.3466 1.29415 906 1.20859
637645354 90.678 0.892163 1062 1.33122
637579940 87.6549 0.732457 2017 1.45687
637612708 85.9867 0.7068 2412 1.62301
637645476 95.2145 0.613145 1212 2.00221
637579942 92.4766 0.570184 2140 1.44595
637612710 90.9743 0.556853 2648 1.51677
637645478 94.1896 0.646845 1308 1.67774
637579944 92.6316 1.89535 190 1.34737
637612712 84.7926 1.09016 1085 1.33278
637645480 91.8675 0.750058 1328 1.45037
637579946 95.935 1.25908 246 1.25948
637612714 92.6157 0.780037 1124 1.30089
637645482 92.6829 0.730459 1271 1.39086
637583396 87.5721 0.695026 2253 1.57501
637616164 84.2771 0.617155 3479 1.48282
637648932 86.3594 0.605692 3211 1.66808
637583398 92.9893 0.563375 2054 1.6339
637616166 93.2511 0.464329 2919 1.67018
637648934 92.6539 0.537606 2355 1.71716
637583400 68.6275 6.49739 51 1.75926
637616168 83.9252 1.12286 1070 1.29752
637648936 90.2024 0.845931 1235 1.54661
637583402 61.3636 7.34053 44 1.4
637616170 71.3615 1.38526 1065 1.31479
637648938 83.0666 1.08858 1187 1.40091
637583524 84.7676 0.745385 2324 1.60466
637616292 86.8275 0.550579 3773 1.638
637649060 92.7603 0.440113 3467 1.75584
637583526 93.0222 0.532046 2293 1.64425
637616294 75.1408 0.707759 3729 1.40356
637649062 84.3637 0.629204 3332 1.44478
637583528 54.7619 7.6801 42 1.6383
637616296 91.9084 0.753458 1310 1.25382
637649064 92.3846 0.735655 1300 1.35469
637583530 47.0588 8.56008 34 1.20588
637616298 75.9929 1.26894 1133 1.46313
637649066 77.1472 1.16276 1304 1.58227
637583652 77.1786 0.871692 2318 1.42719
637616420 82.8213 0.616533 3743 1.4674
637649188 84.4477 0.617892 3440 1.50422
637583654 92.7826 0.551337 2203 1.50362
637616422 93.436 0.407028 3702 1.67873
637649190 96.2929 0.332082 3237 1.77524
637583656 58.3333 7.11594 48 1.28571
637616424 91.0288 0.819835 1215 1.30621
637649192 88.3951 0.918856 1215 1.3306
637583658 53.3333 7.43698 45 1.32432
637616426 60.3175 1.49495 1071 1.2672
637649194 86.4341 0.953393 1290 1.42109
637583780 89.3534 0.680054 2057 1.6872
637616548 86.1529 0.605209 3257 1.72086
637649316 83.7364 0.641627 3308 1.70985
637583782 29.771 0.968935 2227 1.22042
637616550 91.7908 0.451832 3691 1.60027
637649318 94.7975 0.381815 3383 1.70463
637583784 66 6.69925 50 1.35593
637616552 71.5728 1.30813 1189 1.19944
637649320 80.194 1.13314 1237 1.32569
637583786 60.3448 6.42327 58 1.31579
637616554 65.704 1.42609 1108 1.12513
637649322 61.3619 1.34685 1307 1.16682
637583908 90.8341 0.635429 2062 1.59569
637616676 91.6759 0.460921 3592 1.80683
637649444 95.847 0.344859 3347 2.2507
637583910 87.7472 0.720169 2073 1.34717
637616678 89.354 0.537145 3297 1.47356
637649446 92.9789 0.467181 2991 1.61765
637583912 75 6.00481 52 1.49254
637616680 56.9632 1.53977 1034 1.26641
637649448 62.5917 1.3814 1227 1.36308
637583914 23.5294 7.27467 34 1
637616682 57.0304 1.66029 889 1.15372
637649450 85.7988 1.09619 1014 1.36189
637584036 83.2246 0.80658 2146 1.59169
637616804 83.8327 0.604828 3705 1.65896
637649572 90.9146 0.500985 3291 1.80803
637584038 88.5635 0.686206 2151 1.43273
637616806 89.5166 0.504849 3682 1.60108
637649574 94.8591 0.38862 3229 1.7579
637584040 72.4138 8.29961 29 1.27778
637616808 64.7727 1.41229 1144 1.23054
637649576 72.0463 1.24707 1295 1.24452
637584042 40.9091 7.41215 44 1.10345
637616810 90.0744 0.859934 1209 1.27387
637649578 81.6092 1.11006 1218 1.36694
637587492 88.114 0.71722 2036 1.42034
637620260 90.8559 0.551249 2734 1.53287
637653028 95.6489 0.558758 1333 1.68282
637587494 94.109 0.521693 2037 1.44966
637620262 93.9162 0.479796 2482 1.51803
637653030 89.1731 0.907237 1173 1.52985
637587496 95.7265 1.32221 234 1.53022
637620264 84.3833 1.08134 1127 1.30282
637653032 85.4409 1.0173 1202 1.4013
637587498 92.0152 1.67141 263 1.32861
637620266 82.9787 1.14305 1081 1.26866
637653034 84.5907 1.02281 1246 1.30285
637587620 88.3325 0.71839 1997 1.73416
637620388 93.3575 0.499649 2484 1.83325
637653156 97.3473 0.455616 1244 2.2656
637587622 94.433 0.520561 1940 1.50807
637620390 93.5118 0.496021 2466 1.65792
637653158 95.8231 0.572538 1221 1.91148
637587624 90.8676 1.94659 219 1.2163
637620392 80.0926 1.21504 1080 1.1959
637653160 86.683 0.971134 1224 1.26975
637587626 98.1203 0.832689 266 1.61053
637620394 95.9738 0.601505 1068 1.44313
637653162 96.0931 0.558637 1203 1.70564
637587748 84.5489 0.791743 2084 1.53188
637620516 89.6527 0.582395 2735 1.46257
637653284 95.188 0.586853 1330 1.93054
637587750 70.179 1.03464 1955 1.43079
637620518 65.5527 0.910645 2723 1.41104
637653286 71.8248 1.21538 1370 1.47754
637587752 91.63 1.8381 227 1.1806
637620520 73.8351 1.31571 1116 1.17006
637653288 85.0612 1.01849 1225 1.29116
637587754 90.8257 1.95507 218 1.26646
637620522 82.9029 1.12346 1123 1.28839
637653290 90.8108 0.802736 1295 1.37968
637587876 89.2016 0.702107 1954 1.47644
637620644 89.724 0.625707 2355 1.71831
637653412 93.7799 0.682032 1254 2.13231
637587878 83.6611 0.830255 1983 1.3594
637620646 91.6129 0.574874 2325 1.52655
637653414 91.2033 0.815964 1205 1.64586
637587880 83.7438 2.58963 203 1.18519
637620648 69.3476 1.37827 1119 1.19722
637653416 86.8268 0.97346 1207 1.29849
637587882 97.549 1.0826 204 1.33651
637620650 90.5473 0.922855 1005 1.28471
637653418 91.169 0.82288 1189 1.35845
637588004 85.6366 0.818062 1838 1.74221
637620772 85.2941 0.731208 2346 1.73614
637653540 96.7851 0.513072 1182 2.22993
637588006 90.958 0.665318 1858 1.39528
637620774 91.1676 0.589009 2321 1.51694
637653542 93.7705 0.691959 1220 1.7472
637588008 89.4958 1.98744 238 1.25625
637620776 81.7248 1.23831 974 1.238
637653544 91.0937 1.12591 640 1.43867
637588010 72.1519 2.91171 237 1.37751
637620778 89.3204 0.962353 1030 1.28704
637653546 94.6092 0.676935 1113 1.37539
637588132 87.7677 0.714838 2101 1.50602
637620900 89.1519 0.617666 2535 1.56849
637653668 93.8697 0.664045 1305 1.7782
637588134 67.8013 1.00209 2174 1.34326
637620902 31.7495 0.893381 2715 1.39669
637653670 46.6409 1.38629 1295 1.40256
637588136 90.5172 1.92349 232 1.30448
637620904 71.2281 1.34078 1140 1.27512
637653672 79.9371 1.12331 1271 1.27865
637588138 97.8166 0.96573 229 1.36842
637620906 89.3617 0.937776 1081 1.33603
637653674 89.6373 0.829188 1351 1.38192
637567044 85.5467 0.538615 4262 1.41899
637599812 81.0879 0.801031 2390 1.30351
637632580 36.5854 7.5224 41 1.54545
637567046 72.2917 0.687575 4237 1.28242
637599814 66.2143 0.893847 2800 1.22513
637632582 29.2683 7.10581 41 1.29167
637567048 62.8816 1.68816 819 1.10047
637599816 63.7135 1.10747 1885 1.13424
637632584 75.35 0.887708 2357 1.18553
637567050 71.0493 1.61258 791 1.22034
637599818 84.6114 0.81861 1943 1.24288
637632586 89.1832 0.652614 2265 1.43674
637567172 86.5091 0.527896 4188 1.31716
637599940 75.6056 0.885342 2353 1.30375
637632708 34.4828 8.82632 29 1.5
637567174 70.6008 0.664969 4694 1.3912
637599942 54.4242 0.898279 3074 1.24161
637632710 13.3333 8.77707 15 1.2
637567176 58.22 1.73399 809 1.10248
637599944 68.9761 1.04409 1963 1.13935
637632712 67.2656 0.982293 2282 1.14523
637567178 69.0355 1.64704 788 1.45067
637599946 83.9027 0.836105 1932 1.25595
637632714 86.8065 0.707349 2289 1.45161
637567300 73.87 0.658825 4447 1.34883
637600068 65.1521 0.972831 2399 1.25975
637632836 17.3913 7.90342 23 1.72727
637567302 85.9686 0.531566 4269 1.55786
637600070 73.7977 0.826897 2828 1.36465
637632838 13.6364 7.3165 22 1.42857
637567304 56.2581 1.78193 775 1.12274
637600072 71.1021 1.02153 1969 1.14604
637632840 63.6096 0.986825 2377 1.11577
637567306 94.473 0.819235 778 1.50195
637600074 66.3228 1.07327 1939 1.32037
637632842 89.7355 0.64254 2231 1.34462
637567428 67.1943 0.732708 4106 1.27092
637600196 59.187 0.990934 2460 1.2313
637632964 48.9796 7.14137 49 1.45238
637567430 68.4619 0.760626 3732 1.3037
637600198 72.3012 0.877135 2603 1.31725
637632966 22.5 6.60256 40 1.71429
637567432 75.9441 1.59847 715 1.14938
637600200 82.0759 0.863063 1975 1.15678
637632968 41.4898 1.04689 2215 1.19258
637567434 59.8023 1.99006 607 1.16667
637600202 45.7454 1.26012 1563 1.21241
637632970 35.8842 1.0907 1934 1.26154
637567556 66.9858 0.736769 4074 1.21271
637600324 65.7541 1.03998 2082 1.24326
637633092 21.7391 8.60061 23 1.14286
637567558 60.1718 0.736011 4424 1.25423
637600326 45.7692 0.931594 2860 1.1784
637633094 0 0 18 1
637567560 63.7483 1.77803 731 1.11057
637600328 55.433 1.16733 1813 1.13617
637633096 58.1448 1.04938 2210 1.14438
637567562 82.3245 1.32727 826 1.2885
637600330 72.0362 1.03485 1881 1.25619
637633098 66.8582 0.989517 2263 1.27265
637567684 74.4324 0.670901 4228 1.2424
637600452 72.7353 0.933852 2274 1.28654
637633220 20 10.328 15 1
637567686 84.0552 0.602342 3694 1.44324
637600454 68.8427 0.953553 2359 1.29291
637633222 5.55556 5.39903 18 1
637567688 75.2158 1.51611 811 1.18099
637600456 79.7619 0.914069 1932 1.18653
637633224 88.8204 0.661097 2272 1.2507
637567690 64.7059 1.62298 867 1.20229
637600458 40.1217 1.15304 1807 1.12633
637633226 43.8406 1.12888 1932 1.38595
637571140 79.3427 0.769358 2769 1.26932
637603908 74.2067 1.24796 1229 1.28634
637636676 54.0541 8.19288 37 1.44444
637571142 81.9106 0.776095 2460 1.41675
637603910 83.3943 0.85038 1915 1.39407
637636678 61.2903 8.74832 31 1.69231
637571144 80.6283 1.42982 764 1.18826
637603912 82.2185 0.90273 1794 1.22639
637636680 93.6035 0.540694 2048 1.30265
637571146 86.5435 1.2395 758 1.3288
637603914 83.7126 0.903573 1670 1.34923
637636682 93.0397 0.593413 1839 1.49569
637571268 72.5389 0.891034 2509 1.2941
637604036 67.4367 1.55428 909 1.29619
637636804 35 10.6654 20 1.95
637571270 83.9367 0.749059 2403 1.53706
637604038 76.3054 0.943744 2030 1.34215
637636806 65.2174 9.93113 23 1.54167
637571272 61.5486 1.76233 762 1.14197
637604040 68.7317 1.12074 1711 1.11529
637636808 81.8491 0.917973 1763 1.15747
637571274 89.8922 1.10659 742 1.60856
637604042 86.6476 0.814256 1745 1.32591
637636810 93.8445 0.558491 1852 1.49391
637571396 79.871 0.831562 2325 1.26915
637604164 55.9337 1.46655 1146 1.19829
637636932 68 9.32952 25 1.31429
637571398 76.0697 0.830225 2641 1.53949
637604166 74.5659 0.943379 2131 1.48652
637636934 58.8235 11.9365 17 1.68421
637571400 71.1908 1.62051 781 1.19811
637604168 77.1689 1.00281 1752 1.16229
637636936 86.5949 0.753599 2044 1.20532
637571402 83.3333 1.29048 834 1.2898
637604170 81.3503 0.916297 1807 1.26265
637636938 92.8427 0.578731 1984 1.44894
637571524 87.1126 0.65137 2646 1.59893
637604292 82.8333 1.08857 1200 1.71256
637637060 60 10.9545 20 1.97059
637571526 66.68 0.94215 2503 1.26201
637604294 54.1667 1.10317 2040 1.23862
637637062 60.8696 10.1764 23 1.22581
637571528 47.962 1.84149 736 1.08824
637604296 38.4443 1.15077 1787 1.11807
637637064 55.6633 1.12212 1960 1.10662
637571530 71.34 1.59271 806 1.32147
637604298 70.8497 1.07807 1777 1.18868
637637066 80.8212 0.897575 1924 1.28778
637571652 72.4779 0.939484 2260 1.2378
637604420 74.7942 1.39268 972 1.27873
637637188 66.6667 12.1716 15 1.68182
637571654 73.3451 0.928847 2266 1.30101
637604422 54.5139 1.1979 1728 1.22316
637637190 63.6364 10.2559 22 1.31818
637571656 72.335 1.59359 788 1.17003
637604424 75.3321 1.08415 1581 1.15228
637637192 90.9515 0.693128 1713 1.22717
637571658 34.8315 1.6834 801 1.17805
637604426 74.0379 1.08361 1637 1.23683
637637194 88.6289 0.740484 1838 1.34028
637571780 65.4795 1.01594 2190 1.23043
637604548 78.8344 1.30618 978 1.27218
637637316 63.1579 11.0665 19 1.45
637571782 75.9932 0.878106 2366 1.38494
637604550 77.719 1.00897 1701 1.35533
637637318 50 10.2062 24 1.73684
637571784 62.8686 1.76896 746 1.13435
637604552 45.471 1.22363 1656 1.10984
637637320 78.6195 0.971225 1782 1.21912
637571786 74.7051 1.57373 763 1.33818
637604554 70.6652 1.08558 1759 1.15799
637637322 89.8686 0.706137 1826 1.30485
637575236 85.6731 0.566996 3818 1.47238
637608004 78.4145 0.899064 2094 1.47447
637640772 33.3333 9.6225 24 1.88235
637575238 86.9565 0.512159 4324 1.44233
637608006 82.2628 0.729742 2740 1.3948
637640774 15.7895 8.36547 19 1
637575240 69.0184 1.81097 652 1.15667
637608008 75.8961 0.97485 1925 1.15542
637640776 75.3559 0.908902 2248 1.20594
637575242 87.6623 1.18516 770 1.37202
637608010 84.3604 0.826591 1931 1.33797
637640778 89.8016 0.650099 2167 1.57364
637575364 81.7914 0.580405 4421 1.27601
637608132 70.9312 0.947233 2298 1.22634
637640900 28.5714 8.53735 28 1.5
637575366 75.3723 0.652117 4365 1.41622
637608134 67.1062 0.863852 2958 1.29765
637640902 23.8095 9.29429 21 1.45455
637575368 82.2086 1.33963 815 1.15262
637608136 82.3858 0.858271 1970 1.19635
637640904 83.7419 0.765234 2325 1.2782
637575370 94.8335 0.750014 871 1.4325
637608138 95.2404 0.47162 2038 1.27983
637640906 95.3118 0.438393 2325 1.431
637575492 82.9704 0.569077 4363 1.31259
637608260 73.3141 0.896918 2432 1.30182
637641028 41.6667 10.0635 24 1.21053
637575494 79.6063 0.640125 3962 1.45508
637608262 73.2688 0.853917 2686 1.34104
637641030 20 7.30297 30 1.77778
637575496 86.6587 1.17881 832 1.15867
637608264 85.8652 0.781349 1988 1.21454
637641032 84.1701 0.77629 2211 1.26561
637575498 87.3698 1.19869 768 1.24944
637608266 80.5174 0.910077 1894 1.26545
637641034 84.296 0.7729 2216 1.35122
637575620 74.502 0.66723 4267 1.31332
637608388 59.2793 1.04276 2220 1.19365
637641156 28.125 7.94804 32 1.13333
637575622 70.6735 0.791186 3311 1.29818
637608390 55.4036 1.06145 2193 1.30879
637641158 36.3636 10.2559 22 1.08333
637575624 58.5845 1.78324 763 1.07428
637608392 61.1579 1.11815 1900 1.1092
637641160 61.9091 1.03532 2200 1.14903
637575626 70.4797 1.59973 813 1.34491
637608394 75.6021 0.982712 1910 1.28283
637641162 81.9556 0.835796 2117 1.33037
637575748 74.3108 0.682436 4099 1.25788
637608516 73.489 0.944491 2184 1.23762
637641284 21.0526 9.35288 19 1.5
637575750 79.1885 0.612913 4387 1.4723
637608518 57.2203 0.973491 2583 1.24077
637641286 5.55556 5.39903 18 1.33333
637575752 61.7211 1.87226 674 1.11667
637608520 65.6371 1.11537 1813 1.12917
637641288 66.6359 1.0136 2164 1.14013
637575754 73.4615 1.58096 780 1.18563
637608522 66.6864 1.14552 1693 1.20229
637641290 76.451 0.925468 2102 1.25986
637575876 78.8714 0.655274 3881 1.2616
637608644 85.6597 0.766279 2092 1.32618
637641412 17.3913 7.90342 23 1.27273
637575878 86.369 0.528749 4211 1.46516
637608646 81.9512 0.744994 2665 1.37929
637641414 23.5294 10.2879 17 1.5
637575880 64.7059 1.7278 765 1.11491
637608648 70.0441 1.0749 1816 1.11243
637641416 76.7897 0.89022 2249 1.239
637575882 71.8593 1.59387 796 1.50431
637608650 81.3586 0.893673 1899 1.37061
637641418 80.4911 0.837272 2240 1.43904
637579332 74.7573 0.83944 2678 1.2934
637612100 48.0836 1.47462 1148 1.20094
637644868 42.8571 13.226 14 1.47059
637579334 60.628 0.98029 2484 1.23766
637612102 52.6147 1.15343 1874 1.26861
637644870 48.1481 9.6159 27 1.20833
637579336 67.5743 1.64676 808 1.14286
637612104 65.0677 1.13257 1772 1.11803
637644872 78.2386 0.93369 1953 1.17907
637579338 89.7983 1.04245 843 1.41215
637612106 85.0945 0.839902 1798 1.32289
637644874 92.145 0.603697 1986 1.55884
637579460 81.7677 0.768693 2523 1.35188
637612228 60.7531 1.41255 1195 1.26707
637644996 46.4286 9.42498 28 1.48276
637579462 93.3385 0.490725 2582 1.48647
637612230 92.4798 0.575342 2101 1.60419
637644998 73.3333 8.07373 30 1.8
637579464 74.0741 1.62307 729 1.13789
637612232 74.9706 1.05 1702 1.15884
637645000 84.0198 0.858672 1821 1.21438
637579466 91.7085 0.977381 796 1.44213
637612234 86.6816 0.803762 1787 1.33001
637645002 95.4969 0.471788 1932 1.6093
637579588 55.4878 1.00201 2460 1.28819
637612356 77.6605 1.23525 1137 1.31224
637645124 52.9412 12.1058 17 2
637579590 77.6564 0.808565 2654 1.38387
637612358 80.8712 0.855842 2112 1.46223
637645126 70 10.247 20 2.07692
637579592 63.4503 1.84133 684 1.13423
637612360 82.2024 0.933187 1680 1.14785
637645128 86.5308 0.761101 2012 1.20492
637579594 88.7909 1.11959 794 1.42042
637612362 75.7096 1.00191 1832 1.30093
637645130 90.4548 0.656879 2001 1.50124
637579716 72.2452 0.868389 2659 1.22644
637612484 64.1047 1.37167 1223 1.29268
637645252 66.6667 10.2869 21 1.38235
637579718 59.6967 0.979839 2506 1.30102
637612486 67.577 1.04303 2014 1.27014
637645254 64.2857 12.806 14 1.42105
637579720 60.8866 1.76208 767 1.11794
637612488 47.6331 1.2149 1690 1.11542
637645256 72.2948 1.02324 1913 1.13592
637579722 64.042 1.73841 762 1.24936
637612490 75.6894 1.01759 1777 1.23669
637645258 86.0584 0.784195 1951 1.44605
637579844 52.569 1.08913 2102 1.18009
637612612 54.6778 1.60499 962 1.21641
637645380 45.4545 15.0131 11 1.33333
637579846 85.1532 0.738676 2317 1.31437
637612614 83.324 0.88032 1793 1.43571
637645382 60 10.9545 20 1.21053
637579848 30.8605 1.77924 674 1.07348
637612616 27.02 1.12901 1547 1.08438
637645384 45.4215 1.22611 1649 1.1002
637579850 47.708 2.05805 589 1.18721
637612618 57.5168 1.2806 1490 1.10809
637645386 69.9815 1.1391 1619 1.17245
637579972 68.4932 0.961147 2336 1.26352
637612740 56.3691 1.57062 997 1.30857
637645508 73.6842 10.1023 19 1.33333
637579974 68.4901 0.899214 2669 1.4079
637612742 70.8229 1.0152 2005 1.35742
637645510 69.2308 9.05151 26 1.6
637579976 53.4853 1.82618 746 1.07106
637612744 71.7129 1.10612 1658 1.11738
637645512 87.0868 0.76215 1936 1.22831
637579978 71.4623 1.55078 848 1.22894
637612746 72.7427 1.0578 1772 1.2031
637645514 85.4298 0.807697 1908 1.3328
637583428 78.4636 0.61699 4439 1.2292
637616196 64.4565 1.01655 2217 1.29739
637648964 31.8182 9.93026 22 1.45455
637583430 65.9202 0.830135 3260 1.33629
637616198 79.2863 0.845381 2298 1.38459
637648966 19.3548 7.09583 31 2
637583432 80.8067 1.4687 719 1.15136
637616200 80.8364 0.905578 1889 1.17561
637648968 75.096 0.893042 2345 1.19911
637583434 88.874 1.1513 746 1.29579
637616202 86.4353 0.785136 1902 1.25582
637648970 92.8972 0.555277 2140 1.42985
637583556 73.1407 0.663384 4464 1.2325
637616324 73.5599 0.897787 2413 1.29673
637649092 25 8.83883 24 1.36842
637583558 68.6664 0.704584 4334 1.47775
637616326 60.5089 0.912628 2869 1.33419
637649094 25 7.65466 32 1.46154
637583560 85.7881 1.25507 774 1.30209
637616328 83.3252 0.821866 2057 1.18876
637649096 81.2092 0.814715 2299 1.17899
637583562 87.7601 1.14664 817 1.357
637616330 86.421 0.769664 1981 1.30481
637649098 93.6784 0.501249 2357 1.49335
637583684 28.545 0.686337 4330 1.14661
637616452 32.084 0.94734 2428 1.12321
637649220 31.7073 7.26733 41 1.05
637583686 74.8659 0.662362 4289 1.36114
637616454 77.5721 0.786994 2809 1.39121
637649222 26.6667 8.07373 30 1.47059
637583688 72.0833 1.67179 720 1.16023
637616456 70.6149 1.02268 1984 1.11153
637649224 70.9565 0.946578 2300 1.14514
637583690 79.8976 1.43405 781 1.23441
637616458 88.1743 0.735413 1928 1.30103
637649226 88.7391 0.659143 2300 1.44571
637583812 77.8858 0.655297 4011 1.29489
637616580 80.6395 0.82695 2283 1.34303
637649348 22.7273 8.93461 22 1.42857
637583814 44.8 0.741314 4500 1.28291
637616582 60.5236 0.913206 2865 1.28438
637649350 0 0 17 1.66667
637583816 55.6804 1.75523 801 1.09241
637616584 66.0714 1.10138 1848 1.14258
637649352 58.072 1.05976 2168 1.14355
637583818 80.8717 1.36851 826 1.16416
637616586 67.5371 1.05953 1953 1.17627
637649354 72.6559 0.930819 2293 1.36081
637583940 65.0495 0.731743 4246 1.16579
637616708 32.2581 0.963075 2356 1.23117
637649476 8 5.42586 25 1.25
637583942 79.4777 0.707881 3255 1.33254
637616710 72.5378 1.01886 1919 1.4127
637649478 35 10.6654 20 2.28571
637583944 30.112 1.71681 714 1.10828
637616712 34.8639 1.13462 1764 1.09122
637649480 39.6914 1.05787 2139 1.10133
637583946 68.1818 2.02701 528 1.23562
637616714 67.6912 1.25031 1399 1.21896
637649482 67.8549 1.16795 1599 1.26049
637584068 0 0 4485 0
637616836 0 0 2346 0
637649604 0 0 41 0
637584070 80.7421 0.604298 4258 1.42184
637616838 70.1039 0.881695 2696 1.33629
637649606 31.25 8.19382 32 1.64706
637584072 0 0 762 0
637616840 0 0 1874 0
637649608 0 0 2238 0
637584074 91.4246 1.04133 723 1.40276
637616842 89.9196 0.697151 1865 1.29349
637649610 88.6733 0.67323 2216 1.49139
637587524 69.8991 0.870908 2774 1.28427
637620292 55.6058 1.49398 1106 1.27117
637653060 70.8333 9.27805 24 1.55882
637587526 90.2673 0.605786 2394 1.54731
637620294 71.8837 1.06289 1789 1.35774
637653062 45.8333 10.1707 24 1.33333
637587528 72.8662 1.58702 785 1.23592
637620296 80.3307 0.949119 1754 1.17877
637653064 91.4938 0.635347 1928 1.23277
637587530 95.4839 0.745929 775 1.50817
637620298 93.2923 0.59143 1789 1.42605
637653066 93.7601 0.560995 1859 1.42637
637587652 78.2969 0.86142 2290 1.29361
637620420 74.2545 1.37852 1006 1.25612
637653188 66.6667 12.1716 15 1.41379
637587654 91.5004 0.536102 2706 1.53956
637620422 88.5817 0.719651 1953 1.55489
637653190 68 9.32952 25 1.70588
637587656 82.1378 1.43649 711 1.1848
637620424 73.2499 1.05604 1757 1.16658
637653192 86.2161 0.795275 1879 1.24275
637587658 91.8449 1.00067 748 1.45872
637620426 87.2886 0.804346 1715 1.33851
637653194 95.6391 0.45723 1995 1.5629
637587780 70.0386 0.900119 2590 1.36519
637620548 57.6165 1.47924 1116 1.30797
637653316 58.3333 10.0635 24 1.61364
637587782 69.2598 0.896675 2648 1.38132
637620550 74.5665 0.955788 2076 1.25488
637653318 58.3333 8.21678 36 1.5641
637587784 62.4317 1.79002 732 1.1558
637620552 68.7991 1.09754 1782 1.13779
637653320 83.2679 0.826822 2038 1.176
637587786 79.8582 1.51048 705 1.25387
637620554 79.7798 0.96676 1726 1.2573
637653322 86.4712 0.775742 1944 1.32603
637587908 76.3787 0.91056 2176 1.31224
637620676 76.2774 1.48369 822 1.2743
637653444 60 15.4919 10 1.5
637587910 75.6247 0.898967 2281 1.35225
637620678 36.7746 1.13907 1792 1.24412
637653446 35.2941 11.5904 17 1.23077
637587912 46.8886 1.8984 691 1.0643
637620680 51.864 1.2778 1529 1.12869
637653448 77.0108 1.05888 1579 1.16129
637587914 37.409 1.84614 687 1.16792
637620682 75.1445 1.03905 1730 1.15141
637653450 83.9687 0.838415 1915 1.28606
637588036 0 0 0 0
637620804 0 0 0 0
637653572 0 0 0 0
637588038 43.4526 1.01714 2375 1.26087
637620806 50.7946 1.23601 1636 1.28074
637653574 47.0588 12.1058 17 1.4
637588040 0 0 0 0
637620808 0 0 0 0
637653576 0 0 0 0
637588042 70.2945 1.63513 781 1.24773
637620810 57.1606 1.23212 1613 1.17836
637653578 81.8768 0.932901 1705 1.22562
637588164 76.9442 0.834735 2546 1.39428
637620932 80.614 1.17084 1140 1.47863
637653700 57.5758 8.6034 33 1.36364
637588166 76.2505 0.81912 2699 1.38098
637620934 78.6843 0.924815 1961 1.375
637653702 80 7.30297 30 1.4898
637588168 46.7266 1.78759 779 1.09031
637620936 54.4505 1.16737 1820 1.10489
637653704 62.6368 1.10433 1919 1.12673
637588170 58.6165 1.71577 824 1.19548
637620938 71.1712 1.07484 1776 1.26639
637653706 79.9139 0.876157 2091 1.35945
637567076 93.9545 0.508115 2200 1.52959
637599844 68.932 3.22428 206 1.53814
637632612 28.5714 9.85808 21 2.14286
637567078 95.2756 0.327722 4191 1.62146
637599846 68.6567 2.31367 402 1.66521
637632614 26.4706 7.56611 34 1.86957
637567080 90.5109 1.25191 548 1.37823
637599848 90.3922 0.753412 1530 1.29598
637632616 95.7239 0.500047 1637 1.45311
637567082 88.2966 1.09426 863 1.30891
637599850 92.6364 0.556834 2200 1.27656
637632618 95.6806 0.387314 2755 1.56048
637567204 95.193 0.342053 3911 1.6673
637599972 68.8581 2.72396 289 1.74919
637632740 22.7273 8.93461 22 2.16667
637567206 93.6892 0.365701 4421 1.3952
637599974 64.2012 2.60764 338 1.4006
637632742 45 11.1243 20 1.38462
637567208 94.3834 0.804531 819 1.4692
637599976 97.0036 0.360545 2236 1.43477
637632744 97.3377 0.307422 2742 1.6188
637567210 92.928 0.902975 806 1.45262
637599978 95.8005 0.419511 2286 1.51198
637632746 94.464 0.429415 2836 1.59045
637567332 95.5146 0.333279 3857 1.47323
637600100 61.5385 2.87676 286 1.77509
637632868 46.6667 12.8812 15 1.92857
637567334 95.9261 0.304239 4222 1.78028
637600102 69.3452 2.51529 336 1.74933
637632870 54.5455 15.0131 11 1.71429
637567336 86 1.19016 850 1.20937
637600104 93.6236 0.512373 2274 1.28837
637632872 94.8135 0.417958 2815 1.35932
637567338 93.9773 0.801986 880 1.39098
637600106 95.0281 0.470752 2132 1.42344
637632874 92.7685 0.487655 2821 1.35371
637567460 93.1937 0.40749 3820 1.42635
637600228 64.2076 2.50581 366 1.40616
637632996 44.186 7.57321 43 1.77778
637567462 94.9885 0.34888 3911 1.49487
637600230 61.0465 2.6292 344 1.3494
637632998 50 9.12871 30 1.81818
637567464 93.4152 0.828565 896 1.32498
637600232 91.8546 0.586783 2173 1.43658
637633000 93.6029 0.469192 2720 1.34718
637567466 93.0175 0.899916 802 1.365
637600234 95.8026 0.430675 2168 1.40122
637633002 91.8909 0.531378 2639 1.42989
637567588 97.0762 0.282481 3557 1.73647
637600356 72.6496 2.91401 234 1.97455
637633124 42.8571 13.226 14 2.11111
637567590 93.9621 0.364379 4273 1.6417
637600358 73.8854 2.47889 314 1.82586
637633126 47.0588 12.1058 17 2
637567592 89.612 1.07938 799 1.17907
637600360 94.8916 0.483335 2075 1.42483
637633128 95.1698 0.416494 2650 1.41376
637567594 84.0909 1.26501 836 1.28377
637600362 89.6722 0.644871 2227 1.28753
637633130 92.9893 0.481663 2810 1.37737
637567716 95.58 0.336409 3733 1.51429
637600484 75.5639 2.63471 266 1.50903
637633252 30.7692 12.8008 13 2
637567718 95.469 0.353328 3465 1.70925
637600486 67.3913 2.82172 276 1.9322
637633254 60 15.4919 10 2.25
637567720 91.7189 0.97621 797 1.28544
637600488 92.7608 0.549491 2224 1.42188
637633256 95.6522 0.391452 2714 1.47665
637567722 85.1706 1.28745 762 1.28917
637600490 95.8355 0.455807 1921 1.42251
637633258 93.3473 0.509743 2390 1.47786
637571172 93.8923 0.544815 1932 1.40039
637603940 78.1609 2.55736 261 1.64686
637636708 23.5294 10.2879 17 2.1
637571174 93.7234 0.456732 2820 1.55415
637603942 73.3788 2.58205 293 1.63025
637636710 39.2857 9.22962 28 1.8125
637571176 93.2181 0.91689 752 1.24805
637603944 98.2398 0.308408 1818 1.36089
637636712 98.0684 0.323326 1812 1.51472
637571178 59.0085 1.71022 827 1.31939
637603946 91.6241 0.626057 1958 1.32532
637636714 91.641 0.580527 2273 1.36728
637571300 94.3995 0.597277 1482 1.50092
637604068 68.5714 3.92347 140 1.59669
637636836 50 17.6777 8 1.84615
637571302 95.2572 0.405987 2741 1.58038
637604070 72.1683 2.54955 309 1.71468
637636838 58.3333 14.2319 12 2.54545
637571304 97.4705 0.644804 593 1.48469
637604072 98.3287 0.338292 1436 1.5192
637636840 98.4116 0.328563 1448 1.74299
637571306 93.5227 0.829685 880 1.32382
637604074 94.9948 0.495316 1938 1.49881
637636842 94.9418 0.492858 1977 1.47643
637571428 95.0915 0.456379 2241 1.44193
637604196 81.3433 2.37964 268 1.49842
637636964 78.5714 10.9664 14 2.24
637571430 95.2445 0.38947 2986 1.79098
637604198 75.4902 2.45898 306 1.729
637636966 66.6667 13.6083 12 2.2381
637571432 94.6286 0.76217 875 1.27193
637604200 96.8184 0.3883 2043 1.36951
637636968 97.472 0.346105 2057 1.42972
637571434 95.6109 0.705549 843 1.28605
637604202 87.8013 0.718625 2074 1.24132
637636970 96.9749 0.356054 2314 1.34786
637571556 93.4764 0.506606 2376 1.49484
637604324 78 2.39165 300 1.58239
637637092 50 11.1803 20 2
637571558 87.4645 0.62398 2816 1.27108
637604326 79.661 2.34356 295 1.56122
637637094 68.1818 9.93026 22 2.02857
637571560 91.7411 0.91958 896 1.30324
637604328 97.0547 0.365568 2139 1.38445
637637096 97.5387 0.330787 2194 1.41585
637571562 95.0688 0.733224 872 1.28537
637604330 94.2773 0.515916 2027 1.26823
637637098 93.9835 0.523792 2061 1.38975
637571684 96.5812 0.433755 1755 1.4839
637604452 73.913 3.46066 161 1.68254
637637220 87.5 11.6927 8 2.42105
637571686 95.9551 0.394254 2497 1.46827
637604454 79.646 2.67826 226 1.63312
637637222 86.6667 8.77707 15 2.21429
637571688 89.7606 1.10553 752 1.31277
637604456 97.9639 0.340636 1719 1.46518
637637224 97.3461 0.381935 1771 1.61513
637571690 96.3012 0.685961 757 1.33029
637604458 96.5061 0.422491 1889 1.33946
637637226 97.0664 0.382824 1943 1.46522
637571812 94.0476 0.550387 1848 1.382
637604580 72.8324 3.38193 173 1.60577
637637348 73.6842 10.1023 19 2.08696
637571814 96.695 0.377802 2239 1.51732
637604582 75.3488 2.93926 215 1.72996
637637350 82.3529 9.24594 17 1.88889
637571816 96.1881 0.682569 787 1.32699
637604584 96.8271 0.409955 1828 1.28475
637637352 97.3092 0.379197 1821 1.40062
637571818 96.7347 0.655555 735 1.35645
637604586 95.8004 0.494847 1643 1.34848
637637354 98.0952 0.333495 1680 1.56312
637575268 93.8554 0.40598 3499 1.42212
637608036 74.9245 2.38245 331 1.42816
637640804 31.8182 9.93026 22 2
637575270 95.3565 0.323883 4221 1.48254
637608038 64.8318 2.64056 327 1.49107
637640806 23.5294 10.2879 17 1.83333
637575272 94.1309 0.789649 886 1.31798
637608040 95.8879 0.429249 2140 1.38236
637640808 96.7313 0.346666 2631 1.54476
637575274 93.1792 0.857175 865 1.33391
637608042 93.2994 0.537485 2164 1.36732
637640810 96.0799 0.376787 2653 1.48253
637575396 93.5646 0.399325 3776 1.576
637608164 69.0751 2.48472 346 1.62299
637640932 39.2857 9.22962 28 1.86957
637575398 96.2823 0.29114 4223 1.65198
637608166 66.6667 2.43432 375 1.7852
637640934 27.2727 9.49515 22 2.5
637575400 94.0707 0.797497 877 1.33695
637608168 97.3979 0.337193 2229 1.5194
637640936 96.3501 0.361905 2685 1.50412
637575402 86.5757 1.14987 879 1.23944
637608170 91.2399 0.599218 2226 1.28847
637640938 91.8092 0.52321 2747 1.4579
637575524 95.705 0.326116 3865 1.57084
637608292 65.5488 2.6239 328 1.57827
637641060 31.25 11.5878 16 1.42857
637575526 96.0374 0.309924 3962 1.59146
637608294 63.5593 2.55789 354 1.5914
637641062 27.7778 10.5572 18 1.875
637575528 88.5336 1.05795 907 1.23557
637608296 94.7768 0.48483 2106 1.24449
637641064 92.0997 0.505453 2848 1.30102
637575530 92.3719 0.916427 839 1.38776
637608298 93.62 0.525493 2163 1.28344
637641066 94.6195 0.442331 2602 1.30316
637575652 92.3246 0.44074 3648 1.43604
637608420 70.318 2.71573 283 1.46429
637641188 40 9.79796 25 1.625
637575654 90.7522 0.508637 3244 1.31068
637608422 65.9631 2.43392 379 1.58987
637641190 26.3158 10.1023 19 2.11111
637575656 94.1383 0.804302 853 1.38841
637608424 95.6259 0.441179 2149 1.34294
637641192 94.7769 0.423736 2757 1.39876
637575658 79.6296 1.41512 810 1.30628
637608426 89.1729 0.669811 2152 1.28127
637641194 84.2105 0.773388 2223 1.33506
637575780 96.3621 0.316888 3491 1.64914
637608548 71.9828 2.94838 232 1.76378
637641316 50 14.4338 12 2.22222
637575782 95.775 0.31806 4000 1.74141
637608550 65.6716 2.90033 268 1.58131
637641318 41.6667 14.2319 12 1.4
637575784 92.9319 0.927227 764 1.42172
637608552 95.8631 0.434256 2103 1.43289
637641320 96.365 0.360456 2696 1.78486
637575786 90 1.08821 760 1.29359
637608554 93.8716 0.528968 2056 1.3274
637641322 93.8761 0.447247 2874 1.42251
637575908 96.5378 0.310535 3466 1.69257
637608676 69.962 2.82676 263 1.89667
637641444 40 12.6491 15 2.4
637575910 96.2203 0.301721 3995 1.66533
637608678 69.7872 2.99536 235 1.65372
637641446 40 12.6491 15 2.7
637575912 94.171 0.843233 772 1.39122
637608680 96.2946 0.401538 2213 1.39074
637641448 95.7834 0.40861 2419 1.59044
637575914 92.0768 0.935841 833 1.51434
637608682 96.2998 0.41114 2108 1.54437
637641450 95.472 0.407291 2606 1.445
637579364 95.654 0.418815 2370 1.56233
637612132 74.7126 2.69047 261 1.64746
637644900 57.1429 10.799 21 1.86667
637579366 96.4733 0.359199 2637 1.5573
637612134 77.9851 2.53103 268 1.79683
637644902 40 9.79796 25 1.75
637579368 86.3844 1.16006 874 1.18927
637612136 93.8296 0.532475 2042 1.27948
637644904 96.7617 0.38916 2069 1.35831
637579370 96.3384 0.66738 792 1.4983
637612138 93.9815 0.539409 1944 1.37118
637644906 97.4045 0.351862 2042 1.52836
637579492 96.7093 0.381376 2188 1.70679
637612260 82.8179 2.21133 291 1.85867
637645028 55.5556 11.7121 18 2.16667
637579494 97.6536 0.28119 2898 1.84739
637612262 80.4196 2.34644 286 1.72973
637645030 78.9474 9.35288 19 2
637579496 95.7369 0.705067 821 1.29402
637612264 97.4439 0.360457 1917 1.32491
637645032 97.3399 0.357146 2030 1.42676
637579498 94.8529 0.773499 816 1.32899
637612266 97.4385 0.357578 1952 1.38421
637645034 97.5297 0.338312 2105 1.5283
637579620 96.2995 0.391584 2324 1.41696
637612388 77.2532 2.74625 233 1.55439
637645156 57.1429 10.799 21 1.75
637579622 96.1195 0.357893 2912 1.74942
637612390 81.6327 2.2583 294 1.62299
637645158 89.4737 7.04059 19 2
637579624 93.7349 0.841152 830 1.20163
637612392 86.1677 0.751407 2111 1.31678
637645160 95.4233 0.44707 2185 1.34802
637579626 96.1081 0.635901 925 1.41022
637612394 95.9851 0.424162 2142 1.37833
637645162 97.5677 0.330015 2179 1.6027
637579748 93.3474 0.511347 2375 1.47245
637612516 79.1822 2.47546 269 1.70347
637645284 59.0909 10.4824 22 2.31034
637579750 0 0 2797 0
637612518 0 0 267 0
637645286 0 0 13 0
637579752 95.4768 0.726602 818 1.35173
637612520 96.2366 0.420736 2046 1.27122
637645288 95.8392 0.431773 2139 1.44396
637579754 28.4382 1.5401 858 1.20909
637612522 94.4501 0.514273 1982 1.35116
637645290 96.3066 0.405242 2166 1.42234
637579876 95.6522 0.448227 2070 1.65366
637612644 76.8868 2.89526 212 1.66406
637645412 61.5385 13.4932 13 2.21053
637579878 97.0218 0.348143 2384 1.51678
637612646 73.029 2.85882 241 1.61255
637645414 64.2857 12.806 14 2.85
637579880 96.319 0.659567 815 1.38501
637612648 98.3032 0.307158 1768 1.42999
637645416 98.7634 0.256241 1860 1.5328
637579882 95.6853 0.723829 788 1.41198
637612650 96.6055 0.427186 1797 1.33658
637645418 97.6876 0.340708 1946 1.4427
637580004 92.967 0.599374 1820 1.53646
637612772 80.3493 2.6258 229 1.77821
637645540 68.75 11.5878 16 2.03571
637580006 97.0959 0.314107 2858 1.82624
637612774 80.3636 2.39549 275 1.89096
637645542 68.75 11.5878 16 2.60714
637580008 95.765 0.744343 732 1.44608
637612776 97.5943 0.358282 1829 1.89676
637645544 97.6932 0.360507 1734 1.69587
637580010 96.6746 0.617907 842 1.55687
637612778 98.4638 0.273778 2018 1.55912
637645546 97.5153 0.324998 2294 1.71103
637583460 92.8361 0.421637 3741 1.53556
637616228 67.3913 2.82172 276 1.43165
637648996 25 10.8253 16 1.72727
637583462 90.4733 0.51301 3275 1.42028
637616230 62.3729 2.82057 295 1.41297
637648998 4.16667 4.07894 24 1.4
637583464 87.9808 1.12738 832 1.1953
637616232 95.8333 0.425259 2208 1.37376
637649000 94.4243 0.436595 2762 1.35368
637583466 88.1707 1.12781 820 1.38333
637616234 95.2604 0.460292 2131 1.40398
637649002 94.3126 0.490115 2233 1.38198
637583588 94.6009 0.363243 3871 1.56099
637616356 67.1598 2.55446 338 1.67544
637649124 42.8571 9.3522 28 2.22222
637583590 94.8614 0.341328 4184 1.54033
637616358 60.2941 2.42234 408 1.45503
637649126 50 10.66 22 2
637583592 90.6213 0.998185 853 1.29041
637616360 94.7393 0.477489 2186 1.31018
637649128 95.9613 0.365757 2897 1.36264
637583594 93.1871 0.856221 866 1.36684
637616362 95.1961 0.44894 2269 1.32421
637649130 94.0942 0.44871 2760 1.39325
637583716 93.6094 0.391049 3912 1.41009
637616484 68.4685 2.54622 333 1.61671
637649252 48.1481 9.6159 27 1.92
637583718 94.7944 0.342484 4207 1.47472
637616486 69.3069 2.29466 404 1.3318
637649254 36.3636 14.5041 11 1.30769
637583720 94.4201 0.759226 914 1.32526
637616488 95.9286 0.422687 2186 1.31494
637649256 95.0984 0.401127 2897 1.33754
637583722 52.3474 1.71108 852 1.29043
637616490 45.4461 1.0761 2141 1.34315
637649258 53.8818 0.940716 2808 1.31212
637583844 96.4402 0.305434 3680 1.7232
637616612 74.6154 2.69906 260 1.70819
637649380 9.09091 8.66784 11 1.66667
637583846 94.6441 0.347364 4201 1.44471
637616614 66.9591 2.54342 342 1.45225
637649382 25 9.68246 20 1.75
637583848 92.1241 0.930496 838 1.34954
637616616 91.8267 0.607895 2031 1.311
637649384 94.6984 0.439174 2603 1.43682
637583850 84.5878 1.24803 837 1.26221
637616618 96.0201 0.41811 2186 1.34098
637649386 95.6338 0.383441 2840 1.51731
637583972 95.5906 0.338708 3674 1.58093
637616740 75.2381 2.97853 210 1.81166
637649508 20 10.328 15 2
637583974 96.4397 0.311482 3539 1.78579
637616742 65.8436 3.04221 243 1.98519
637649510 35.7143 12.806 14 2.44444
637583976 91.2088 1.04949 728 1.316
637616744 96.3105 0.412629 2087 1.38649
637649512 94.1506 0.439201 2855 1.51693
637583978 87.7347 1.16052 799 1.44824
637616746 96.9943 0.372951 2096 1.47078
637649514 96.1524 0.377289 2599 1.56252
637584100 89.2782 0.502162 3796 1.34931
637616868 70.1657 2.40473 362 1.37368
637649636 34.7826 9.93113 23 2.05263
637584102 95.7837 0.316483 4032 1.51499
637616870 70.7572 2.32432 383 1.78182
637649638 33.3333 10.2869 21 2.08333
637584104 92.1795 0.961363 780 1.22781
637616872 94.6237 0.487683 2139 1.2916
637649640 94.7143 0.422844 2800 1.4954
637584106 83.9372 1.27606 828 1.35736
637616874 88.6863 0.684897 2139 1.18974
637649642 89.8629 0.573258 2772 1.27385
637587556 96.6155 0.415836 1891 1.52872
637620324 70.8995 3.30401 189 1.66364
637653092 55 11.1243 20 2.19048
637587558 94.347 0.455996 2565 1.40847
637620326 78.3898 2.67919 236 1.50165
637653094 66.6667 13.6083 12 1.45833
637587560 95.3548 0.755999 775 1.27314
637620328 95.2954 0.495232 1828 1.36532
637653096 96.6988 0.402644 1969 1.41661
637587562 98.3796 0.429539 864 1.586
637620330 97.1 0.375226 2000 1.46791
637653098 97.8495 0.320701 2046 1.58232
637587684 96.2771 0.410988 2122 1.62862
637620452 75.3247 2.83657 231 1.65517
637653220 66.6667 11.1111 18 1.90323
637587686 96.7313 0.346666 2631 1.56937
637620454 79.6491 2.38484 285 1.64075
637653222 65 10.6654 20 2.10714
637587688 95.2955 0.735384 829 1.26185
637620456 97.0904 0.379744 1959 1.31782
637653224 97.8582 0.326923 1961 1.35514
637587690 95.1397 0.749568 823 1.2921
637620458 97.3131 0.357396 2047 1.31573
637653226 97.5825 0.331167 2151 1.39042
637587812 93.8412 0.51348 2192 1.49301
637620580 78.7234 2.25634 329 1.53222
637653348 58.3333 10.0635 24 1.81818
637587814 95.079 0.414521 2723 1.38142
637620582 76.1773 2.2421 361 1.59307
637653350 64 9.6 25 1.76316
637587816 95.4162 0.726354 829 1.30198
637620584 91.7867 0.601738 2082 1.31619
637653352 97.3035 0.346292 2188 1.41236
637587818 96.6785 0.617186 843 1.48567
637620586 96.3951 0.414251 2025 1.35104
637653354 97.437 0.335093 2224 1.49284
637587940 96.01 0.437108 2005 1.58675
637620708 81.6239 2.53179 234 1.57475
637653476 78.9474 9.35288 19 1.9375
637587942 0 0 2489 0
637620710 0 0 213 0
637653478 0 0 16 0
637587944 96.129 0.692925 775 1.29266
637620712 95.4017 0.470818 1979 1.38849
637653480 98.5028 0.275927 1937 1.55187
637587946 92.5061 0.922839 814 1.27856
637620714 97.2336 0.371215 1952 1.37715
637653482 97.9094 0.319196 2009 1.50211
637588068 96.3508 0.437615 1836 1.55382
637620836 75.2577 3.09809 194 1.56195
637653604 50 13.3631 14 1.9
637588070 92.9391 0.538145 2266 1.47892
637620838 74.0541 3.22273 185 1.79828
637653606 73.6842 10.1023 19 2.34783
637588072 79.1495 1.50459 729 1.1435
637620840 94.5474 0.52241 1889 1.21702
637653608 97.5646 0.34365 2012 1.33211
637588074 94.9416 0.789235 771 1.53364
637620842 94.8144 0.518052 1832 1.27375
637653610 96.2236 0.427752 1986 1.37942
637588196 91.3103 0.600826 2198 1.4
637620964 80.2857 2.12655 350 1.49364
637653732 53.5714 9.42498 28 2
637588198 96.6592 0.346215 2694 1.51955
637620966 76.324 2.37264 321 1.46585
637653734 51.4286 8.44809 35 1.65854
637588200 94.8749 0.761286 839 1.2863
637620968 93.2338 0.542561 2143 1.33672
637653736 98.0178 0.310285 2018 1.49937
637588202 91.3835 0.977543 824 1.25784
637620970 94.7677 0.492412 2045 1.27286
637653738 97.3198 0.347182 2164 1.38302
